                             derived_race derived_sex      derived_ethnicity  total_apps  avg_loan_amount  std_loan_amount  Q1_loan_amount  Q3_loan_amount  avg_loan_to_value_ratio  std_loan_to_value_ratio  Q1_loan_to_value_ratio  Q3_loan_to_value_ratio  avg_debt_to_income_ratio  std_debt_to_income_ratio  Q1_debt_to_income_ratio  Q3_debt_to_income_ratio  avg_property_value  std_property_value  Q1_property_value  Q3_property_value  avg_income  std_income  Q1_income  Q3_income  accepted  denied  iqr_loan_amount  iqr_property_value  iqr_income  acceptance_rate  acceptance_rate_pct
                 2 or more minority races      Female     Hispanic or Latino           1    435000.000000              NaN        435000.0        435000.0                64.354000                      NaN                64.35400                64.35400                 42.000000                       NaN                    42.00                    42.00       665000.000000                 NaN           665000.0           665000.0  143.000000         NaN     143.00     143.00         1       0              0.0                 0.0        0.00         1.000000           100.000000
                 2 or more minority races      Female Not Hispanic or Latino           2    340000.000000     77781.745931        312500.0        367500.0                63.454000                 0.797616                63.17200                63.73600                 49.000000                       NaN                      NaN                      NaN       535000.000000       113137.084990           495000.0           575000.0  106.500000   47.376154      89.75     123.25         2       0          55000.0             80000.0       33.50         1.000000           100.000000
                 2 or more minority races        Male     Hispanic or Latino           1    425000.000000              NaN        425000.0        425000.0                80.000000                      NaN                80.00000                80.00000                       NaN                       NaN                      NaN                      NaN       535000.000000                 NaN           535000.0           535000.0  124.000000         NaN     124.00     124.00         1       0              0.0                 0.0        0.00         1.000000           100.000000
                 2 or more minority races        Male Not Hispanic or Latino           4    515000.000000    367786.169760        387500.0        642500.0                81.712500                12.307069                76.75000                86.38750                 42.000000                  2.000000                      NaN                      NaN       650000.000000       476410.187409           405000.0           905000.0  162.500000  133.257895     104.25     185.75         4       0         255000.0            500000.0       81.50         1.000000           100.000000
         American Indian or Alaska Native      Female     Hispanic or Latino           5    377000.000000    213002.347405        265000.0        565000.0                78.759800                17.527136                70.00000                95.00000                 45.000000                  3.605551                      NaN                      NaN       487000.000000       261476.576389           295000.0           665000.0  121.400000   48.443782      76.00     158.00         5       0         300000.0            370000.0       82.00         1.000000           100.000000
         American Indian or Alaska Native      Female Not Hispanic or Latino           6    465000.000000    286914.621447        325000.0        580000.0                82.486500                16.188171                80.00000                93.75000                 41.000000                  4.732864                    37.00                    44.75       578333.333333       349723.700465           370000.0           665000.0  140.000000   86.062768      91.00     194.00         6       0         255000.0            295000.0      103.00         1.000000           100.000000
         American Indian or Alaska Native        Male     Hispanic or Latino           9    468333.333333    201494.416796        355000.0        575000.0                73.766444                24.147426                70.00000                90.00000                 42.285714                  5.618846                      NaN                      NaN       637222.222222       218046.885886           485000.0           755000.0  138.888889   57.754750      85.00     164.00         7       2         220000.0            270000.0       79.00         0.777778            77.777778
         American Indian or Alaska Native        Male Not Hispanic or Latino           4    527500.000000    189450.961113        382500.0        655000.0                81.794750                 8.349974                74.98500                86.92925                 41.000000                       NaN                      NaN                      NaN       665000.000000       296085.573216           420000.0           875000.0  255.500000  189.902607     156.75     264.75         3       1         272500.0            455000.0      108.00         0.750000            75.000000
                                    Asian      Female     Hispanic or Latino           7    427857.142857    233646.048951        255000.0        535000.0                75.729857                21.513751                74.13600                87.50000                 46.800000                  0.836660                      NaN                      NaN       565000.000000       208006.410158           485000.0           665000.0  107.857143   47.456747      71.50     129.00         7       0         280000.0            180000.0       57.50         1.000000           100.000000
                                    Asian      Female Not Hispanic or Latino         205    567682.926829    206062.816311        415000.0        705000.0                71.071394                17.537031                60.00000                80.00000                 44.021429                  4.236647                      NaN                      NaN       850365.853659       352646.142428           585000.0          1055000.0  182.278049  102.411587     118.00     216.00       195      10         290000.0            470000.0       98.00         0.951220            95.121951
                                    Asian        Male     Hispanic or Latino           8    506250.000000    268244.957348        370000.0        597500.0                76.782500                26.696520                77.50000                91.25000                 44.166667                  5.154286                      NaN                      NaN       676250.000000       274405.200909           530000.0           700000.0  179.625000   65.143660     124.75     221.25         7       1         227500.0            170000.0       96.50         0.875000            87.500000
                                    Asian        Male Not Hispanic or Latino         377    633567.639257    242655.009271        475000.0        765000.0                73.092926                18.034969                65.00000                83.00000                 43.859259                  4.079440                      NaN                      NaN       926856.763926       443147.891676           655000.0          1125000.0  202.594164  123.526430     135.00     242.00       347      30         290000.0            470000.0      107.00         0.920424            92.042440
                Black or African American      Female     Hispanic or Latino           6    618333.333333    248890.873008        450000.0        800000.0                93.166667                 9.086620                95.00000                97.00000                 41.750000                  2.061553                      NaN                      NaN       710000.000000       330741.590974           492500.0           847500.0  196.166667  108.313280     132.25     225.25         5       1         350000.0            355000.0       93.00         0.833333            83.333333
                Black or African American      Female Not Hispanic or Latino          44    527954.545455    244146.158526        335000.0        692500.0                84.097091                15.611077                79.03925                95.00000                 45.875000                  3.517239                      NaN                      NaN       660227.272727       303111.681286           455000.0           807500.0  154.431818   82.414832      87.75     189.50        37       7         357500.0            352500.0      101.75         0.840909            84.090909
                Black or African American        Male     Hispanic or Latino           2    575000.000000    226274.169980        495000.0        655000.0                85.000000                 7.071068                82.50000                87.50000                 47.000000                       NaN                      NaN                      NaN       670000.000000       219203.102168           592500.0           747500.0  133.000000  115.965512      92.00     174.00         1       1         160000.0            155000.0       82.00         0.500000            50.000000
                Black or African American        Male Not Hispanic or Latino          36    511666.666667    238615.051615        315000.0        727500.0                84.964222                12.935780                80.00000                94.84275                 44.538462                  4.356428                      NaN                      NaN       661388.888889       403138.776373           385000.0           790000.0  161.555556   96.097702     103.50     206.00        32       4         412500.0            405000.0      102.50         0.888889            88.888889
Native Hawaiian or Other Pacific Islander      Female     Hispanic or Latino           1    275000.000000              NaN        275000.0        275000.0                80.000000                      NaN                80.00000                80.00000                 47.000000                       NaN                    47.00                    47.00       345000.000000                 NaN           345000.0           345000.0   65.000000         NaN      65.00      65.00         1       0              0.0                 0.0        0.00         1.000000           100.000000
Native Hawaiian or Other Pacific Islander      Female Not Hispanic or Latino           4    505000.000000    148996.644258        415000.0        610000.0                84.681250                16.352566                75.93125                96.25000                 43.500000                  4.654747                    39.75                    47.25       600000.000000       130256.157884           502500.0           697500.0  133.000000   53.709093      93.25     159.75         3       1         195000.0            195000.0       66.50         0.750000            75.000000
Native Hawaiian or Other Pacific Islander        Male Not Hispanic or Latino           1    445000.000000              NaN        445000.0        445000.0                90.000000                      NaN                90.00000                90.00000                 36.000000                       NaN                    36.00                    36.00       485000.000000                 NaN           485000.0           485000.0  117.000000         NaN     117.00     117.00         1       0              0.0                 0.0        0.00         1.000000           100.000000
                                    White      Female     Hispanic or Latino         195    427871.794872    185247.004162        305000.0        520000.0                81.303774                17.921973                75.00000                95.00000                 44.459459                  3.837478                      NaN                      NaN       561615.384615       292558.621792           385000.0           655000.0  137.297436  118.247834      78.00     160.50       176      19         215000.0            270000.0       82.50         0.902564            90.256410
                                    White      Female Not Hispanic or Latino         347    460187.319885    233340.053177        285000.0        605000.0                70.938697                22.148598                56.53100                89.99000                 44.151394                  4.123225                      NaN                      NaN       705259.365994       400311.571779           475000.0           865000.0  159.198847  112.483875      97.50     192.50       331      16         320000.0            390000.0       95.00         0.953890            95.389049
                                    White        Male     Hispanic or Latino         311    471913.183280    215613.428392        320000.0        615000.0                80.526977                16.575776                74.03700                95.00000                 44.046809                  3.942148                      NaN                      NaN       603360.128617       273187.066156           405000.0           745000.0  163.421222  227.341890      90.50     182.00       290      21         295000.0            340000.0       91.50         0.932476            93.247588
                                    White        Male Not Hispanic or Latino         424    559150.943396    248384.350700        362500.0        727500.0                75.107450                18.335162                67.94925                89.99900                 43.667763                  4.016239                      NaN                      NaN       790896.226415       399820.466311           525000.0           987500.0  236.910377  626.702814     113.00     246.00       398      26         365000.0            462500.0      133.00         0.938679            93.867925