                             derived_race derived_sex      derived_ethnicity  total_apps  avg_loan_amount  std_loan_amount  Q1_loan_amount  Q3_loan_amount  avg_loan_to_value_ratio  std_loan_to_value_ratio  Q1_loan_to_value_ratio  Q3_loan_to_value_ratio  avg_debt_to_income_ratio  std_debt_to_income_ratio  Q1_debt_to_income_ratio  Q3_debt_to_income_ratio  avg_property_value  std_property_value  Q1_property_value  Q3_property_value  avg_income  std_income  Q1_income  Q3_income  accepted  denied  iqr_loan_amount  iqr_property_value  iqr_income  acceptance_rate  acceptance_rate_pct
                 2 or more minority races      Female Not Hispanic or Latino           4     6.025000e+05    239635.139326        582500.0        725000.0                75.188000                35.396385                69.43800                95.75000                 45.500000                  5.066228                    44.75                    48.25        8.675000e+05       168399.326998           742500.0           945000.0  147.500000   55.560778     136.75     175.25         4       0         142500.0            202500.0       38.50         1.000000           100.000000
                 2 or more minority races        Male     Hispanic or Latino           3     6.083333e+05    140475.383371        535000.0        675000.0                88.025667                 7.246023                84.99500                92.03850                 42.000000                  1.732051                    41.00                    42.50        6.916667e+05       147422.295917           635000.0           775000.0  184.333333   71.863296     146.50     218.00         3       0         140000.0            140000.0       71.50         1.000000           100.000000
                 2 or more minority races        Male Not Hispanic or Latino           1     1.105000e+06              NaN       1105000.0       1105000.0                80.000000                      NaN                80.00000                80.00000                 39.000000                       NaN                    39.00                    39.00        1.375000e+06                 NaN          1375000.0          1375000.0  326.000000         NaN     326.00     326.00         1       0              0.0                 0.0        0.00         1.000000           100.000000
         American Indian or Alaska Native      Female     Hispanic or Latino           4     5.600000e+05    361524.549651        342500.0        622500.0                82.354750                21.983624                71.93025                97.00000                 46.500000                  2.645751                    45.25                    48.25        7.000000e+05       320468.407179           547500.0           772500.0  141.750000   97.814024      86.50     155.75         4       0         280000.0            225000.0       69.25         1.000000           100.000000
         American Indian or Alaska Native      Female Not Hispanic or Latino           4     4.275000e+05    144077.525428        372500.0        490000.0                66.426750                12.223862                60.70025                75.36000                 47.000000                  2.000000                      NaN                      NaN        6.550000e+05       236502.290334           510000.0           815000.0  221.750000  215.598972     117.50     246.75         4       0         117500.0            305000.0      129.25         1.000000           100.000000
         American Indian or Alaska Native        Male     Hispanic or Latino           5     5.470000e+05    267525.699700        435000.0        775000.0                82.996000                 4.235573                80.00000                86.00000                 39.666667                  2.516611                      NaN                      NaN        6.650000e+05       321947.200640           545000.0           975000.0  194.000000  142.156604      99.00     216.00         4       1         340000.0            430000.0      117.00         0.800000            80.000000
         American Indian or Alaska Native        Male Not Hispanic or Latino           7     6.078571e+05    222239.681854        515000.0        715000.0                79.676714                20.558708                76.11000                93.05300                 40.666667                  3.214550                      NaN                      NaN        8.107143e+05       356737.865613           565000.0          1040000.0  201.285714  104.434532     153.50     213.00         7       0         200000.0            475000.0       59.50         1.000000           100.000000
                                    Asian      Female     Hispanic or Latino           6     5.166667e+05    303671.972145        357500.0        582500.0                86.500000                 9.137833                80.00000                94.75000                 45.600000                  4.277850                      NaN                      NaN        6.183333e+05       420935.466154           447500.0           617500.0  121.833333   82.717390      69.25     129.00         6       0         225000.0            170000.0       59.75         1.000000           100.000000
                                    Asian      Female Not Hispanic or Latino         219     5.597945e+05    224359.084659        405000.0        685000.0                73.046100                17.014041                66.00000                84.96450                 44.018987                  4.193522                      NaN                      NaN        8.002511e+05       351043.406626           570000.0           955000.0  182.908676  162.663301     119.50     213.00       204      15         280000.0            385000.0       93.50         0.931507            93.150685
                                    Asian        Male     Hispanic or Latino           8     5.750000e+05    171464.281995        422500.0        727500.0                81.706125                 9.715484                78.00000                89.96600                 41.833333                  2.639444                      NaN                      NaN        7.225000e+05       263208.228269           500000.0           880000.0  159.375000   48.582588     130.75     190.75         8       0         305000.0            380000.0       60.00         1.000000           100.000000
                                    Asian        Male Not Hispanic or Latino         408     6.379902e+05    247605.495650        465000.0        777500.0                73.756882                15.726758                65.62425                80.00000                 43.751634                  4.052574                      NaN                      NaN        9.099020e+05       418181.379356           615000.0          1160000.0  239.642157  672.020321     136.75     244.75       379      29         312500.0            545000.0      108.00         0.928922            92.892157
                Black or African American      Female     Hispanic or Latino           2     4.250000e+05     14142.135624        420000.0        430000.0                84.333500                17.913136                78.00025                90.66675                 43.000000                  5.656854                    41.00                    45.00        5.150000e+05       127279.220614           470000.0           560000.0  113.000000   16.970563     107.00     119.00         2       0          10000.0             90000.0       12.00         1.000000           100.000000
                Black or African American      Female Not Hispanic or Latino          46     4.984783e+05    190999.911475        355000.0        635000.0                86.104435                16.932457                80.50000                95.00000                 45.030303                  4.179450                      NaN                      NaN        5.995652e+05       199707.636551           485000.0           725000.0  154.717391   67.676243     108.50     194.00        42       4         280000.0            240000.0       85.50         0.913043            91.304348
                Black or African American        Male     Hispanic or Latino           3     4.850000e+05    173493.515729        385000.0        540000.0                88.333333                 2.886751                87.50000                90.00000                 45.333333                  1.527525                    44.50                    46.00        5.583333e+05       222785.397487           430000.0           630000.0  162.000000   80.894994     116.00     192.00         3       0         155000.0            200000.0       76.00         1.000000           100.000000
                Black or African American        Male Not Hispanic or Latino          41     5.518293e+05    203352.391483        415000.0        665000.0                86.895000                10.362113                80.00000                95.00000                 45.031250                  3.126209                      NaN                      NaN        6.593902e+05       263344.344732           485000.0           755000.0  164.512195   81.016703     105.00     206.00        38       3         250000.0            270000.0      101.00         0.926829            92.682927
Native Hawaiian or Other Pacific Islander      Female     Hispanic or Latino           1     4.450000e+05              NaN        445000.0        445000.0                90.000000                      NaN                90.00000                90.00000                 39.000000                       NaN                    39.00                    39.00        4.950000e+05                 NaN           495000.0           495000.0  207.000000         NaN     207.00     207.00         1       0              0.0                 0.0        0.00         1.000000           100.000000
Native Hawaiian or Other Pacific Islander      Female Not Hispanic or Latino           6     4.983333e+05    208390.658780        430000.0        572500.0                79.511500                17.643370                71.77225                93.73500                 46.600000                  3.361547                      NaN                      NaN        6.733333e+05       280101.172198           500000.0           792500.0  164.000000  109.666768      99.00     185.00         6       0         142500.0            292500.0       86.00         1.000000           100.000000
Native Hawaiian or Other Pacific Islander        Male     Hispanic or Latino           2     2.600000e+05    176776.695297        197500.0        322500.0                73.461500                30.460039                62.69225                84.23075                       NaN                       NaN                      NaN                      NaN        3.350000e+05        98994.949366           300000.0           370000.0   74.500000   24.748737      65.75      83.25         1       1         125000.0             70000.0       17.50         0.500000            50.000000
Native Hawaiian or Other Pacific Islander        Male Not Hispanic or Latino           2     4.800000e+05    176776.695297        417500.0        542500.0                80.000000                 0.000000                80.00000                80.00000                 40.000000                       NaN                      NaN                      NaN        6.000000e+05       219203.102168           522500.0           677500.0  134.000000   72.124892     108.50     159.50         2       0         125000.0            155000.0       51.00         1.000000           100.000000
                                    White      Female     Hispanic or Latino         162     4.325309e+05    207313.672170        287500.0        522500.0                79.239191                18.634157                75.00000                94.65200                 44.661157                  4.050831                      NaN                      NaN        5.718519e+05       291267.250916           375000.0           692500.0  134.000000   85.671335      80.25     160.25       144      18         235000.0            317500.0       80.00         0.888889            88.888889
                                    White      Female Not Hispanic or Latino         361     4.921191e+05    236126.166123        325000.0        645000.0                72.171934                20.400080                57.76300                89.47000                 44.419476                  3.988243                      NaN                      NaN        7.306787e+05       376489.112746           465000.0           905000.0  171.578947  118.660463     100.00     215.00       346      15         320000.0            440000.0      115.00         0.958449            95.844875
                                    White        Male     Hispanic or Latino         275     4.745636e+05    212011.117636        330000.0        620000.0                82.906004                14.129337                80.00000                95.00000                 43.747475                  4.178367                      NaN                      NaN        5.902364e+05       255114.541588           415000.0           725000.0  172.996364  163.842333      95.50     194.00       246      29         290000.0            310000.0       98.50         0.894545            89.454545
                                    White        Male Not Hispanic or Latino         430     5.714651e+05    262707.025597        375000.0        742500.0                73.060256                18.832269                63.04200                85.00000                 43.593525                  4.196899                      NaN                      NaN        8.392558e+05       485141.249853           545000.0          1042500.0  197.351163  292.072076     118.50     250.00       395      35         367500.0            497500.0      131.50         0.918605            91.860465