                             derived_race derived_sex      derived_ethnicity  total_apps  avg_loan_amount  std_loan_amount  Q1_loan_amount  Q3_loan_amount  avg_loan_to_value_ratio  std_loan_to_value_ratio  Q1_loan_to_value_ratio  Q3_loan_to_value_ratio  avg_debt_to_income_ratio  std_debt_to_income_ratio  Q1_debt_to_income_ratio  Q3_debt_to_income_ratio  avg_property_value  std_property_value  Q1_property_value  Q3_property_value  avg_income  std_income  Q1_income  Q3_income  accepted  denied  iqr_loan_amount  iqr_property_value  iqr_income  acceptance_rate  acceptance_rate_pct
                 2 or more minority races        Male Not Hispanic or Latino           2    490000.000000    106066.017178        452500.0        527500.0                60.707000                27.284422                51.06050                70.35350                 42.000000                       NaN                      NaN                      NaN       850000.000000       205060.966544           777500.0           922500.0  312.000000   45.254834     296.00     328.00         2       0          75000.0            145000.0       32.00         1.000000           100.000000
         American Indian or Alaska Native      Female     Hispanic or Latino           3    348333.333333    101159.939370        290000.0        380000.0                91.625000                12.841828                85.57550                98.36200                 46.000000                  2.645751                     45.0                     47.5       451666.666667       135769.412363           380000.0           515000.0   88.000000   21.000000      76.00      95.50         3       0          90000.0            135000.0       19.50         1.000000           100.000000
         American Indian or Alaska Native      Female Not Hispanic or Latino           6    538333.333333    175119.007154        490000.0        620000.0                81.471667                10.464184                74.23250                87.42500                 45.750000                  2.217356                      NaN                      NaN       670000.000000       250978.086693           527500.0           777500.0  215.166667  162.096782     137.00     183.75         6       0         130000.0            250000.0       46.75         1.000000           100.000000
         American Indian or Alaska Native        Male     Hispanic or Latino          11    425909.090909    177000.256805        295000.0        565000.0                84.057000                 7.660419                80.00000                89.81850                 45.714286                  2.214670                      NaN                      NaN       514090.909091       216492.704055           375000.0           655000.0  129.909091   51.931598      85.00     166.00         9       2         270000.0            280000.0       81.00         0.818182            81.818182
         American Indian or Alaska Native        Male Not Hispanic or Latino           6    611666.666667    152271.687016        625000.0        687500.0                80.597667                20.549761                76.20500                89.81150                 45.000000                  5.656854                      NaN                      NaN       756666.666667        82563.107177           700000.0           817500.0  190.166667   38.984185     160.25     216.00         4       2          62500.0            117500.0       55.75         0.666667            66.666667
                                    Asian      Female     Hispanic or Latino           6    520000.000000    336199.345627        372500.0        670000.0                86.585167                 9.744432                79.91825                93.75000                 46.000000                  3.000000                      NaN                      NaN       631666.666667       445046.814017           447500.0           730000.0  147.166667   81.624547     111.50     163.50         5       1         297500.0            282500.0       52.00         0.833333            83.333333
                                    Asian      Female Not Hispanic or Latino         231    548463.203463    202575.047148        390000.0        675000.0                70.591087                18.292877                58.66600                80.00000                 43.968553                  4.074343                      NaN                      NaN       815562.770563       330526.765606           605000.0           960000.0  184.554113  122.039571     117.50     212.00       213      18         285000.0            355000.0       94.50         0.922078            92.207792
                                    Asian        Male     Hispanic or Latino          10    560000.000000    238758.362274        440000.0        700000.0                79.827000                20.209166                80.00000                95.00000                 47.000000                  2.708013                      NaN                      NaN       725000.000000       316894.654771           512500.0           807500.0  157.000000   69.168072     115.50     188.00         8       2         260000.0            295000.0       72.50         0.800000            80.000000
                                    Asian        Male Not Hispanic or Latino         357    650770.308123    247788.608060        485000.0        775000.0                74.299020                16.442251                69.70000                80.00000                 43.647541                  4.180933                      NaN                      NaN       920070.028011       398999.884716           645000.0          1175000.0  213.837535  151.858992     136.00     250.00       330      27         290000.0            530000.0      114.00         0.924370            92.436975
                Black or African American      Female     Hispanic or Latino           2    485000.000000    353553.390593        360000.0        610000.0                96.008500                 8.497302                93.00425                99.01275                 49.000000                  0.000000                     49.0                     49.0       530000.000000       403050.865276           387500.0           672500.0  121.000000   69.296465      96.50     145.50         1       1         250000.0            285000.0       49.00         0.500000            50.000000
                Black or African American      Female Not Hispanic or Latino          51    497156.862745    198507.568878        365000.0        630000.0                83.153275                17.425349                79.16700                95.00000                 43.711111                  4.490506                      NaN                      NaN       635588.235294       239344.202058           485000.0           705000.0  145.509804   60.747139     102.50     170.50        48       3         265000.0            220000.0       68.00         0.941176            94.117647
                Black or African American        Male     Hispanic or Latino           5    539000.000000    216517.897644        395000.0        595000.0                86.527600                19.797133                85.00000                99.81000                 44.200000                  5.449771                     42.0                     49.0       675000.000000       252388.589282           625000.0           755000.0  194.800000  107.166693     123.00     275.00         5       0         200000.0            130000.0      152.00         1.000000           100.000000
                Black or African American        Male Not Hispanic or Latino          27    584629.629630    305972.365287        385000.0        715000.0                81.362111                15.115310                76.42150                95.00000                 44.380952                  4.620348                      NaN                      NaN       741666.666667       320804.277739           565000.0           875000.0  194.148148  122.295891     116.00     259.50        24       3         330000.0            310000.0      143.50         0.888889            88.888889
Native Hawaiian or Other Pacific Islander      Female     Hispanic or Latino           1    445000.000000              NaN        445000.0        445000.0               100.000000                      NaN               100.00000               100.00000                 48.000000                       NaN                     48.0                     48.0       455000.000000                 NaN           455000.0           455000.0   87.000000         NaN      87.00      87.00         1       0              0.0                 0.0        0.00         1.000000           100.000000
Native Hawaiian or Other Pacific Islander      Female Not Hispanic or Latino           1    425000.000000              NaN        425000.0        425000.0                95.000000                      NaN                95.00000                95.00000                 46.000000                       NaN                     46.0                     46.0       445000.000000                 NaN           445000.0           445000.0  153.000000         NaN     153.00     153.00         1       0              0.0                 0.0        0.00         1.000000           100.000000
Native Hawaiian or Other Pacific Islander        Male Not Hispanic or Latino           2    445000.000000    226274.169980        365000.0        525000.0                81.665000                 2.354666                80.83250                82.49750                 44.000000                       NaN                      NaN                      NaN       545000.000000       296984.848098           440000.0           650000.0  119.500000   92.630988      86.75     152.25         1       1         160000.0            210000.0       65.50         0.500000            50.000000
                                    White      Female     Hispanic or Latino         193    436295.336788    213182.435636        275000.0        565000.0                80.261813                17.840479                75.00000                95.00000                 44.686275                  3.567895                      NaN                      NaN       573445.595855       292586.647412           365000.0           735000.0  134.202073  110.709669      84.00     158.00       171      22         290000.0            370000.0       74.00         0.886010            88.601036
                                    White      Female Not Hispanic or Latino         370    477054.054054    232819.637316        305000.0        615000.0                71.865672                20.164988                60.43900                86.67600                 44.270677                  4.035929                      NaN                      NaN       700891.891892       334304.907949           465000.0           885000.0  161.391892  115.866550      95.25     194.75       347      23         310000.0            420000.0       99.50         0.937838            93.783784
                                    White        Male     Hispanic or Latino         286    472832.167832    222722.043309        325000.0        595000.0                84.818301                28.880231                79.99450                95.00000                 44.165179                  3.954272                      NaN                      NaN       596783.216783       350957.540089           397500.0           732500.0  148.321678  100.159739      86.00     174.50       260      26         270000.0            335000.0       88.50         0.909091            90.909091
                                    White        Male Not Hispanic or Latino         430    558232.558140    250081.603205        375000.0        725000.0                73.944619                19.377988                64.69075                90.00000                 43.792982                  4.027540                      NaN                      NaN       811790.697674       444343.288935           525000.0           992500.0  207.520930  181.085366     120.00     235.50       404      26         350000.0            467500.0      115.50         0.939535            93.953488