                             derived_race derived_sex      derived_ethnicity  total_apps  avg_loan_amount  std_loan_amount  Q1_loan_amount  Q3_loan_amount  avg_loan_to_value_ratio  std_loan_to_value_ratio  Q1_loan_to_value_ratio  Q3_loan_to_value_ratio  avg_debt_to_income_ratio  std_debt_to_income_ratio  Q1_debt_to_income_ratio  Q3_debt_to_income_ratio  avg_property_value  std_property_value  Q1_property_value  Q3_property_value  avg_income  std_income  Q1_income  Q3_income  accepted  denied  iqr_loan_amount  iqr_property_value  iqr_income  acceptance_rate  acceptance_rate_pct
                 2 or more minority races      Female Not Hispanic or Latino           3    625000.000000    233023.603955        530000.0        755000.0                84.333333                12.096832                77.50000                 89.0000                 45.500000                  4.949747                      NaN                      NaN       758333.333333       315647.482698           595000.0           910000.0  102.666667   59.011298      69.50     126.00         2       1         225000.0            315000.0       56.50         0.666667            66.666667
                 2 or more minority races        Male Not Hispanic or Latino           3    518333.333333     80829.037687        475000.0        555000.0                85.000000                 8.660254                80.00000                 87.5000                 42.666667                  4.041452                    40.50                    44.50       618333.333333       140118.997047           550000.0           690000.0  208.333333  114.709779     142.50     247.50         2       1          80000.0            140000.0      105.00         0.666667            66.666667
         American Indian or Alaska Native      Female     Hispanic or Latino           5    397000.000000    133678.719324        345000.0        385000.0                72.970600                17.164933                58.00000                 80.0000                 45.750000                  4.716991                      NaN                      NaN       551000.000000       158208.722895           475000.0           645000.0  127.600000   49.490403      89.00     160.00         5       0          40000.0            170000.0       71.00         1.000000           100.000000
         American Indian or Alaska Native      Female Not Hispanic or Latino           2    490000.000000    417193.000900        342500.0        637500.0                93.500000                 4.949747                91.75000                 95.2500                 46.000000                       NaN                      NaN                      NaN       540000.000000       473761.543395           372500.0           707500.0  137.500000   99.702056     102.25     172.75         2       0         295000.0            335000.0       70.50         1.000000           100.000000
         American Indian or Alaska Native        Male     Hispanic or Latino          10    390000.000000    149089.831235        305000.0        470000.0                84.374800                17.630756                79.01075                 98.7500                 46.000000                  4.618802                      NaN                      NaN       505000.000000       248551.358431           337500.0           650000.0  123.700000   55.755518      78.75     151.50         6       4         165000.0            312500.0       72.75         0.600000            60.000000
         American Indian or Alaska Native        Male Not Hispanic or Latino           3    188333.333333    105987.420637        140000.0        245000.0                81.275333                30.286751                70.77800                 98.6350                 42.500000                  0.707107                      NaN                      NaN       378333.333333        75055.534995           340000.0           415000.0   81.666667   50.212880      58.00     108.00         3       0         105000.0             75000.0       50.00         1.000000           100.000000
                                    Asian      Female     Hispanic or Latino           6    451666.666667    126754.355612        380000.0        532500.0                84.166667                 6.645801                80.00000                 87.5000                 44.666667                  3.932768                    42.00                    47.50       535000.000000       149532.605140           470000.0           572500.0  125.000000   41.250455     101.75     156.00         6       0         152500.0            102500.0       54.25         1.000000           100.000000
                                    Asian      Female Not Hispanic or Latino         239    561066.945607    213530.771687        435000.0        665000.0                71.212366                19.126755                61.01200                 80.0000                 43.245810                  4.301283                      NaN                      NaN       846046.025105       357970.695562           590000.0           990000.0  181.125523  171.710013     119.00     199.50       220      19         230000.0            400000.0       80.50         0.920502            92.050209
                                    Asian        Male     Hispanic or Latino           9    575000.000000    132098.448136        495000.0        665000.0                85.818444                 7.885470                80.00000                 90.0000                 44.800000                  4.266146                      NaN                      NaN       682777.777778       179079.436129           615000.0           825000.0  446.333333  755.771129     106.00     235.00         8       1         170000.0            210000.0      129.00         0.888889            88.888889
                                    Asian        Male Not Hispanic or Latino         412    649830.097087    249647.382011        465000.0        817500.0                73.811507                17.692207                66.93350                 83.3815                 43.792079                  4.164618                      NaN                      NaN       936747.572816       436981.856532           632500.0          1205000.0  217.019417  141.346943     132.00     257.75       381      31         352500.0            572500.0      125.75         0.924757            92.475728
                Black or African American      Female     Hispanic or Latino           1    735000.000000              NaN        735000.0        735000.0                85.000000                      NaN                85.00000                 85.0000                 40.000000                       NaN                    40.00                    40.00       875000.000000                 NaN           875000.0           875000.0  211.000000         NaN     211.00     211.00         1       0              0.0                 0.0        0.00         1.000000           100.000000
                Black or African American      Female Not Hispanic or Latino          45    448777.777778    172906.817901        325000.0        585000.0                84.956511                19.967210                83.26000                 97.0000                 44.133333                  4.108304                      NaN                      NaN       562777.777778       216940.386542           445000.0           675000.0  118.844444   51.552249      84.00     156.00        39       6         260000.0            230000.0       72.00         0.866667            86.666667
                Black or African American        Male     Hispanic or Latino           6    490000.000000    173867.765845        390000.0        545000.0                89.830000                 8.035260                82.49500                 96.5000                 42.000000                  3.605551                      NaN                      NaN       545000.000000       189736.659610           400000.0           602500.0  173.833333   80.670730     121.75     186.75         6       0         155000.0            202500.0       65.00         1.000000           100.000000
                Black or African American        Male Not Hispanic or Latino          36    575555.555556    242026.497303        402500.0        735000.0                90.447750                 8.134632                83.75000                 95.0000                 44.041667                  4.378596                      NaN                      NaN       669166.666667       281174.831225           470000.0           775000.0  191.944444  138.331681      91.75     232.50        29       7         332500.0            305000.0      140.75         0.805556            80.555556
Native Hawaiian or Other Pacific Islander      Female     Hispanic or Latino           2    330000.000000    176776.695297        267500.0        392500.0                78.170000                 2.588011                77.25500                 79.0850                 48.000000                       NaN                      NaN                      NaN       415000.000000       212132.034356           340000.0           490000.0   60.500000   45.961941      44.25      76.75         1       1         125000.0            150000.0       32.50         0.500000            50.000000
Native Hawaiian or Other Pacific Islander      Female Not Hispanic or Latino           1    345000.000000              NaN        345000.0        345000.0                80.000000                      NaN                80.00000                 80.0000                       NaN                       NaN                      NaN                      NaN       435000.000000                 NaN           435000.0           435000.0  108.000000         NaN     108.00     108.00         1       0              0.0                 0.0        0.00         1.000000           100.000000
Native Hawaiian or Other Pacific Islander        Male     Hispanic or Latino           1    565000.000000              NaN        565000.0        565000.0                97.000000                      NaN                97.00000                 97.0000                 49.000000                       NaN                    49.00                    49.00       575000.000000                 NaN           575000.0           575000.0  119.000000         NaN     119.00     119.00         1       0              0.0                 0.0        0.00         1.000000           100.000000
Native Hawaiian or Other Pacific Islander        Male Not Hispanic or Latino           2    365000.000000    113137.084990        325000.0        405000.0                92.500000                 3.535534                91.25000                 93.7500                 36.500000                  0.707107                    36.25                    36.75       395000.000000       127279.220614           350000.0           440000.0  126.000000   12.727922     121.50     130.50         2       0          80000.0             90000.0        9.00         1.000000           100.000000
                                    White      Female     Hispanic or Latino         145    434655.172414    186679.366358        305000.0        535000.0                82.368883                17.679279                75.00000                 95.0000                 44.190909                  3.948047                      NaN                      NaN       538586.206897       204248.880937           395000.0           665000.0  132.600000   74.405645      82.00     162.00       134      11         230000.0            270000.0       80.00         0.924138            92.413793
                                    White      Female Not Hispanic or Latino         343    472900.874636    222069.536484        305000.0        605000.0                72.531569                19.590267                62.35300                 85.0000                 43.737705                  4.200340                      NaN                      NaN       686516.034985       328357.651882           445000.0           875000.0  169.609329  129.604951      95.00     196.00       323      20         300000.0            430000.0      101.00         0.941691            94.169096
                                    White        Male     Hispanic or Latino         293    478412.969283    217417.808677        335000.0        615000.0                83.112580                16.002786                79.99900                 95.0000                 44.032407                  3.896792                      NaN                      NaN       608993.174061       285256.601537           425000.0           725000.0  157.034130  118.672158      94.00     181.00       265      28         280000.0            300000.0       87.00         0.904437            90.443686
                                    White        Male Not Hispanic or Latino         433    550404.157044    259798.507539        355000.0        725000.0                73.802152                18.541765                64.00000                 85.0000                 43.484848                  4.062926                      NaN                      NaN       789734.411085       486910.599201           515000.0           965000.0  209.808314  166.980365     112.00     245.00       401      32         370000.0            450000.0      133.00         0.926097            92.609700