                             derived_race derived_sex      derived_ethnicity  total_apps  avg_loan_amount  std_loan_amount  Q1_loan_amount  Q3_loan_amount  avg_loan_to_value_ratio  std_loan_to_value_ratio  Q1_loan_to_value_ratio  Q3_loan_to_value_ratio  avg_debt_to_income_ratio  std_debt_to_income_ratio  Q1_debt_to_income_ratio  Q3_debt_to_income_ratio  avg_property_value  std_property_value  Q1_property_value  Q3_property_value  avg_income  std_income  Q1_income  Q3_income  accepted  denied  iqr_loan_amount  iqr_property_value  iqr_income  acceptance_rate  acceptance_rate_pct
                 2 or more minority races      Female Not Hispanic or Latino           4    700000.000000    292745.623366        505000.0        800000.0                84.773000                15.138973                77.12300                 95.7500                 49.000000                  0.000000                      NaN                      NaN       970000.000000       243378.991150           772500.0          1177500.0  240.750000   49.627781     226.75     273.50         3       1         295000.0            405000.0       46.75         0.750000            75.000000
         American Indian or Alaska Native      Female     Hispanic or Latino           3    508333.333333     81445.278152        480000.0        555000.0                74.193000                19.374564                66.28950                 85.0000                 41.000000                       NaN                      NaN                      NaN       701666.666667        95043.849529           655000.0           750000.0  179.666667   41.198705     158.00     199.00         3       0          75000.0             95000.0       41.00         1.000000           100.000000
         American Indian or Alaska Native      Female Not Hispanic or Latino           3    498333.333333    162583.311977        410000.0        570000.0                80.000000                10.000000                75.00000                 85.0000                       NaN                       NaN                      NaN                      NaN       645000.000000       280000.000000           485000.0           745000.0  232.666667   32.393415     214.00     243.00         3       0         160000.0            260000.0       29.00         1.000000           100.000000
         American Indian or Alaska Native        Male     Hispanic or Latino          16    354375.000000    151941.600623        282500.0        462500.0                88.121875                13.753257                80.00000                 95.0000                 45.272727                  3.797128                      NaN                      NaN       412500.000000       173762.289733           302500.0           507500.0  123.000000   48.549631      85.50     154.00        14       2         180000.0            205000.0       68.50         0.875000            87.500000
         American Indian or Alaska Native        Male Not Hispanic or Latino           6    563333.333333    177247.472949        465000.0        707500.0                80.523667                10.226590                76.19050                 83.7500                 40.500000                  3.109126                      NaN                      NaN       700000.000000       212108.462820           555000.0           842500.0  210.666667   48.314249     183.00     235.75         6       0         242500.0            287500.0       52.75         1.000000           100.000000
                                    Asian      Female     Hispanic or Latino           2    735000.000000    579827.560573        530000.0        940000.0                74.990000                 1.400071                74.49500                 75.4850                 48.500000                  0.707107                    48.25                    48.75       980000.000000       756604.255870           712500.0          1247500.0  233.500000  236.880772     149.75     317.25         2       0         410000.0            535000.0      167.50         1.000000           100.000000
                                    Asian      Female Not Hispanic or Latino         220    547681.818182    203522.829515        385000.0        697500.0                72.294581                18.370020                63.12325                 80.0000                 44.729560                  3.759689                      NaN                      NaN       809954.545455       381771.283615           572500.0           925000.0  176.045455  124.008130     109.25     205.50       203      17         312500.0            352500.0       96.25         0.922727            92.272727
                                    Asian        Male     Hispanic or Latino           9    579444.444444    278976.303255        395000.0        755000.0                70.788667                22.162545                66.67000                 80.0000                 44.500000                  3.563706                      NaN                      NaN       840555.555556       401313.814586           535000.0          1135000.0  173.444444   76.287468     130.00     188.00         7       2         360000.0            600000.0       58.00         0.777778            77.777778
                                    Asian        Male Not Hispanic or Latino         349    621561.604585    238303.835841        465000.0        765000.0                72.124069                18.370624                65.00000                 80.0000                 43.647510                  3.949475                      NaN                      NaN       917750.716332       416813.167276           655000.0          1105000.0  232.126074  722.344420     127.00     234.00       325      24         300000.0            450000.0      107.00         0.931232            93.123209
                Black or African American      Female     Hispanic or Latino           3    508333.333333    145028.732785        435000.0        580000.0                89.898667                 5.147608                87.34800                 92.4950                 48.333333                  0.577350                    48.00                    48.50       561666.666667       151767.365838           480000.0           630000.0  167.000000  115.723809     101.00     209.00         3       0         145000.0            150000.0      108.00         1.000000           100.000000
                Black or African American      Female Not Hispanic or Latino          60    503500.000000    220614.127427        382500.0        665000.0                81.608967                18.693524                80.00000                 95.0000                 44.560976                  3.918219                      NaN                      NaN       657333.333333       235014.364268           515000.0           815000.0  148.633333   69.181649     109.75     189.00        50      10         282500.0            300000.0       79.25         0.833333            83.333333
                Black or African American        Male     Hispanic or Latino           2    330000.000000    162634.559673        272500.0        387500.0                86.000000                15.556349                80.50000                 91.5000                 43.000000                       NaN                      NaN                      NaN       405000.000000       268700.576851           310000.0           500000.0  100.500000   53.033009      81.75     119.25         2       0         115000.0            190000.0       37.50         1.000000           100.000000
                Black or African American        Male Not Hispanic or Latino          37    544459.459459    266436.837897        375000.0        725000.0                87.671243                 9.218361                80.00000                 95.0000                 43.384615                  3.919969                      NaN                      NaN       649864.864865       352818.977992           405000.0           815000.0  188.216216  119.292157     110.00     241.00        31       6         350000.0            410000.0      131.00         0.837838            83.783784
Native Hawaiian or Other Pacific Islander      Female     Hispanic or Latino           1    355000.000000              NaN        355000.0        355000.0                95.900000                      NaN                95.90000                 95.9000                       NaN                       NaN                      NaN                      NaN       365000.000000                 NaN           365000.0           365000.0  120.000000         NaN     120.00     120.00         0       1              0.0                 0.0        0.00         0.000000             0.000000
Native Hawaiian or Other Pacific Islander      Female Not Hispanic or Latino           4    477500.000000    272931.615367        325000.0        537500.0                71.184250                19.231043                56.87425                 86.2500                 45.000000                  4.898979                    42.00                    49.00       665000.000000       277608.837515           490000.0           800000.0  142.500000   71.192228     103.75     164.75         4       0         212500.0            310000.0       61.00         1.000000           100.000000
Native Hawaiian or Other Pacific Islander        Male     Hispanic or Latino           1    605000.000000              NaN        605000.0        605000.0                72.990000                      NaN                72.99000                 72.9900                 42.000000                       NaN                    42.00                    42.00       825000.000000                 NaN           825000.0           825000.0  150.000000         NaN     150.00     150.00         0       1              0.0                 0.0        0.00         0.000000             0.000000
Native Hawaiian or Other Pacific Islander        Male Not Hispanic or Latino           2    585000.000000     28284.271247        575000.0        595000.0                90.000000                14.142136                85.00000                 95.0000                 46.000000                  4.242641                    44.50                    47.50       665000.000000        56568.542495           645000.0           685000.0  173.500000   31.819805     162.25     184.75         2       0          20000.0             40000.0       22.50         1.000000           100.000000
                                    White      Female     Hispanic or Latino         166    436746.987952    203684.149031        285000.0        580000.0                80.479627                18.620387                75.00000                 95.0000                 44.532787                  3.713243                      NaN                      NaN       588012.048193       327057.533405           375000.0           715000.0  141.951807  156.945148      79.00     155.00       143      23         295000.0            340000.0       76.00         0.861446            86.144578
                                    White      Female Not Hispanic or Latino         373    464731.903485    242916.714290        295000.0        615000.0                69.858279                22.019557                56.00000                 85.0000                 43.636719                  4.116545                      NaN                      NaN       710281.501340       384789.760507           465000.0           865000.0  157.855228  107.290609      95.00     197.00       350      23         320000.0            400000.0      102.00         0.938338            93.833780
                                    White        Male     Hispanic or Latino         273    486684.981685    214834.280425        345000.0        605000.0                84.161033                13.167671                80.00000                 95.0000                 43.927885                  3.897180                      NaN                      NaN       595622.710623       259899.543229           425000.0           755000.0  162.402930  113.328869      95.00     185.00       248      25         260000.0            330000.0       90.00         0.908425            90.842491
                                    White        Male Not Hispanic or Latino         466    544678.111588    247841.658248        355000.0        722500.0                73.616012                18.836592                64.89500                 86.4945                 43.560261                  4.257111                      NaN                      NaN       790407.725322       445451.981488           487500.0           995000.0  216.437768  279.899009     109.00     250.75       434      32         367500.0            507500.0      141.75         0.931330            93.133047