                             derived_race derived_sex      derived_ethnicity  total_apps  avg_loan_amount  std_loan_amount  Q1_loan_amount  Q3_loan_amount  avg_loan_to_value_ratio  std_loan_to_value_ratio  Q1_loan_to_value_ratio  Q3_loan_to_value_ratio  avg_debt_to_income_ratio  std_debt_to_income_ratio  Q1_debt_to_income_ratio  Q3_debt_to_income_ratio  avg_property_value  std_property_value  Q1_property_value  Q3_property_value  avg_income  std_income  Q1_income  Q3_income  accepted  denied  iqr_loan_amount  iqr_property_value  iqr_income  acceptance_rate  acceptance_rate_pct
                 2 or more minority races      Female     Hispanic or Latino           2    650000.000000     49497.474683        632500.0        667500.0                80.000000                 0.000000                80.00000                 80.0000                 40.000000                       NaN                      NaN                      NaN       810000.000000        63639.610307           787500.0           832500.0  185.500000   84.145707     155.75     215.25         2       0          35000.0             45000.0       59.50         1.000000           100.000000
                 2 or more minority races      Female Not Hispanic or Latino           6    425000.000000    163340.135913        377500.0        525000.0                74.001833                20.475542                72.06825                 83.7500                 45.600000                  4.722288                      NaN                      NaN       566666.666667       166302.936434           417500.0           712500.0  132.333333   69.603640      85.50     179.50         5       1         147500.0            295000.0       94.00         0.833333            83.333333
                 2 or more minority races        Male     Hispanic or Latino           3    691666.666667     28867.513459        675000.0        700000.0                96.333333                 1.154701                96.00000                 97.0000                 47.500000                  2.121320                      NaN                      NaN       805000.000000       151327.459504           720000.0           865000.0  186.333333   29.737743     177.50     203.50         2       1          25000.0            145000.0       26.00         0.666667            66.666667
                 2 or more minority races        Male Not Hispanic or Latino           1    335000.000000              NaN        335000.0        335000.0                53.000000                      NaN                53.00000                 53.0000                       NaN                       NaN                      NaN                      NaN       635000.000000                 NaN           635000.0           635000.0  175.000000         NaN     175.00     175.00         1       0              0.0                 0.0        0.00         1.000000           100.000000
         American Indian or Alaska Native      Female     Hispanic or Latino          13    368846.153846    264560.593612        215000.0        405000.0                80.233331                20.829107                79.16700                 95.0000                 46.000000                  2.507133                      NaN                      NaN       494230.769231       339937.777112           335000.0           625000.0  124.538462   67.242863      69.00     159.00        12       1         190000.0            290000.0       90.00         0.923077            92.307692
         American Indian or Alaska Native      Female Not Hispanic or Latino           3    571666.666667    110604.400154        520000.0        630000.0                87.034333                 7.976311                84.00000                 91.5515                 44.500000                  6.363961                      NaN                      NaN       658333.333333       133166.562370           615000.0           735000.0  207.666667  117.172238     151.00     268.00         3       0         110000.0            120000.0      117.00         1.000000           100.000000
         American Indian or Alaska Native        Male     Hispanic or Latino          10    395000.000000    232283.351869        297500.0        447500.0                71.255300                20.191376                55.00525                 85.7500                 43.500000                  5.167204                      NaN                      NaN       570000.000000       299267.624562           370000.0           712500.0  138.200000   61.591486      91.00     195.75         7       3         150000.0            342500.0      104.75         0.700000            70.000000
         American Indian or Alaska Native        Male Not Hispanic or Latino           6    338333.333333    142781.884939        257500.0        442500.0                75.076833                22.182599                68.53500                 87.4325                 45.750000                  5.852350                      NaN                      NaN       543333.333333       425789.462841           285000.0           620000.0  104.833333   56.275809      65.75     127.25         6       0         185000.0            335000.0       61.50         1.000000           100.000000
                                    Asian      Female     Hispanic or Latino           8    417500.000000     61817.704353        372500.0        460000.0                75.998750                25.687940                70.11150                 95.0000                 45.500000                  5.205766                      NaN                      NaN       633750.000000       294591.120999           452500.0           682500.0  101.375000   22.116171      91.75     108.00         7       1          87500.0            230000.0       16.25         0.875000            87.500000
                                    Asian      Female Not Hispanic or Latino         217    573525.345622    214192.368871        415000.0        715000.0                72.369871                18.859888                61.67100                 85.0000                 43.688742                  3.909280                      NaN                      NaN       861129.032258       419988.692457           635000.0           985000.0  202.792627  174.283715     126.00     225.00       198      19         300000.0            350000.0       99.00         0.912442            91.244240
                                    Asian        Male     Hispanic or Latino          11    512272.727273    146566.770387        420000.0        615000.0                80.576455                13.195959                75.77450                 91.7500                 41.666667                  4.131182                      NaN                      NaN       633181.818182       159362.365809           510000.0           760000.0  175.272727  103.494049     108.50     249.50         9       2         195000.0            250000.0      141.00         0.818182            81.818182
                                    Asian        Male Not Hispanic or Latino         378    635899.470899    238380.333713        460000.0        765000.0                74.357819                16.707254                66.85575                 85.0000                 43.324427                  4.196981                      NaN                      NaN       890661.375661       366413.127480           645000.0          1105000.0  210.343915  113.566364     139.00     252.00       355      23         305000.0            460000.0      113.00         0.939153            93.915344
                Black or African American      Female     Hispanic or Latino           5    571000.000000    327154.397800        425000.0        785000.0                74.019600                25.036554                66.10200                 89.9500                 44.000000                  4.163332                      NaN                      NaN       833000.000000       349242.036416           825000.0          1035000.0  158.200000   99.790781     118.00     220.00         5       0         360000.0            210000.0      102.00         1.000000           100.000000
                Black or African American      Female Not Hispanic or Latino          34    541470.588235    231829.121408        422500.0        695000.0                86.590588                14.168405                81.48250                 95.0000                 43.538462                  4.402097                      NaN                      NaN       657058.823529       212071.734744           540000.0           812500.0  156.911765   70.907694     108.75     201.00        31       3         272500.0            272500.0       92.25         0.911765            91.176471
                Black or African American        Male     Hispanic or Latino           5    635000.000000    122474.487139        645000.0        705000.0                89.513600                 8.728283                87.56800                 95.0000                 46.250000                  2.500000                      NaN                      NaN       729000.000000       180914.344373           705000.0           745000.0  202.800000   53.504205     175.00     226.00         5       0          60000.0             40000.0       51.00         1.000000           100.000000
                Black or African American        Male Not Hispanic or Latino          38    564210.526316    260035.149172        377500.0        735000.0                82.847342                17.020180                79.25000                 95.0000                 44.700000                  3.825054                      NaN                      NaN       727368.421053       388784.899958           470000.0           900000.0  194.052632  212.731521      75.00     236.75        33       5         357500.0            430000.0      161.75         0.868421            86.842105
Native Hawaiian or Other Pacific Islander      Female Not Hispanic or Latino           4    432500.000000    120381.338532        352500.0        470000.0                93.750000                11.086779                87.50000                101.2500                 42.000000                  6.055301                     37.5                     46.0       500000.000000       176918.060130           400000.0           545000.0  114.000000   42.261093      91.75     125.25         3       1         117500.0            145000.0       33.50         0.750000            75.000000
Native Hawaiian or Other Pacific Islander        Male     Hispanic or Latino           1    655000.000000              NaN        655000.0        655000.0                73.056000                      NaN                73.05600                 73.0560                 46.000000                       NaN                     46.0                     46.0       905000.000000                 NaN           905000.0           905000.0  149.000000         NaN     149.00     149.00         1       0              0.0                 0.0        0.00         1.000000           100.000000
Native Hawaiian or Other Pacific Islander        Male Not Hispanic or Latino           2    350000.000000     35355.339059        337500.0        362500.0                86.000000                15.556349                80.50000                 91.5000                 40.000000                       NaN                      NaN                      NaN       415000.000000        28284.271247           405000.0           425000.0  197.500000   86.974134     166.75     228.25         2       0          25000.0             20000.0       61.50         1.000000           100.000000
                                    White      Female     Hispanic or Latino         184    432826.086957    211708.254184        275000.0        547500.0                80.910891                18.755810                75.00000                 95.0000                 44.337838                  3.613192                      NaN                      NaN       568315.217391       286110.889479           385000.0           705000.0  140.163043  123.325530      75.75     161.00       167      17         272500.0            320000.0       85.25         0.907609            90.760870
                                    White      Female Not Hispanic or Latino         346    468352.601156    235936.069594        305000.0        615000.0                69.817852                21.239229                57.09450                 83.7670                 43.868313                  4.289997                      NaN                      NaN       699046.242775       333769.577986           477500.0           855000.0  159.540462   91.299887      99.00     201.00       318      28         310000.0            377500.0      102.00         0.919075            91.907514
                                    White        Male     Hispanic or Latino         258    470271.317829    204631.499564        327500.0        595000.0                82.204008                16.718391                77.93025                 95.0000                 44.117647                  3.912629                      NaN                      NaN       595620.155039       269349.271864           425000.0           735000.0  152.953488   99.555617      96.00     174.75       235      23         267500.0            310000.0       78.75         0.910853            91.085271
                                    White        Male Not Hispanic or Latino         465    544612.903226    244808.732178        355000.0        705000.0                75.482240                20.395768                66.12000                 90.0000                 43.127726                  4.085708                      NaN                      NaN       781752.688172       446883.356105           495000.0           935000.0  208.081720  170.933006     114.00     250.00       439      26         350000.0            440000.0      136.00         0.944086            94.408602