                             derived_race derived_sex      derived_ethnicity  total_apps  avg_loan_amount  std_loan_amount  Q1_loan_amount  Q3_loan_amount  avg_loan_to_value_ratio  std_loan_to_value_ratio  Q1_loan_to_value_ratio  Q3_loan_to_value_ratio  avg_debt_to_income_ratio  std_debt_to_income_ratio  Q1_debt_to_income_ratio  Q3_debt_to_income_ratio  avg_property_value  std_property_value  Q1_property_value  Q3_property_value  avg_income  std_income  Q1_income  Q3_income  accepted  denied  iqr_loan_amount  iqr_property_value  iqr_income  acceptance_rate  acceptance_rate_pct
                 2 or more minority races      Female     Hispanic or Latino           1    465000.000000              NaN        465000.0        465000.0                98.697000                      NaN                98.69700                98.69700                       NaN                       NaN                      NaN                      NaN       475000.000000                 NaN           475000.0           475000.0    0.000000         NaN       0.00       0.00         0       1              0.0                 0.0        0.00         0.000000             0.000000
                 2 or more minority races      Female Not Hispanic or Latino           3    505000.000000    121655.250606        465000.0        575000.0                84.424333                 9.199412                79.13650                87.50000                 41.666667                  3.511885                     40.0                     43.5       598333.333333       145028.732785           525000.0           670000.0  123.666667   40.016663     104.00     144.00         3       0         110000.0            145000.0       40.00         1.000000           100.000000
                 2 or more minority races        Male Not Hispanic or Latino           4    645000.000000    172626.765016        527500.0        712500.0                86.247500                 7.498335                80.00000                91.24250                 46.666667                  4.041452                      NaN                      NaN       767500.000000       252372.079808           585000.0           887500.0  359.000000  419.298621     130.50     400.00         4       0         185000.0            302500.0      269.50         1.000000           100.000000
         American Indian or Alaska Native      Female     Hispanic or Latino           6    331666.666667    229230.597143        212500.0        420000.0               144.291833               152.199224                80.00000                91.15050                 45.000000                  4.082483                      NaN                      NaN       393333.333333       253883.175234           280000.0           517500.0  422.333333  759.467621     100.50     139.00         4       2         207500.0            237500.0       38.50         0.666667            66.666667
         American Indian or Alaska Native      Female Not Hispanic or Latino           6    405000.000000    130230.564769        385000.0        462500.0                79.166667                15.419684                75.00000                90.75000                 41.200000                  6.260990                      NaN                      NaN       535000.000000       211376.441450           417500.0           705000.0  156.833333  107.229505     122.75     144.75         6       0          77500.0            287500.0       22.00         1.000000           100.000000
         American Indian or Alaska Native        Male     Hispanic or Latino          12    455833.333333    166102.834157        382500.0        587500.0                86.514000                13.976566                80.00000                93.99750                 45.428571                  3.207135                      NaN                      NaN       545000.000000       208762.588080           430000.0           712500.0  123.833333   57.556033      86.75     132.00         9       3         205000.0            282500.0       45.25         0.750000            75.000000
         American Indian or Alaska Native        Male Not Hispanic or Latino           4    670000.000000    261470.202254        605000.0        790000.0                76.250000                 2.500000                75.00000                76.25000                 44.500000                  0.707107                      NaN                      NaN       880000.000000       348759.707153           765000.0          1055000.0  408.000000  109.921184     351.50     463.50         4       0         185000.0            290000.0      112.00         1.000000           100.000000
                                    Asian      Female     Hispanic or Latino           8    537500.000000    211778.185845        402500.0        627500.0                75.403875                16.731205                78.66825                80.75000                 43.666667                  4.412105                      NaN                      NaN       745000.000000       307849.685027           522500.0           895000.0  165.500000  146.190678      99.00     150.25         8       0         225000.0            372500.0       51.25         1.000000           100.000000
                                    Asian      Female Not Hispanic or Latino         242    553966.942149    202267.660222        417500.0        655000.0                73.494393                17.538844                64.15850                86.05650                 43.834225                  4.251414                      NaN                      NaN       799669.421488       335938.788349           585000.0           905000.0  184.677686  136.622612     115.25     215.75       225      17         237500.0            320000.0      100.50         0.929752            92.975207
                                    Asian        Male     Hispanic or Latino           8    515000.000000    276715.428864        312500.0        610000.0                80.138875                10.734724                77.50000                86.25000                 44.000000                  4.242641                      NaN                      NaN       665000.000000       395366.014870           437500.0           750000.0  161.625000   88.388651      70.00     235.00         7       1         297500.0            312500.0      165.00         0.875000            87.500000
                                    Asian        Male Not Hispanic or Latino         354    616299.435028    234561.867869        437500.0        755000.0                73.592483                17.631486                66.61825                84.78025                 43.429134                  4.162806                      NaN                      NaN       888389.830508       389344.375931           607500.0          1062500.0  209.364407  170.075321     128.25     242.00       334      20         317500.0            455000.0      113.75         0.943503            94.350282
                Black or African American      Female     Hispanic or Latino           3    411666.666667    301053.705065        290000.0        580000.0                95.662667                 1.158180                94.99400                96.00000                 45.666667                  3.055050                     44.0                     47.0       435000.000000       314801.524774           305000.0           610000.0  113.666667   44.286943      98.00     139.00         2       1         290000.0            305000.0       41.00         0.666667            66.666667
                Black or African American      Female Not Hispanic or Latino          40    442000.000000    178543.968585        302500.0        557500.0                81.774425                20.751089                76.56750                95.00000                 44.083333                  4.422439                      NaN                      NaN       602000.000000       236688.695255           490000.0           712500.0  144.500000   53.478009     104.75     176.50        35       5         255000.0            222500.0       71.75         0.875000            87.500000
                Black or African American        Male     Hispanic or Latino           1    415000.000000              NaN        415000.0        415000.0               100.000000                      NaN               100.00000               100.00000                 44.000000                       NaN                     44.0                     44.0       525000.000000                 NaN           525000.0           525000.0  104.000000         NaN     104.00     104.00         0       1              0.0                 0.0        0.00         0.000000             0.000000
                Black or African American        Male Not Hispanic or Latino          37    543378.378378    226415.467590        365000.0        705000.0                83.380892                16.612789                80.00000                95.00000                 46.782609                  2.485531                      NaN                      NaN       693918.918919       372206.512151           455000.0           855000.0  157.675676   95.052925      86.00     219.00        27      10         340000.0            400000.0      133.00         0.729730            72.972973
Native Hawaiian or Other Pacific Islander      Female Not Hispanic or Latino           8    483750.000000    295656.050166        330000.0        522500.0                73.397500                19.347595                64.84500                81.25000                 42.666667                  6.506407                      NaN                      NaN       688750.000000       434837.818700           467500.0           620000.0  129.625000   84.547430      80.25     175.00         7       1         192500.0            152500.0       94.75         0.875000            87.500000
Native Hawaiian or Other Pacific Islander        Male     Hispanic or Latino           1    345000.000000              NaN        345000.0        345000.0                90.000000                      NaN                90.00000                90.00000                       NaN                       NaN                      NaN                      NaN       385000.000000                 NaN           385000.0           385000.0   62.000000         NaN      62.00      62.00         0       1              0.0                 0.0        0.00         0.000000             0.000000
Native Hawaiian or Other Pacific Islander        Male Not Hispanic or Latino           5    531000.000000    333061.555872        365000.0        545000.0                79.941200                14.740481                73.69000                90.00000                 45.400000                  3.507136                     44.0                     49.0       711000.000000       481798.713157           455000.0           915000.0  132.000000   62.541986     122.00     130.00         5       0         180000.0            460000.0        8.00         1.000000           100.000000
                                    White      Female     Hispanic or Latino         163    420828.220859    190745.179221        270000.0        555000.0                82.460638                17.056088                78.82150                95.00000                 44.107692                  4.046716                      NaN                      NaN       526288.343558       211946.147479           385000.0           675000.0  142.337423  113.488250      79.00     168.00       149      14         285000.0            290000.0       89.00         0.914110            91.411043
                                    White      Female Not Hispanic or Latino         361    484944.598338    240260.269129        315000.0        635000.0                70.335598                20.814724                56.11300                85.00000                 43.553785                  4.174218                      NaN                      NaN       729487.534626       385179.360075           455000.0           905000.0  169.756233  166.101864      99.00     204.00       341      20         320000.0            450000.0      105.00         0.944598            94.459834
                                    White        Male     Hispanic or Latino         282    475425.531915    208541.357993        335000.0        605000.0                83.779589                15.391392                80.00000                95.00000                 44.203791                  4.091942                      NaN                      NaN       589042.553191       274659.229106           395000.0           715000.0  152.148936  100.034402      96.00     179.00       255      27         270000.0            320000.0       83.00         0.904255            90.425532
                                    White        Male Not Hispanic or Latino         451    554844.789357    246069.046928        375000.0        720000.0                76.157687                17.077569                70.00000                88.19800                 44.131488                  4.108343                      NaN                      NaN       765465.631929       416324.665555           485000.0           935000.0  217.917960  332.850257     114.00     245.00       418      33         345000.0            450000.0      131.00         0.926829            92.682927