                             derived_race derived_sex      derived_ethnicity  total_apps  avg_loan_amount  std_loan_amount  Q1_loan_amount  Q3_loan_amount  avg_loan_to_value_ratio  std_loan_to_value_ratio  Q1_loan_to_value_ratio  Q3_loan_to_value_ratio  avg_debt_to_income_ratio  std_debt_to_income_ratio  Q1_debt_to_income_ratio  Q3_debt_to_income_ratio  avg_property_value  std_property_value  Q1_property_value  Q3_property_value  avg_income  std_income  Q1_income  Q3_income  accepted  denied  iqr_loan_amount  iqr_property_value  iqr_income  acceptance_rate  acceptance_rate_pct
                 2 or more minority races      Female Not Hispanic or Latino           4    295000.000000    190962.474499        212500.0        332500.0                77.500000                16.583124                73.75000                83.75000                 44.666667                  0.577350                      NaN                      NaN        3.550000e+05       167531.091642           280000.0           385000.0   72.000000   35.898004      51.00      78.50         4       0         120000.0            105000.0       27.50         1.000000           100.000000
                 2 or more minority races        Male Not Hispanic or Latino           2    515000.000000    141421.356237        465000.0        565000.0                85.775000                15.238151                80.38750                91.16250                 46.500000                  3.535534                    45.25                    47.75        6.250000e+05       268700.576851           530000.0           720000.0  117.000000   29.698485     106.50     127.50         2       0         100000.0            190000.0       21.00         1.000000           100.000000
         American Indian or Alaska Native      Female     Hispanic or Latino           6    416666.666667     76789.756261        402500.0        467500.0                79.801500                11.670305                80.00000                87.60675                 47.750000                  1.258306                      NaN                      NaN        5.216667e+05        61210.020966           477500.0           570000.0  146.333333   34.320062     117.75     173.25         5       1          65000.0             92500.0       55.50         0.833333            83.333333
         American Indian or Alaska Native      Female Not Hispanic or Latino           4    272500.000000    142214.626533        180000.0        382500.0                58.252500                31.960304                32.08250                80.00000                 40.333333                  6.658328                      NaN                      NaN        5.550000e+05       449369.929271           312500.0           602500.0   97.500000   38.716921      88.25     121.25         4       0         202500.0            290000.0       33.00         1.000000           100.000000
         American Indian or Alaska Native        Male     Hispanic or Latino           5    309000.000000     96072.888996        325000.0        355000.0                83.216000                 8.621675                80.00000                85.00000                 43.000000                  4.966555                      NaN                      NaN        3.770000e+05       129305.839002           335000.0           475000.0   95.400000   30.171178      73.00      98.00         4       1          30000.0            140000.0       25.00         0.800000            80.000000
         American Indian or Alaska Native        Male Not Hispanic or Latino           3    731666.666667     63508.529611        695000.0        750000.0                77.614000                18.025015                70.86800                87.84950                 43.000000                  0.000000                      NaN                      NaN        1.055000e+06       324191.301549           880000.0          1200000.0  212.666667   11.676187     207.50     219.00         3       0          55000.0            320000.0       11.50         1.000000           100.000000
                                    Asian      Female     Hispanic or Latino           4    437500.000000    134505.266316        382500.0        520000.0                62.947250                32.212235                46.97525                83.75000                 43.500000                  6.363961                      NaN                      NaN        8.100000e+05       305122.926048           642500.0           972500.0  135.000000   71.902712     100.00     173.50         3       1         137500.0            330000.0       73.50         0.750000            75.000000
                                    Asian      Female Not Hispanic or Latino         233    575944.206009    246586.980830        415000.0        715000.0                71.530480                18.747335                62.36000                80.00000                 43.975155                  3.954349                      NaN                      NaN        8.498498e+05       355342.353999           605000.0          1015000.0  184.974249  109.238505     120.00     222.00       218      15         300000.0            410000.0      102.00         0.935622            93.562232
                                    Asian        Male     Hispanic or Latino           6    538333.333333    117926.530801        490000.0        577500.0                82.491000                 6.888141                80.00000                83.70950                 47.000000                  2.000000                      NaN                      NaN        6.766667e+05       154844.007526           610000.0           650000.0  190.666667   52.186844     176.00     227.75         6       0          87500.0             40000.0       51.75         1.000000           100.000000
                                    Asian        Male Not Hispanic or Latino         391    637838.874680    237638.752177        465000.0        765000.0                73.492038                15.380950                65.00000                80.00000                 43.797101                  4.236052                      NaN                      NaN        9.101918e+05       393461.172013           635000.0          1105000.0  212.849105  268.525356     131.50     239.50       361      30         300000.0            470000.0      108.00         0.923274            92.327366
                Black or African American      Female     Hispanic or Latino           1    505000.000000              NaN        505000.0        505000.0                97.000000                      NaN                97.00000                97.00000                 49.000000                       NaN                    49.00                    49.00        5.250000e+05                 NaN           525000.0           525000.0  145.000000         NaN     145.00     145.00         1       0              0.0                 0.0        0.00         1.000000           100.000000
                Black or African American      Female Not Hispanic or Latino          58    468965.517241    194827.315848        307500.0        582500.0                86.913362                15.119680                80.00000                95.00000                 44.444444                  4.081864                      NaN                      NaN        5.708621e+05       265706.832792           390000.0           742500.0  141.172414   70.134492      89.50     185.50        43      15         275000.0            352500.0       96.00         0.741379            74.137931
                Black or African American        Male     Hispanic or Latino           1    565000.000000              NaN        565000.0        565000.0                95.000000                      NaN                95.00000                95.00000                 41.000000                       NaN                    41.00                    41.00        5.950000e+05                 NaN           595000.0           595000.0  171.000000         NaN     171.00     171.00         1       0              0.0                 0.0        0.00         1.000000           100.000000
                Black or African American        Male Not Hispanic or Latino          28    612142.857143    188008.217765        487500.0        682500.0                87.157179                13.227494                83.69825                95.00000                 44.888889                  3.724148                      NaN                      NaN        7.246429e+05       233927.531400           582500.0           795000.0  436.500000 1381.836473     117.50     226.25        22       6         195000.0            212500.0      108.75         0.785714            78.571429
Native Hawaiian or Other Pacific Islander      Female Not Hispanic or Latino           1    635000.000000              NaN        635000.0        635000.0                80.000000                      NaN                80.00000                80.00000                 48.000000                       NaN                    48.00                    48.00        7.950000e+05                 NaN           795000.0           795000.0  165.000000         NaN     165.00     165.00         1       0              0.0                 0.0        0.00         1.000000           100.000000
Native Hawaiian or Other Pacific Islander        Male     Hispanic or Latino           1    445000.000000              NaN        445000.0        445000.0                80.000000                      NaN                80.00000                80.00000                 38.000000                       NaN                    38.00                    38.00        5.650000e+05                 NaN           565000.0           565000.0  299.000000         NaN     299.00     299.00         1       0              0.0                 0.0        0.00         1.000000           100.000000
Native Hawaiian or Other Pacific Islander        Male Not Hispanic or Latino           2    460000.000000    120208.152802        417500.0        502500.0                78.008000                26.858744                68.51200                87.50400                 42.000000                  2.828427                    41.00                    43.00        6.550000e+05       367695.526217           525000.0           785000.0  133.000000    4.242641     131.50     134.50         2       0          85000.0            260000.0        3.00         1.000000           100.000000
                                    White      Female     Hispanic or Latino         160    449062.500000    187110.759500        315000.0        557500.0                81.032363                17.589356                75.00000                95.00000                 44.304688                  3.599122                      NaN                      NaN        5.822500e+05       262824.402723           405000.0           695000.0  139.800000  102.610015      87.00     165.25       144      16         242500.0            290000.0       78.25         0.900000            90.000000
                                    White      Female Not Hispanic or Latino         348    482212.643678    248297.930787        295000.0        655000.0                68.295989                21.932516                51.98000                85.00000                 44.309013                  3.993395                      NaN                      NaN        7.455172e+05       399264.839180           455000.0           925000.0  168.982759  111.922136      95.00     211.25       328      20         360000.0            470000.0      116.25         0.942529            94.252874
                                    White        Male     Hispanic or Latino         267    482003.745318    204825.278525        345000.0        595000.0                83.421573                14.045994                80.00000                95.00000                 44.376289                  3.956716                      NaN                      NaN        5.879213e+05       250250.411042           420000.0           705000.0  154.149813  124.320378      91.50     177.00       237      30         250000.0            285000.0       85.50         0.887640            88.764045
                                    White        Male Not Hispanic or Latino         475    550642.105263    272069.266892        340000.0        735000.0                73.718579                18.158242                64.64000                85.05300                 43.340694                  4.183756                      NaN                      NaN        7.920526e+05       420803.615572           475000.0          1055000.0  222.642105  292.709470     110.50     251.00       441      34         395000.0            580000.0      140.50         0.928421            92.842105