                             derived_race derived_sex      derived_ethnicity  total_apps  avg_loan_amount  std_loan_amount  Q1_loan_amount  Q3_loan_amount  avg_loan_to_value_ratio  std_loan_to_value_ratio  Q1_loan_to_value_ratio  Q3_loan_to_value_ratio  avg_debt_to_income_ratio  std_debt_to_income_ratio  Q1_debt_to_income_ratio  Q3_debt_to_income_ratio  avg_property_value  std_property_value  Q1_property_value  Q3_property_value  avg_income  std_income  Q1_income  Q3_income  accepted  denied  iqr_loan_amount  iqr_property_value  iqr_income  acceptance_rate  acceptance_rate_pct
                 2 or more minority races      Female Not Hispanic or Latino           2    260000.000000    205060.966544        187500.0        332500.0                77.500000                31.819805                66.25000                88.75000                 47.000000                       NaN                      NaN                      NaN       315000.000000       155563.491861           260000.0           370000.0   71.500000   33.234019      59.75      83.25         2       0         145000.0            110000.0       23.50         1.000000           100.000000
                 2 or more minority races        Male     Hispanic or Latino           1    205000.000000              NaN        205000.0        205000.0                66.670000                      NaN                66.67000                66.67000                       NaN                       NaN                      NaN                      NaN       305000.000000                 NaN           305000.0           305000.0   23.000000         NaN      23.00      23.00         0       1              0.0                 0.0        0.00         0.000000             0.000000
                 2 or more minority races        Male Not Hispanic or Latino           1    715000.000000              NaN        715000.0        715000.0                96.081000                      NaN                96.08100                96.08100                 47.000000                       NaN                     47.0                     47.0       745000.000000                 NaN           745000.0           745000.0  195.000000         NaN     195.00     195.00         0       1              0.0                 0.0        0.00         0.000000             0.000000
         American Indian or Alaska Native      Female     Hispanic or Latino           1    415000.000000              NaN        415000.0        415000.0                80.000000                      NaN                80.00000                80.00000                 44.000000                       NaN                     44.0                     44.0       515000.000000                 NaN           515000.0           515000.0  131.000000         NaN     131.00     131.00         0       1              0.0                 0.0        0.00         0.000000             0.000000
         American Indian or Alaska Native      Female Not Hispanic or Latino           7    363571.428571    227114.403729        295000.0        420000.0                77.946429                19.941414                63.76000                95.80250                 41.833333                  4.535049                      NaN                      NaN       573571.428571       318717.668762           340000.0           650000.0  119.857143   49.908011      94.50     119.00         7       0         125000.0            310000.0       24.50         1.000000           100.000000
         American Indian or Alaska Native        Male     Hispanic or Latino          11    345000.000000    146765.118472        210000.0        475000.0                74.706909                21.837867                62.25000                89.49000                 42.142857                  5.459810                      NaN                      NaN       461363.636364       130328.256896           410000.0           530000.0  143.909091   68.191575      82.00     177.00         9       2         265000.0            120000.0       95.00         0.818182            81.818182
         American Indian or Alaska Native        Male Not Hispanic or Latino           5    315000.000000    121243.556530        245000.0        425000.0                78.690800                27.583274                75.00000                95.00000                 46.000000                  2.645751                      NaN                      NaN       471000.000000       233623.628942           305000.0           615000.0  115.000000   86.942510      60.00     120.00         5       0         180000.0            310000.0       60.00         1.000000           100.000000
                                    Asian      Female     Hispanic or Latino           3    421666.666667    200333.056018        345000.0        535000.0                89.666667                 8.386497                87.00000                94.50000                 41.000000                  1.414214                      NaN                      NaN       475000.000000       233880.311271           405000.0           610000.0  101.000000   27.404379      90.50     116.50         3       0         190000.0            205000.0       26.00         1.000000           100.000000
                                    Asian      Female Not Hispanic or Latino         208    553894.230769    220046.609831        385000.0        667500.0                71.081976                18.779265                60.00000                80.00000                 43.943662                  4.102887                      NaN                      NaN       841923.076923       504244.931136           565000.0           970000.0  188.259615  178.466441     110.75     212.00       190      18         282500.0            405000.0      101.25         0.913462            91.346154
                                    Asian        Male     Hispanic or Latino           7    525000.000000    210950.231097        360000.0        670000.0                82.857143                 6.986381                80.00000                85.00000                 44.750000                  4.031129                      NaN                      NaN       643571.428571       285156.598581           415000.0           835000.0  186.142857  108.682149     123.00     235.50         6       1         310000.0            420000.0      112.50         0.857143            85.714286
                                    Asian        Male Not Hispanic or Latino         388    616701.030928    243462.731442        445000.0        765000.0                73.623126                17.105550                65.75750                84.18325                 43.823322                  4.078644                      NaN                      NaN       882500.000000       399841.296036           632500.0          1057500.0  198.832474  150.531205     130.00     231.00       358      30         320000.0            425000.0      101.00         0.922680            92.268041
                Black or African American      Female     Hispanic or Latino           2    620000.000000    403050.865276        477500.0        762500.0                58.645000                23.129463                50.46750                66.82250                 42.000000                       NaN                      NaN                      NaN       995000.000000       296984.848098           890000.0          1100000.0  152.000000  110.308658     113.00     191.00         2       0         285000.0            210000.0       78.00         1.000000           100.000000
                Black or African American      Female Not Hispanic or Latino          43    441976.744186    203546.354656        300000.0        540000.0                81.120233                20.255001                73.23900                95.00000                 44.571429                  3.966793                      NaN                      NaN       599418.604651       293089.473789           410000.0           750000.0  139.116279   53.970102      98.00     161.00        36       7         240000.0            340000.0       63.00         0.837209            83.720930
                Black or African American        Male     Hispanic or Latino           6    685000.000000    198191.826269        525000.0        837500.0                83.666667                14.023789                77.50000                93.75000                 45.600000                  2.408319                      NaN                      NaN       861666.666667       320665.973665           597500.0          1015000.0  234.333333   91.015750     176.75     302.00         5       1         312500.0            417500.0      125.25         0.833333            83.333333
                Black or African American        Male Not Hispanic or Latino          41    529634.146341    178970.633918        405000.0        665000.0                87.716537                12.214213                80.00000                95.00000                 44.222222                  3.983942                      NaN                      NaN       632560.975610       228514.556296           455000.0           735000.0  177.902439   80.493728     134.00     197.00        35       6         260000.0            280000.0       63.00         0.853659            85.365854
Native Hawaiian or Other Pacific Islander      Female     Hispanic or Latino           1    435000.000000              NaN        435000.0        435000.0                74.138000                      NaN                74.13800                74.13800                 48.000000                       NaN                     48.0                     48.0       585000.000000                 NaN           585000.0           585000.0   89.000000         NaN      89.00      89.00         1       0              0.0                 0.0        0.00         1.000000           100.000000
Native Hawaiian or Other Pacific Islander      Female Not Hispanic or Latino           2    400000.000000     35355.339059        387500.0        412500.0                80.200000                20.930361                72.80000                87.60000                 41.000000                  7.071068                     38.5                     43.5       510000.000000        91923.881554           477500.0           542500.0  154.000000    1.414214     153.50     154.50         2       0          25000.0             65000.0        1.00         1.000000           100.000000
Native Hawaiian or Other Pacific Islander        Male     Hispanic or Latino           2    535000.000000     98994.949366        500000.0        570000.0                84.419500                14.961672                79.12975                89.70925                 47.000000                  2.828427                     46.0                     48.0       650000.000000       233345.237792           567500.0           732500.0  102.000000    7.071068      99.50     104.50         2       0          70000.0            165000.0        5.00         1.000000           100.000000
Native Hawaiian or Other Pacific Islander        Male Not Hispanic or Latino           5    555000.000000    353411.940941        325000.0        725000.0                79.064600                21.211647                58.90400                95.00000                 44.200000                  5.263079                     42.0                     47.0       755000.000000       488313.423940           385000.0           765000.0  173.200000  134.837680      81.00     157.00         5       0         400000.0            380000.0       76.00         1.000000           100.000000
                                    White      Female     Hispanic or Latino         150    421600.000000    206397.121618        255000.0        565000.0                80.835205                19.763998                75.62225                95.00000                 44.991597                  3.549877                      NaN                      NaN       550133.333333       265050.930060           357500.0           682500.0  123.733333   92.936123      75.50     147.50       134      16         310000.0            325000.0       72.00         0.893333            89.333333
                                    White      Female Not Hispanic or Latino         374    459331.550802    240521.010033        285000.0        575000.0                71.413612                20.715273                59.63250                85.00000                 43.486275                  4.401906                      NaN                      NaN       679144.385027       364611.792538           435000.0           835000.0  163.596257  117.411721      97.25     192.75       355      19         290000.0            400000.0       95.50         0.949198            94.919786
                                    White        Male     Hispanic or Latino         289    469429.065744    185561.561324        345000.0        575000.0                84.144156                14.453016                80.00000                95.00000                 44.415094                  3.708241                      NaN                      NaN       578321.799308       234350.543707           425000.0           715000.0  156.643599  139.729802      92.00     172.00       263      26         230000.0            290000.0       80.00         0.910035            91.003460
                                    White        Male Not Hispanic or Latino         451    536507.760532    249458.857542        345000.0        705000.0                72.965197                18.843139                65.21050                82.55750                 43.359060                  4.012850                      NaN                      NaN       793026.607539       480009.591758           505000.0           960000.0  215.031042  281.453717     119.00     240.00       421      30         360000.0            455000.0      121.00         0.933481            93.348115