                             derived_race derived_sex      derived_ethnicity  total_apps  avg_loan_amount  std_loan_amount  Q1_loan_amount  Q3_loan_amount  avg_loan_to_value_ratio  std_loan_to_value_ratio  Q1_loan_to_value_ratio  Q3_loan_to_value_ratio  avg_debt_to_income_ratio  std_debt_to_income_ratio  Q1_debt_to_income_ratio  Q3_debt_to_income_ratio  avg_property_value  std_property_value  Q1_property_value  Q3_property_value  avg_income  std_income  Q1_income  Q3_income  accepted  denied  iqr_loan_amount  iqr_property_value  iqr_income  acceptance_rate  acceptance_rate_pct
                 2 or more minority races      Female     Hispanic or Latino           2    240000.000000    205060.966544        167500.0        312500.0                69.780000                14.453263                 64.6700                74.89000                 41.000000                       NaN                      NaN                      NaN        3.250000e+05       226274.169980           245000.0           405000.0   93.500000   51.618795      75.25     111.75         2       0         145000.0            160000.0       36.50         1.000000           100.000000
                 2 or more minority races      Female Not Hispanic or Latino           3    471666.666667    112398.102001        410000.0        520000.0                90.666667                 9.291573                 87.5000                96.00000                 44.500000                  6.363961                      NaN                      NaN        5.183333e+05        83864.970836           470000.0           545000.0  114.333333    6.506407     111.00     117.50         3       0         110000.0             75000.0        6.50         1.000000           100.000000
                 2 or more minority races        Male     Hispanic or Latino           1    595000.000000              NaN        595000.0        595000.0                80.000000                      NaN                 80.0000                80.00000                 41.000000                       NaN                    41.00                    41.00        7.450000e+05                 NaN           745000.0           745000.0  260.000000         NaN     260.00     260.00         1       0              0.0                 0.0        0.00         1.000000           100.000000
                 2 or more minority races        Male Not Hispanic or Latino           3    368333.333333    166533.279957        275000.0        435000.0                70.022667                22.955297                 61.8835                83.15050                 44.000000                  2.828427                      NaN                      NaN        5.316667e+05       165025.250593           450000.0           615000.0  162.333333  144.617887      79.00     208.50         3       0         160000.0            165000.0      129.50         1.000000           100.000000
         American Indian or Alaska Native      Female     Hispanic or Latino           2    665000.000000    226274.169980        585000.0        745000.0                88.000000                11.313708                 84.0000                92.00000                 48.500000                  0.707107                    48.25                    48.75        7.850000e+05       353553.390593           660000.0           910000.0  153.000000   45.254834     137.00     169.00         2       0         160000.0            250000.0       32.00         1.000000           100.000000
         American Indian or Alaska Native      Female Not Hispanic or Latino           8    483750.000000    170749.398660        395000.0        667500.0                81.702625                17.214204                 73.7500                93.57725                 43.250000                  3.947573                      NaN                      NaN        6.387500e+05       264571.756402           445000.0           875000.0  223.000000  142.373754     137.25     255.00         8       0         272500.0            430000.0      117.75         1.000000           100.000000
         American Indian or Alaska Native        Male     Hispanic or Latino          17    427941.176471    181272.057481        295000.0        575000.0                86.008647                12.349479                 80.0000                95.00000                 43.785714                  4.098378                      NaN                      NaN        4.944118e+05       199326.070430           305000.0           615000.0  120.529412   46.475958      84.00     148.00        14       3         280000.0            310000.0       64.00         0.823529            82.352941
         American Indian or Alaska Native        Male Not Hispanic or Latino           1    605000.000000              NaN        605000.0        605000.0                58.537000                      NaN                 58.5370                58.53700                 38.000000                       NaN                    38.00                    38.00        1.025000e+06                 NaN          1025000.0          1025000.0  221.000000         NaN     221.00     221.00         1       0              0.0                 0.0        0.00         1.000000           100.000000
                                    Asian      Female     Hispanic or Latino          11    379545.454545    157630.177083        295000.0        450000.0                73.775636                24.134281                 61.6905                95.00000                 44.888889                  3.551213                      NaN                      NaN        5.913636e+05       359228.972308           390000.0           745000.0  104.909091   52.129559      85.50     118.00        10       1         155000.0            355000.0       32.50         0.909091            90.909091
                                    Asian      Female Not Hispanic or Latino         223    577466.367713    216752.687336        415000.0        705000.0                72.887762                18.498662                 62.9815                85.56500                 44.052941                  4.054746                      NaN                      NaN        8.644170e+05       474944.397956           595000.0          1000000.0  172.573991   79.495326     121.50     202.50       212      11         290000.0            405000.0       81.00         0.950673            95.067265
                                    Asian        Male     Hispanic or Latino          11    529545.454545    210777.780440        425000.0        630000.0                69.680818                24.551993                 66.3995                82.50000                 43.444444                  5.222813                      NaN                      NaN        7.813636e+05       203777.954022           650000.0           840000.0  161.363636   46.117833     134.50     176.50        11       0         205000.0            190000.0       42.00         1.000000           100.000000
                                    Asian        Male Not Hispanic or Latino         376    627260.638298    238692.988069        462500.0        765000.0                72.950944                17.986644                 64.5845                85.00000                 43.432331                  4.054944                      NaN                      NaN        9.219149e+05       456081.926198           622500.0          1165000.0  205.675532  136.841986     133.00     244.50       352      24         302500.0            542500.0      111.50         0.936170            93.617021
                Black or African American      Female     Hispanic or Latino           1    555000.000000              NaN        555000.0        555000.0               100.000000                      NaN                100.0000               100.00000                 42.000000                       NaN                    42.00                    42.00        6.950000e+05                 NaN           695000.0           695000.0  154.000000         NaN     154.00     154.00         1       0              0.0                 0.0        0.00         1.000000           100.000000
                Black or African American      Female Not Hispanic or Latino          49    491122.448980    183425.919726        365000.0        625000.0                86.777796                14.279499                 80.0000                95.00000                 43.512195                  3.722378                      NaN                      NaN        6.103061e+05       243875.839660           425000.0           735000.0  169.959184  101.206875     111.00     197.00        42       7         260000.0            310000.0       86.00         0.857143            85.714286
                Black or African American        Male     Hispanic or Latino           2    515000.000000     42426.406871        500000.0        530000.0                85.000000                14.142136                 80.0000                90.00000                 41.000000                  4.242641                    39.50                    42.50        6.100000e+05        49497.474683           592500.0           627500.0  138.000000   35.355339     125.50     150.50         2       0          30000.0             35000.0       25.00         1.000000           100.000000
                Black or African American        Male Not Hispanic or Latino          39    558846.153846    270590.148269        385000.0        665000.0                87.014487                14.111480                 80.0000                95.00000                 44.931034                  2.877636                      NaN                      NaN        6.826923e+05       303882.435183           490000.0           750000.0  186.025641  143.665270     110.00     209.50        31       8         280000.0            260000.0       99.50         0.794872            79.487179
Native Hawaiian or Other Pacific Islander      Female     Hispanic or Latino           1    435000.000000              NaN        435000.0        435000.0                74.138000                      NaN                 74.1380                74.13800                 48.000000                       NaN                    48.00                    48.00        5.850000e+05                 NaN           585000.0           585000.0   89.000000         NaN      89.00      89.00         1       0              0.0                 0.0        0.00         1.000000           100.000000
Native Hawaiian or Other Pacific Islander        Male     Hispanic or Latino           2    460000.000000    275771.644663        362500.0        557500.0                86.528000                19.052285                 79.7920                93.26400                 46.000000                       NaN                      NaN                      NaN        5.850000e+05       452548.339959           425000.0           745000.0  111.000000   53.740115      92.00     130.00         1       1         195000.0            320000.0       38.00         0.500000            50.000000
Native Hawaiian or Other Pacific Islander        Male Not Hispanic or Latino           1    285000.000000              NaN        285000.0        285000.0                97.000000                      NaN                 97.0000                97.00000                 47.000000                       NaN                    47.00                    47.00        2.950000e+05                 NaN           295000.0           295000.0  102.000000         NaN     102.00     102.00         1       0              0.0                 0.0        0.00         1.000000           100.000000
                                    White      Female     Hispanic or Latino         186    440591.397849    211399.262908        285000.0        580000.0                82.037863                17.483677                 75.0000                95.00000                 44.113636                  4.050535                      NaN                      NaN        5.540323e+05       249590.213409           385000.0           682500.0  135.967742   87.109679      81.25     157.50       166      20         295000.0            297500.0       76.25         0.892473            89.247312
                                    White      Female Not Hispanic or Latino         364    467747.252747    228898.745447        305000.0        637500.0                69.611165                21.241604                 55.8350                85.00000                 43.524000                  3.947627                      NaN                      NaN        7.169505e+05       371205.745560           475000.0           885000.0  159.076923   88.037680     100.75     198.00       341      23         332500.0            410000.0       97.25         0.936813            93.681319
                                    White        Male     Hispanic or Latino         272    476580.882353    205493.019073        335000.0        597500.0                83.574213                14.983844                 80.0000                95.00000                 44.252577                  4.030084                      NaN                      NaN        5.968015e+05       276941.767757           405000.0           755000.0  161.242647  117.956587      91.75     180.00       241      31         262500.0            350000.0       88.25         0.886029            88.602941
                                    White        Male Not Hispanic or Latino         425    558811.764706    262731.591196        355000.0        745000.0                74.416584                19.330132                 65.0000                89.97500                 43.761733                  4.056786                      NaN                      NaN        7.910941e+05       403189.279241           495000.0           995000.0  212.070588  199.614415     111.00     242.00       392      33         390000.0            500000.0      131.00         0.922353            92.235294