                             derived_race derived_sex      derived_ethnicity  total_apps  avg_loan_amount  std_loan_amount  Q1_loan_amount  Q3_loan_amount  avg_loan_to_value_ratio  std_loan_to_value_ratio  Q1_loan_to_value_ratio  Q3_loan_to_value_ratio  avg_debt_to_income_ratio  std_debt_to_income_ratio  Q1_debt_to_income_ratio  Q3_debt_to_income_ratio  avg_property_value  std_property_value  Q1_property_value  Q3_property_value  avg_income  std_income  Q1_income  Q3_income  accepted  denied  iqr_loan_amount  iqr_property_value  iqr_income  acceptance_rate  acceptance_rate_pct
                 2 or more minority races      Female     Hispanic or Latino           2    800000.000000    261629.509039        707500.0        892500.0                80.000000                 0.000000                80.00000                80.00000                 41.000000                       NaN                      NaN                      NaN       995000.000000       325269.119346           880000.0          1110000.0  187.500000   86.974134     156.75     218.25         2       0         185000.0            230000.0       61.50         1.000000           100.000000
                 2 or more minority races      Female Not Hispanic or Latino           2    390000.000000    176776.695297        327500.0        452500.0                78.000000                15.556349                72.50000                83.50000                 47.500000                  0.707107                    47.25                    47.75       565000.000000       296984.848098           460000.0           670000.0  105.000000   24.041631      96.50     113.50         2       0         125000.0            210000.0       17.00         1.000000           100.000000
                 2 or more minority races        Male Not Hispanic or Latino           3    311666.666667     80208.062770        270000.0        350000.0                72.922333                26.339611                61.88350                87.50000                 45.500000                  4.949747                      NaN                      NaN       448333.333333        77674.534652           405000.0           480000.0   98.666667   19.347696      87.50     104.50         3       0          80000.0             75000.0       17.00         1.000000           100.000000
         American Indian or Alaska Native      Female     Hispanic or Latino           4    520000.000000    156311.654503        440000.0        570000.0                89.287750                 7.945011                86.28775                95.00000                 46.500000                  2.380476                    46.00                    48.00       580000.000000       152861.593171           510000.0           640000.0  113.000000   32.843061      96.50     123.50         4       0         130000.0            130000.0       27.00         1.000000           100.000000
         American Indian or Alaska Native      Female Not Hispanic or Latino           2    400000.000000    106066.017178        362500.0        437500.0                73.959500                29.755760                63.43925                84.47975                 41.000000                       NaN                      NaN                      NaN       555000.000000        70710.678119           530000.0           580000.0  290.000000  282.842712     190.00     390.00         2       0          75000.0             50000.0      200.00         1.000000           100.000000
         American Indian or Alaska Native        Male     Hispanic or Latino           8    395000.000000    128951.818245        282500.0        472500.0                87.410250                15.132460                78.75000                95.97250                 42.857143                  5.080307                      NaN                      NaN       493750.000000       232098.347381           295000.0           592500.0  109.750000   56.324950      70.25     150.50         6       2         190000.0            297500.0       80.25         0.750000            75.000000
         American Indian or Alaska Native        Male Not Hispanic or Latino           4    510000.000000    242555.835496        302500.0        717500.0                81.180000                 6.306172                78.54750                82.49750                 44.250000                  5.251984                    42.25                    47.50       625000.000000       275317.997959           397500.0           832500.0  212.500000   94.249668     193.25     268.25         4       0         415000.0            435000.0       75.00         1.000000           100.000000
                                    Asian      Female     Hispanic or Latino           6    593333.333333    256391.627528        447500.0        722500.0                91.575167                 4.900381                89.79875                94.75000                 45.500000                  4.358899                      NaN                      NaN       656666.666667       291301.676388           485000.0           812500.0  163.333333   90.354118     102.50     208.00         6       0         275000.0            327500.0      105.50         1.000000           100.000000
                                    Asian      Female Not Hispanic or Latino         232    554439.655172    220369.889317        402500.0        685000.0                72.384521                18.827046                65.87250                80.00000                 43.879518                  4.050881                      NaN                      NaN       811594.827586       339588.558755           575000.0           917500.0  177.254310  115.743035     111.75     200.25       214      18         282500.0            342500.0       88.50         0.922414            92.241379
                                    Asian        Male     Hispanic or Latino          14    645714.285714    204242.099394        517500.0        762500.0                77.207500                16.490252                76.70500                82.62650                 41.444444                  3.908680                      NaN                      NaN       847857.142857       252751.887201           625000.0          1072500.0  264.214286  263.398843     175.75     239.50        14       0         245000.0            447500.0       63.75         1.000000           100.000000
                                    Asian        Male Not Hispanic or Latino         382    604581.151832    233671.668753        445000.0        755000.0                72.772172                17.420991                64.92300                80.00000                 43.593870                  4.013894                      NaN                      NaN       882801.047120       406759.013050           615000.0          1055000.0  197.866492  122.839889     129.25     239.50       359      23         310000.0            440000.0      110.25         0.939791            93.979058
                Black or African American      Female     Hispanic or Latino           3    625000.000000    190000.000000        545000.0        730000.0                89.000000                12.165525                85.00000                96.00000                 42.500000                  4.949747                      NaN                      NaN       715000.000000       253574.446662           625000.0           860000.0  223.666667   86.431090     192.50     273.00         3       0         185000.0            235000.0       80.50         1.000000           100.000000
                Black or African American      Female Not Hispanic or Latino          44    488181.818182    234230.781915        342500.0        647500.0                84.301705                16.618432                79.74250                95.21625                 43.916667                  4.142980                      NaN                      NaN       612500.000000       242909.926841           430000.0           762500.0  148.886364   87.691642      96.75     168.25        37       7         305000.0            332500.0       71.50         0.840909            84.090909
                Black or African American        Male     Hispanic or Latino           2    435000.000000     70710.678119        410000.0        460000.0                86.000000                15.556349                80.50000                91.50000                 45.000000                  1.414214                    44.50                    45.50       520000.000000       176776.695297           457500.0           582500.0  117.000000    5.656854     115.00     119.00         2       0          50000.0            125000.0        4.00         1.000000           100.000000
                Black or African American        Male Not Hispanic or Latino          32    593750.000000    255642.769908        437500.0        705000.0                83.320781                16.922022                80.00000                95.00000                 44.043478                  3.573619                      NaN                      NaN       765937.500000       422552.606956           550000.0           810000.0  216.343750  159.763860     133.25     242.75        30       2         267500.0            260000.0      109.50         0.937500            93.750000
Native Hawaiian or Other Pacific Islander      Female     Hispanic or Latino           1    315000.000000              NaN        315000.0        315000.0                87.000000                      NaN                87.00000                87.00000                 47.000000                       NaN                    47.00                    47.00       365000.000000                 NaN           365000.0           365000.0   75.000000         NaN      75.00      75.00         1       0              0.0                 0.0        0.00         1.000000           100.000000
Native Hawaiian or Other Pacific Islander      Female Not Hispanic or Latino           1    375000.000000              NaN        375000.0        375000.0                65.400000                      NaN                65.40000                65.40000                 36.000000                       NaN                    36.00                    36.00       575000.000000                 NaN           575000.0           575000.0  155.000000         NaN     155.00     155.00         1       0              0.0                 0.0        0.00         1.000000           100.000000
Native Hawaiian or Other Pacific Islander        Male     Hispanic or Latino           2    665000.000000    268700.576851        570000.0        760000.0                76.000000                26.870058                66.50000                85.50000                 36.000000                       NaN                      NaN                      NaN       865000.000000        56568.542495           845000.0           885000.0  429.500000  238.294985     345.25     513.75         2       0         190000.0             40000.0      168.50         1.000000           100.000000
Native Hawaiian or Other Pacific Islander        Male Not Hispanic or Latino           3    645000.000000    307896.086367        475000.0        775000.0                86.984000                 6.067023                85.00000                90.47600                 42.000000                  1.732051                    41.50                    43.00       741666.666667       336501.609704           565000.0           900000.0  182.000000   96.762596     137.50     233.50         3       0         300000.0            335000.0       96.00         1.000000           100.000000
                                    White      Female     Hispanic or Latino         163    417883.435583    200221.247767        270000.0        535000.0                79.152466                20.383918                73.81550                95.00000                 44.603053                  3.856422                      NaN                      NaN       555674.846626       251042.588572           385000.0           675000.0  138.067485  119.860316      74.50     152.00       150      13         265000.0            290000.0       77.50         0.920245            92.024540
                                    White      Female Not Hispanic or Latino         358    476759.776536    251987.013031        295000.0        615000.0                70.301272                21.993862                55.14850                85.00000                 44.015625                  4.153873                      NaN                      NaN       716899.441341       378711.172696           475000.0           885000.0  160.726257  127.783290      87.25     195.00       332      26         320000.0            410000.0      107.75         0.927374            92.737430
                                    White        Male     Hispanic or Latino         264    457803.030303    210032.821603        315000.0        575000.0                82.191545                17.095415                78.70500                95.00000                 44.338462                  3.999782                      NaN                      NaN       587234.848485       285743.519761           405000.0           725000.0  165.992424  128.965200      92.00     187.50       241      23         260000.0            320000.0       95.50         0.912879            91.287879
                                    White        Male Not Hispanic or Latino         468    548247.863248    259497.386238        355000.0        715000.0                75.997596                17.720110                69.07500                90.00000                 43.353698                  3.867605                      NaN                      NaN       761901.709402       393611.204704           485000.0           955000.0  192.399573  166.671100     114.00     231.25       427      41         360000.0            470000.0      117.25         0.912393            91.239316