                             derived_race derived_sex      derived_ethnicity  total_apps  avg_loan_amount  std_loan_amount  Q1_loan_amount  Q3_loan_amount  avg_loan_to_value_ratio  std_loan_to_value_ratio  Q1_loan_to_value_ratio  Q3_loan_to_value_ratio  avg_debt_to_income_ratio  std_debt_to_income_ratio  Q1_debt_to_income_ratio  Q3_debt_to_income_ratio  avg_property_value  std_property_value  Q1_property_value  Q3_property_value  avg_income  std_income  Q1_income  Q3_income  accepted  denied  iqr_loan_amount  iqr_property_value  iqr_income  acceptance_rate  acceptance_rate_pct
                 2 or more minority races      Female     Hispanic or Latino           1    385000.000000              NaN        385000.0        385000.0                80.000000                      NaN                80.00000                 80.0000                       NaN                       NaN                      NaN                      NaN        4.850000e+05                 NaN           485000.0           485000.0  130.000000         NaN     130.00     130.00         1       0              0.0                 0.0        0.00         1.000000           100.000000
                 2 or more minority races      Female Not Hispanic or Latino           1    435000.000000              NaN        435000.0        435000.0                91.500000                      NaN                91.50000                 91.5000                 49.000000                       NaN                    49.00                     49.0        4.850000e+05                 NaN           485000.0           485000.0  119.000000         NaN     119.00     119.00         1       0              0.0                 0.0        0.00         1.000000           100.000000
                 2 or more minority races        Male     Hispanic or Latino           2    265000.000000    296984.848098        160000.0        370000.0                83.180000                 9.630794                79.77500                 86.5850                 39.000000                  2.828427                    38.00                     40.0        2.950000e+05        3.252691e+05           180000.0           410000.0   78.500000   54.447222      59.25      97.75         2       0         210000.0            230000.0       38.50         1.000000           100.000000
                 2 or more minority races        Male Not Hispanic or Latino           3    611666.666667    459818.804893        365000.0        820000.0                90.666667                 9.291573                87.50000                 96.0000                 44.666667                  5.131601                    42.50                     47.5        7.116667e+05        6.005275e+05           380000.0           965000.0  174.666667  136.738193      99.00     232.00         2       1         455000.0            585000.0      133.00         0.666667            66.666667
         American Indian or Alaska Native      Female     Hispanic or Latino           2    365000.000000     42426.406871        350000.0        380000.0                79.000000                15.556349                73.50000                 84.5000                       NaN                       NaN                      NaN                      NaN        4.650000e+05        4.242641e+04           450000.0           480000.0  149.500000   57.275649     129.25     169.75         2       0          30000.0             30000.0       40.50         1.000000           100.000000
         American Indian or Alaska Native      Female Not Hispanic or Latino           5    589000.000000    279874.972086        455000.0        545000.0                93.967000                10.778935                90.00000                 95.0000                 47.666667                  2.309401                      NaN                      NaN        6.590000e+05        3.942461e+05           505000.0           575000.0  204.000000  166.953586     108.00     224.00         4       1          90000.0             70000.0      116.00         0.800000            80.000000
         American Indian or Alaska Native        Male     Hispanic or Latino           9    342777.777778    167091.126169        295000.0        375000.0                76.598889                24.606514                80.00000                 90.0000                 44.833333                  3.600926                      NaN                      NaN        4.750000e+05        2.043282e+05           395000.0           535000.0  131.888889   76.773115      81.00     180.00         7       2          80000.0            140000.0       99.00         0.777778            77.777778
         American Indian or Alaska Native        Male Not Hispanic or Latino           5    517000.000000    114760.620424        455000.0        505000.0                69.020200                30.366178                37.41100                 95.0000                 43.000000                       NaN                      NaN                      NaN        1.227000e+06        1.049247e+06           605000.0          1335000.0  341.000000  242.140455     182.00     540.00         4       1          50000.0            730000.0      358.00         0.800000            80.000000
                                    Asian      Female     Hispanic or Latino          11    477727.272727    217305.817184        320000.0        615000.0                78.872091                12.199690                69.29550                 88.0555                 43.777778                  4.657730                      NaN                      NaN        6.059091e+05        2.959883e+05           440000.0           700000.0  136.090909   77.647221      86.00     156.50        11       0         295000.0            260000.0       70.50         1.000000           100.000000
                                    Asian      Female Not Hispanic or Latino         227    568920.704846    237902.063704        395000.0        705000.0                72.306475                19.186041                64.85300                 85.0000                 43.982036                  3.917020                      NaN                      NaN        8.524890e+05        4.836013e+05           575000.0           925000.0  187.440529  136.223235     120.00     205.00       215      12         310000.0            350000.0       85.00         0.947137            94.713656
                                    Asian        Male     Hispanic or Latino          11    652272.727273    231995.297758        530000.0        800000.0                81.746909                12.560154                80.00000                 87.5000                 45.090909                  4.276787                    42.50                     49.0        8.286364e+05        3.347319e+05           605000.0          1195000.0  152.545455   60.706447     114.50     209.00        10       1         270000.0            590000.0       94.50         0.909091            90.909091
                                    Asian        Male Not Hispanic or Latino         386    628575.129534    239961.394737        455000.0        772500.0                73.898948                17.556285                65.12925                 85.0000                 43.909747                  3.872396                      NaN                      NaN        8.979534e+05        3.876021e+05           625000.0          1135000.0  201.349741  146.759135     128.25     234.75       356      30         317500.0            510000.0      106.50         0.922280            92.227979
                Black or African American      Female     Hispanic or Latino           6    466666.666667    246529.240997        442500.0        612500.0                92.481333                 4.193997                90.00000                 93.7410                 42.166667                  4.020779                    40.25                     43.0        6.166667e+05        1.257643e+05           522500.0           682500.0  141.000000   25.549951     131.50     160.00         6       0         170000.0            160000.0       28.50         1.000000           100.000000
                Black or African American      Female Not Hispanic or Latino          41    461585.365854    201737.574042        325000.0        555000.0                83.403366                19.390721                80.00000                 95.0000                 44.103448                  4.426744                      NaN                      NaN        5.750000e+05        2.251444e+05           415000.0           705000.0  146.048780   68.707333      92.00     183.00        35       6         230000.0            290000.0       91.00         0.853659            85.365854
                Black or African American        Male     Hispanic or Latino           4    285000.000000    101324.561024        230000.0        360000.0                86.717500                21.330867                84.96750                 97.7500                 45.000000                  3.605551                      NaN                      NaN        3.675000e+05        2.153099e+05           237500.0           460000.0  125.250000   90.474214      67.75     164.50         2       2         130000.0            222500.0       96.75         0.500000            50.000000
                Black or African American        Male Not Hispanic or Latino          28    496785.714286    243204.738797        292500.0        707500.0                83.747643                15.852339                78.75000                 95.0000                 45.086957                  3.987629                      NaN                      NaN        6.185714e+05        3.604649e+05           362500.0           787500.0  161.892857   97.122809      88.50     222.50        24       4         415000.0            425000.0      134.00         0.857143            85.714286
Native Hawaiian or Other Pacific Islander      Female     Hispanic or Latino           2    365000.000000     42426.406871        350000.0        380000.0                92.500000                 3.535534                91.25000                 93.7500                 49.000000                       NaN                      NaN                      NaN        3.950000e+05        4.242641e+04           380000.0           410000.0  137.500000    7.778175     134.75     140.25         2       0          30000.0             30000.0        5.50         1.000000           100.000000
Native Hawaiian or Other Pacific Islander        Male     Hispanic or Latino           1    415000.000000              NaN        415000.0        415000.0                89.990000                      NaN                89.99000                 89.9900                 37.000000                       NaN                    37.00                     37.0        4.550000e+05                 NaN           455000.0           455000.0  111.000000         NaN     111.00     111.00         1       0              0.0                 0.0        0.00         1.000000           100.000000
Native Hawaiian or Other Pacific Islander        Male Not Hispanic or Latino           7    533571.428571    314612.384341        290000.0        660000.0                91.100714                 8.481179                84.50000                 97.0000                 42.833333                  3.970726                      NaN                      NaN        6.550000e+05        4.612302e+05           340000.0           755000.0  198.571429  135.641509      69.50     270.00         4       3         370000.0            415000.0      200.50         0.571429            57.142857
                                    White      Female     Hispanic or Latino         161    430590.062112    185667.191234        305000.0        535000.0                81.822907                17.398144                79.99000                 95.0000                 44.269841                  4.030708                      NaN                      NaN        5.403416e+05        2.099167e+05           385000.0           655000.0  123.354037   66.957861      84.00     152.00       143      18         230000.0            270000.0       68.00         0.888199            88.819876
                                    White      Female Not Hispanic or Latino         352    473011.363636    226557.338859        315000.0        605000.0                70.151551                20.852545                55.48300                 84.8190                 44.326772                  3.966200                      NaN                      NaN        7.168750e+05        3.828271e+05           462500.0           857500.0  167.460227  127.039817      98.00     198.25       322      30         290000.0            395000.0      100.25         0.914773            91.477273
                                    White        Male     Hispanic or Latino         292    467773.972603    203738.707082        325000.0        587500.0                83.789979                14.913259                80.00000                 95.0000                 44.923810                  3.771450                      NaN                      NaN        5.757192e+05        2.577203e+05           402500.0           727500.0  154.438356  157.943201      91.00     171.25       266      26         262500.0            325000.0       80.25         0.910959            91.095890
                                    White        Male Not Hispanic or Latino         443    554390.519187    260317.137945        355000.0        730000.0                73.451072                19.308972                62.76650                 88.0000                 43.274510                  4.051691                      NaN                      NaN        8.219752e+05        5.049196e+05           505000.0           995000.0  230.905192  451.960235     113.50     244.00       408      35         375000.0            490000.0      130.50         0.920993            92.099323