                             derived_race derived_sex      derived_ethnicity  total_apps  avg_loan_amount  std_loan_amount  Q1_loan_amount  Q3_loan_amount  avg_loan_to_value_ratio  std_loan_to_value_ratio  Q1_loan_to_value_ratio  Q3_loan_to_value_ratio  avg_debt_to_income_ratio  std_debt_to_income_ratio  Q1_debt_to_income_ratio  Q3_debt_to_income_ratio  avg_property_value  std_property_value  Q1_property_value  Q3_property_value  avg_income  std_income  Q1_income  Q3_income  accepted  denied  iqr_loan_amount  iqr_property_value  iqr_income  acceptance_rate  acceptance_rate_pct
                 2 or more minority races      Female     Hispanic or Latino           1    625000.000000              NaN        625000.0        625000.0                73.370000                      NaN                73.37000                73.37000                 49.000000                       NaN                    49.00                    49.00        8.450000e+05                 NaN           845000.0           845000.0  143.000000         NaN     143.00     143.00         1       0              0.0                 0.0        0.00         1.000000           100.000000
                 2 or more minority races      Female Not Hispanic or Latino           4    327500.000000     74105.780251        275000.0        387500.0                74.294500                25.706024                58.80350                92.50000                 49.000000                       NaN                      NaN                      NaN        4.725000e+05       137204.227340           382500.0           570000.0  117.000000   33.882149      89.00     143.00         4       0         112500.0            187500.0       54.00         1.000000           100.000000
                 2 or more minority races        Male     Hispanic or Latino           4    440000.000000    205507.501891        370000.0        525000.0                92.247750                 4.574734                89.24275                95.50000                 43.666667                  2.516611                      NaN                      NaN        5.450000e+05       325269.119346           417500.0           637500.0  220.500000   80.222607     181.50     270.00         4       0         155000.0            220000.0       88.50         1.000000           100.000000
                 2 or more minority races        Male Not Hispanic or Latino           2    735000.000000    325269.119346        620000.0        850000.0                84.995000                 7.063997                82.49750                87.49250                 49.000000                       NaN                      NaN                      NaN        9.000000e+05       431335.136524           747500.0          1052500.0  230.500000  173.241161     169.25     291.75         2       0         230000.0            305000.0      122.50         1.000000           100.000000
         American Indian or Alaska Native      Female     Hispanic or Latino           5    499000.000000    157098.695093        405000.0        585000.0                87.005200                 9.797871                83.64000                95.00000                 43.750000                  5.315073                      NaN                      NaN        5.830000e+05       194345.053963           445000.0           775000.0  116.200000   41.739669      81.00     158.00         4       1         180000.0            330000.0       77.00         0.800000            80.000000
         American Indian or Alaska Native      Female Not Hispanic or Latino           3    745000.000000     34641.016151        735000.0        765000.0                73.613333                14.250384                65.43500                78.48000                 43.000000                  7.071068                      NaN                      NaN        1.158333e+06        98657.657246          1125000.0          1215000.0  323.000000  243.283785     184.50     412.50         3       0          30000.0             90000.0      228.00         1.000000           100.000000
         American Indian or Alaska Native        Male     Hispanic or Latino          13    468076.923077    197963.995690        385000.0        615000.0                80.672308                24.735630                80.00000                95.00000                 43.090909                  4.134115                      NaN                      NaN        5.665385e+05       164815.359005           485000.0           655000.0  132.615385   59.205206      91.00     162.00        11       2         230000.0            170000.0       71.00         0.846154            84.615385
         American Indian or Alaska Native        Male Not Hispanic or Latino           4    487500.000000    193455.421222        405000.0        567500.0                79.927500                13.496571                72.84500                84.58250                 42.750000                  6.652067                    37.00                    48.25        6.200000e+05       238956.062907           495000.0           735000.0  149.000000   84.459063     111.00     172.00         4       0         162500.0            240000.0       61.00         1.000000           100.000000
                                    Asian      Female     Hispanic or Latino           9    406111.111111    167439.873122        385000.0        505000.0                69.829778                24.939910                50.46000                90.00000                 43.250000                  4.349329                      NaN                      NaN        6.838889e+05       361194.007579           475000.0           905000.0  220.111111  344.673195      91.00     129.00         6       3         120000.0            430000.0       38.00         0.666667            66.666667
                                    Asian      Female Not Hispanic or Latino         234    570854.700855    227510.119190        407500.0        712500.0                71.686603                17.796606                60.00000                80.00000                 43.695402                  3.792948                      NaN                      NaN        8.397863e+05       370095.912150           585000.0          1005000.0  177.542735  112.764407     116.00     205.00       213      21         305000.0            420000.0       89.00         0.910256            91.025641
                                    Asian        Male     Hispanic or Latino          16    582500.000000    258624.567021        402500.0        787500.0                77.054187                17.462873                79.29200                89.92900                 43.750000                  4.234214                      NaN                      NaN        8.400000e+05       347467.024814           497500.0          1135000.0  246.937500  259.677869     131.25     244.50        15       1         385000.0            637500.0      113.25         0.937500            93.750000
                                    Asian        Male Not Hispanic or Latino         386    624455.958549    244422.381653        455000.0        765000.0                73.512974                18.079915                66.39175                83.91175                 43.946996                  3.893168                      NaN                      NaN        8.998705e+05       422427.872959           605000.0          1102500.0  226.422280  420.216618     133.00     230.00       359      27         310000.0            497500.0       97.00         0.930052            93.005181
                Black or African American      Female     Hispanic or Latino           5    369000.000000    101143.462468        335000.0        425000.0                70.431800                28.994605                42.29000                90.00000                 45.333333                  0.577350                      NaN                      NaN        6.510000e+05       176436.957580           595000.0           785000.0  104.400000   21.972710      98.00     118.00         5       0          90000.0            190000.0       20.00         1.000000           100.000000
                Black or African American      Female Not Hispanic or Latino          39    476025.641026    207780.183339        345000.0        575000.0                85.777641                16.392466                80.00000                97.00000                 44.612903                  4.071670                      NaN                      NaN        6.065385e+05       247732.224510           455000.0           695000.0  134.256410   51.961888     106.00     155.00        35       4         230000.0            240000.0       49.00         0.897436            89.743590
                Black or African American        Male     Hispanic or Latino           4    450000.000000    313421.973278        310000.0        575000.0                51.401250                29.520992                45.45400                63.74975                 39.500000                  2.121320                      NaN                      NaN        8.950000e+05       400499.687890           725000.0           995000.0  757.500000 1246.047217      80.25     857.75         4       0         265000.0            270000.0      777.50         1.000000           100.000000
                Black or African American        Male Not Hispanic or Latino          28    543571.428571    247456.906622        355000.0        735000.0                80.390832                23.066318                66.52575                95.50000                 43.800000                  3.839643                      NaN                      NaN        7.442857e+05       429089.721874           440000.0           852500.0  173.464286   99.280554     109.50     204.25        23       5         380000.0            412500.0       94.75         0.821429            82.142857
Native Hawaiian or Other Pacific Islander      Female Not Hispanic or Latino           2    320000.000000    148492.424049        267500.0        372500.0                58.268500                44.875118                42.40275                74.13425                 49.000000                  0.000000                    49.00                    49.00        6.450000e+05       240416.305603           560000.0           730000.0   83.500000   19.091883      76.75      90.25         2       0         105000.0            170000.0       13.50         1.000000           100.000000
Native Hawaiian or Other Pacific Islander        Male     Hispanic or Latino           2    495000.000000     28284.271247        485000.0        505000.0                67.731000                15.175926                62.36550                73.09650                 44.000000                       NaN                      NaN                      NaN        7.400000e+05       120208.152802           697500.0           782500.0  359.500000  337.289935     240.25     478.75         2       0          20000.0             85000.0      238.50         1.000000           100.000000
Native Hawaiian or Other Pacific Islander        Male Not Hispanic or Latino           2    335000.000000     70710.678119        310000.0        360000.0                87.141000                 5.389568                85.23550                89.04650                 43.500000                  0.707107                    43.25                    43.75        3.800000e+05        63639.610307           357500.0           402500.0   66.500000   17.677670      60.25      72.75         1       1          50000.0             45000.0       12.50         0.500000            50.000000
                                    White      Female     Hispanic or Latino         140    475000.000000    214874.900865        305000.0        620000.0                82.590671                16.325883                80.00000                95.00000                 44.437500                  3.859658                      NaN                      NaN        6.191429e+05       378358.791531           425000.0           767500.0  145.271429  122.310658      83.75     172.25       128      12         315000.0            342500.0       88.50         0.914286            91.428571
                                    White      Female Not Hispanic or Latino         339    467123.893805    230337.228955        305000.0        615000.0                70.415720                19.900027                57.55400                80.47500                 43.877729                  4.081718                      NaN                      NaN        7.050000e+05       404401.815528           455000.0           860000.0  176.451327  213.514934      93.00     199.00       309      30         310000.0            405000.0      106.00         0.911504            91.150442
                                    White        Male     Hispanic or Latino         292    466609.589041    194571.902037        345000.0        565000.0                83.087459                15.005344                79.32375                95.00000                 43.960976                  3.980152                      NaN                      NaN        5.842123e+05       268229.006862           435000.0           695000.0  165.414384  148.710850      98.00     184.50       269      23         220000.0            260000.0       86.50         0.921233            92.123288
                                    White        Male Not Hispanic or Latino         466    558884.120172    266186.407894        365000.0        742500.0                74.811861                17.633191                66.34800                87.48450                 43.304207                  3.969610                      NaN                      NaN        7.831545e+05       389765.887481           535000.0           955000.0  219.811159  237.265413     117.25     259.50       444      22         377500.0            420000.0      142.25         0.952790            95.278970