                             derived_race derived_sex      derived_ethnicity  total_apps  avg_loan_amount  std_loan_amount  Q1_loan_amount  Q3_loan_amount  avg_loan_to_value_ratio  std_loan_to_value_ratio  Q1_loan_to_value_ratio  Q3_loan_to_value_ratio  avg_debt_to_income_ratio  std_debt_to_income_ratio  Q1_debt_to_income_ratio  Q3_debt_to_income_ratio  avg_property_value  std_property_value  Q1_property_value  Q3_property_value  avg_income  std_income  Q1_income  Q3_income  accepted  denied  iqr_loan_amount  iqr_property_value  iqr_income  acceptance_rate  acceptance_rate_pct
                 2 or more minority races      Female     Hispanic or Latino           1    535000.000000              NaN        535000.0        535000.0                95.000000                      NaN                95.00000                 95.0000                 40.000000                       NaN                    40.00                    40.00       565000.000000                 NaN           565000.0           565000.0  140.000000         NaN     140.00     140.00         1       0              0.0                 0.0        0.00         1.000000           100.000000
                 2 or more minority races      Female Not Hispanic or Latino           3    378333.333333     60277.137733        350000.0        410000.0                90.000000                13.228757                85.00000                 97.5000                 45.000000                  4.242641                      NaN                      NaN       458333.333333        30550.504633           445000.0           475000.0  121.666667   35.019042     101.50     133.00         3       0          60000.0             30000.0       31.50         1.000000           100.000000
                 2 or more minority races        Male     Hispanic or Latino           1    635000.000000              NaN        635000.0        635000.0                90.000000                      NaN                90.00000                 90.0000                 41.000000                       NaN                    41.00                    41.00       715000.000000                 NaN           715000.0           715000.0  149.000000         NaN     149.00     149.00         1       0              0.0                 0.0        0.00         1.000000           100.000000
                 2 or more minority races        Male Not Hispanic or Latino           1    385000.000000              NaN        385000.0        385000.0                77.137000                      NaN                77.13700                 77.1370                 49.000000                       NaN                    49.00                    49.00       505000.000000                 NaN           505000.0           505000.0   77.000000         NaN      77.00      77.00         1       0              0.0                 0.0        0.00         1.000000           100.000000
         American Indian or Alaska Native      Female     Hispanic or Latino          10    376000.000000    143096.703899        335000.0        467500.0                74.284200                29.332973                59.66675                 93.7485                 44.142857                  2.672612                      NaN                      NaN       569000.000000       187983.450808           497500.0           672500.0  115.600000   44.131621      86.75     133.00        10       0         132500.0            175000.0       46.25         1.000000           100.000000
         American Indian or Alaska Native      Female Not Hispanic or Latino           6    545000.000000    275390.631649        390000.0        562500.0                83.736500                11.974048                72.88700                 93.7500                 46.333333                  1.154701                      NaN                      NaN       668333.333333       354438.523113           482500.0           665000.0  210.333333  144.954706     121.25     221.75         6       0         172500.0            182500.0      100.50         1.000000           100.000000
         American Indian or Alaska Native        Male     Hispanic or Latino           9    512777.777778    119872.617576        445000.0        625000.0                84.464889                15.659855                80.00000                 95.0000                 43.142857                  3.436499                      NaN                      NaN       625000.000000       178044.938148           515000.0           705000.0  185.666667   28.757608     162.00     208.00         6       3         180000.0            190000.0       46.00         0.666667            66.666667
         American Indian or Alaska Native        Male Not Hispanic or Latino           4    617500.000000    298593.927154        492500.0        800000.0                86.346000                11.329957                83.20000                 93.3380                 45.000000                  1.000000                      NaN                      NaN       730000.000000       341223.289553           690000.0           900000.0  198.500000  114.465424     127.50     286.00         3       1         307500.0            210000.0      158.50         0.750000            75.000000
                                    Asian      Female     Hispanic or Latino           7    392142.857143    143841.844366        275000.0        500000.0                67.454571                10.939406                57.59150                 75.0000                 46.000000                  4.516636                      NaN                      NaN       575000.000000       175214.154679           420000.0           710000.0  109.285714   45.320026      78.00     119.00         7       0         225000.0            290000.0       41.00         1.000000           100.000000
                                    Asian      Female Not Hispanic or Latino         215    564302.325581    201345.884441        405000.0        685000.0                71.250098                17.217896                61.79500                 80.0000                 44.012579                  3.985714                      NaN                      NaN       851558.139535       440822.579773           595000.0           990000.0  200.274419  198.309595     117.00     214.00       208       7         280000.0            395000.0       97.00         0.967442            96.744186
                                    Asian        Male     Hispanic or Latino          11    603181.818182    193433.098606        495000.0        640000.0                81.262909                 8.346257                79.36150                 89.9950                 44.250000                  4.949747                      NaN                      NaN       764090.909091       312296.479181           630000.0           800000.0  209.909091  124.491329     135.00     253.50        11       0         145000.0            170000.0      118.50         1.000000           100.000000
                                    Asian        Male Not Hispanic or Latino         376    642074.468085    253063.269638        462500.0        805000.0                73.874415                17.246736                66.80500                 85.0000                 43.515152                  4.029331                      NaN                      NaN       926329.787234       430137.761208           635000.0          1175000.0  213.005319  128.321596     140.50     251.50       355      21         342500.0            540000.0      111.00         0.944149            94.414894
                Black or African American      Female     Hispanic or Latino           2    400000.000000     35355.339059        387500.0        412500.0                96.000000                 8.485281                93.00000                 99.0000                 44.500000                  6.363961                    42.25                    46.75       630000.000000       304055.915910           522500.0           737500.0  119.500000   26.162951     110.25     128.75         2       0          25000.0            215000.0       18.50         1.000000           100.000000
                Black or African American      Female Not Hispanic or Latino          54    521111.111111    218264.308067        392500.0        612500.0                85.043111                16.791051                80.00000                 95.0000                 44.878049                  3.867784                      NaN                      NaN       629259.259259       242864.989685           497500.0           745000.0  184.462963  244.708815     104.50     167.75        50       4         220000.0            247500.0       63.25         0.925926            92.592593
                Black or African American        Male     Hispanic or Latino           5    609000.000000    172858.323491        495000.0        735000.0                83.522200                 5.947136                79.55600                 89.9800                 41.000000                  5.656854                      NaN                      NaN       731000.000000       213728.800118           615000.0           875000.0  240.800000   64.982305     197.00     270.00         5       0         240000.0            260000.0       73.00         1.000000           100.000000
                Black or African American        Male Not Hispanic or Latino          28    519642.857143    243774.062711        362500.0        657500.0                79.785250                18.825942                80.00000                 91.9100                 44.250000                  4.191156                      NaN                      NaN       650000.000000       259036.676940           470000.0           800000.0  158.928571   52.971641     121.00     194.50        25       3         295000.0            330000.0       73.50         0.892857            89.285714
Native Hawaiian or Other Pacific Islander      Female     Hispanic or Latino           1    335000.000000              NaN        335000.0        335000.0                90.000000                      NaN                90.00000                 90.0000                 49.000000                       NaN                    49.00                    49.00       365000.000000                 NaN           365000.0           365000.0  143.000000         NaN     143.00     143.00         1       0              0.0                 0.0        0.00         1.000000           100.000000
Native Hawaiian or Other Pacific Islander        Male Not Hispanic or Latino           4    482500.000000    122848.144742        382500.0        565000.0                92.670500                 4.144592                90.14650                 95.5000                 44.000000                  4.582576                      NaN                      NaN       527500.000000       147732.867027           417500.0           610000.0  114.750000   27.244265     100.75     136.00         3       1         182500.0            192500.0       35.25         0.750000            75.000000
                                    White      Female     Hispanic or Latino         151    434337.748344    184703.975320        330000.0        540000.0                82.168891                15.636896                75.00000                 95.0000                 44.524590                  3.739919                      NaN                      NaN       555529.801325       238679.109767           390000.0           705000.0  149.781457  165.154590      82.00     157.50       136      15         210000.0            315000.0       75.50         0.900662            90.066225
                                    White      Female Not Hispanic or Latino         349    470300.859599    237470.466462        305000.0        615000.0                69.021017                20.375259                55.94800                 80.0000                 44.052174                  4.126480                      NaN                      NaN       719957.020057       369335.860745           475000.0           905000.0  161.097421   95.504388      99.00     199.00       320      29         310000.0            430000.0      100.00         0.916905            91.690544
                                    White        Male     Hispanic or Latino         307    460504.885993    203665.725927        315000.0        585000.0                83.265866                14.966509                80.00000                 95.0000                 44.326087                  3.861434                      NaN                      NaN       579853.420195       265246.638240           395000.0           705000.0  156.579805  130.161749      90.00     176.00       285      22         270000.0            310000.0       86.00         0.928339            92.833876
                                    White        Male Not Hispanic or Latino         455    543659.340659    252840.611621        345000.0        715000.0                74.360387                18.465192                65.11050                 89.0000                 43.855634                  3.939059                      NaN                      NaN       774912.087912       401127.256559           500000.0           965000.0  208.184615  214.715212     114.00     241.00       419      36         370000.0            465000.0      127.00         0.920879            92.087912