                             derived_race derived_sex      derived_ethnicity  total_apps  avg_loan_amount  std_loan_amount  Q1_loan_amount  Q3_loan_amount  avg_loan_to_value_ratio  std_loan_to_value_ratio  Q1_loan_to_value_ratio  Q3_loan_to_value_ratio  avg_debt_to_income_ratio  std_debt_to_income_ratio  Q1_debt_to_income_ratio  Q3_debt_to_income_ratio  avg_property_value  std_property_value  Q1_property_value  Q3_property_value  avg_income  std_income  Q1_income  Q3_income  accepted  denied  iqr_loan_amount  iqr_property_value  iqr_income  acceptance_rate  acceptance_rate_pct
                 2 or more minority races      Female     Hispanic or Latino           2    430000.000000    176776.695297        367500.0        492500.0                87.500000                10.606602                83.75000                91.25000                 46.000000                       NaN                      NaN                      NaN       485000.000000       141421.356237           435000.0           535000.0   95.000000   12.727922      90.50      99.50         0       2         125000.0            100000.0        9.00         0.000000             0.000000
                 2 or more minority races      Female Not Hispanic or Latino           5    505000.000000    229782.505862        355000.0        565000.0                75.965800                20.466408                59.82900                95.00000                 41.000000                  4.582576                      NaN                      NaN       761000.000000       541507.156001           585000.0           605000.0  105.600000   76.826428      88.00     125.00         3       2         210000.0             20000.0       37.00         0.600000            60.000000
                 2 or more minority races        Male     Hispanic or Latino           1    665000.000000              NaN        665000.0        665000.0                80.000000                      NaN                80.00000                80.00000                 49.000000                       NaN                    49.00                    49.00       835000.000000                 NaN           835000.0           835000.0  180.000000         NaN     180.00     180.00         1       0              0.0                 0.0        0.00         1.000000           100.000000
                 2 or more minority races        Male Not Hispanic or Latino           3    215000.000000    160934.769394        130000.0        290000.0                85.662333                10.225781                79.99350                89.92500                 46.333333                  2.516611                    45.00                    47.50       261666.666667       220529.665427           140000.0           355000.0   59.666667   17.502381      51.00      68.50         2       1         160000.0            215000.0       17.50         0.666667            66.666667
         American Indian or Alaska Native      Female     Hispanic or Latino           5    405000.000000    121449.578015        315000.0        475000.0                67.706200                22.156349                53.26800                80.00000                 44.200000                  4.266146                    44.00                    46.00       635000.000000       191441.897191           595000.0           785000.0  122.800000   36.526703      89.00     143.00         5       0         160000.0            190000.0       54.00         1.000000           100.000000
         American Indian or Alaska Native      Female Not Hispanic or Latino           7    493571.428571    151264.511307        395000.0        555000.0                87.632857                10.250260                80.00000                96.06000                 44.500000                  4.847680                      NaN                      NaN       590714.285714       248586.480114           435000.0           660000.0  185.000000  159.896842     102.00     166.00         7       0         160000.0            225000.0       64.00         1.000000           100.000000
         American Indian or Alaska Native        Male     Hispanic or Latino          11    454090.909091    220020.660187        290000.0        605000.0                77.888545                16.989177                73.33500                90.09250                 41.666667                  2.338090                      NaN                      NaN       610454.545455       315352.616490           420000.0           840000.0  171.454545   60.007272     140.50     220.50         9       2         315000.0            420000.0       80.00         0.818182            81.818182
         American Indian or Alaska Native        Male Not Hispanic or Latino           6    466666.666667    287917.812347        232500.0        690000.0                95.959833                 8.854592                89.92625               100.95250                 43.000000                  0.000000                      NaN                      NaN       573333.333333       283013.545023           417500.0           695000.0  145.166667   84.468732      80.75     212.00         5       1         457500.0            277500.0      131.25         0.833333            83.333333
                                    Asian      Female     Hispanic or Latino           2    310000.000000    233345.237792        227500.0        392500.0                80.000000                 0.000000                80.00000                80.00000                 47.000000                       NaN                      NaN                      NaN       405000.000000       268700.576851           310000.0           500000.0   99.500000   50.204581      81.75     117.25         2       0         165000.0            190000.0       35.50         1.000000           100.000000
                                    Asian      Female Not Hispanic or Latino         200    593200.000000    234490.273662        425000.0        765000.0                71.478595                16.840482                61.31925                80.00000                 43.848276                  3.919912                      NaN                      NaN       876000.000000       372553.324907           625000.0          1125000.0  197.250000  144.579506     129.75     230.50       188      12         340000.0            500000.0      100.75         0.940000            94.000000
                                    Asian        Male     Hispanic or Latino          10    473000.000000    120904.002323        357500.0        565000.0                82.839900                 5.318977                80.00000                88.30050                 43.714286                  5.154748                      NaN                      NaN       570000.000000       142848.015581           440000.0           665000.0  133.000000   30.320510     114.00     143.25         9       1         207500.0            225000.0       29.25         0.900000            90.000000
                                    Asian        Male Not Hispanic or Latino         367    638678.474114    242796.402486        465000.0        765000.0                73.353923                17.763206                66.94000                80.00000                 43.533088                  4.112667                      NaN                      NaN       932874.659401       440911.692813           640000.0          1155000.0  207.152589  115.170312     137.50     250.00       341      26         300000.0            515000.0      112.50         0.929155            92.915531
                Black or African American      Female Not Hispanic or Latino          51    447941.176471    168633.260274        360000.0        530000.0                86.009863                16.486002                80.00000                96.12000                 43.829268                  4.695223                      NaN                      NaN       584019.607843       242192.113017           445000.0           640000.0  145.470588   91.445799      97.50     160.00        45       6         170000.0            195000.0       62.50         0.882353            88.235294
                Black or African American        Male     Hispanic or Latino           4    607500.000000    147280.910734        482500.0        735000.0                82.500000                 8.660254                78.75000                83.75000                 46.250000                  1.500000                    46.25                    47.00       737500.000000       182460.041288           602500.0           820000.0  180.500000   79.810191     133.25     204.75         4       0         252500.0            217500.0       71.50         1.000000           100.000000
                Black or African American        Male Not Hispanic or Latino          37    561216.216216    249046.530139        345000.0        725000.0                86.717865                11.149146                80.00000                95.00000                 46.068966                  2.698294                      NaN                      NaN       653378.378378       278652.646313           485000.0           775000.0  163.351351   77.545763     105.00     224.00        34       3         380000.0            290000.0      119.00         0.918919            91.891892
Native Hawaiian or Other Pacific Islander      Female     Hispanic or Latino           1    335000.000000              NaN        335000.0        335000.0                90.000000                      NaN                90.00000                90.00000                 49.000000                       NaN                    49.00                    49.00       365000.000000                 NaN           365000.0           365000.0  143.000000         NaN     143.00     143.00         1       0              0.0                 0.0        0.00         1.000000           100.000000
Native Hawaiian or Other Pacific Islander      Female Not Hispanic or Latino           2    230000.000000     21213.203436        222500.0        237500.0                53.268500                37.804050                39.90275                66.63425                 44.500000                  6.363961                    42.25                    46.75       675000.000000       197989.898732           605000.0           745000.0   63.000000    9.899495      59.50      66.50         2       0          15000.0            140000.0        7.00         1.000000           100.000000
Native Hawaiian or Other Pacific Islander        Male Not Hispanic or Latino           2    415000.000000     28284.271247        405000.0        425000.0                76.952000                25.523726                67.92800                85.97600                 42.500000                  9.192388                    39.25                    45.75       575000.000000       226274.169980           495000.0           655000.0  143.500000   19.091883     136.75     150.25         2       0          20000.0            160000.0       13.50         1.000000           100.000000
                                    White      Female     Hispanic or Latino         173    413901.734104    162421.561203        305000.0        525000.0                83.089509                16.008297                77.38000                95.00000                 44.619403                  3.743254                      NaN                      NaN       528121.387283       223319.492308           385000.0           645000.0  149.179191  282.054211      83.00     154.00       153      20         220000.0            260000.0       71.00         0.884393            88.439306
                                    White      Female Not Hispanic or Latino         365    464205.479452    235950.669953        295000.0        615000.0                69.499967                21.230735                54.00000                85.00000                 43.977186                  4.137827                      NaN                      NaN       703273.972603       369302.180547           465000.0           855000.0  164.556164  156.759248      95.00     201.00       351      14         320000.0            390000.0      106.00         0.961644            96.164384
                                    White        Male     Hispanic or Latino         272    479485.294118    197595.583309        335000.0        605000.0                83.101048                15.883949                80.00000                95.00000                 44.480583                  4.044522                      NaN                      NaN       597647.058824       259231.721255           415000.0           755000.0  153.194853  119.164011      91.00     175.25       254      18         270000.0            340000.0       84.25         0.933824            93.382353
                                    White        Male Not Hispanic or Latino         474    566624.472574    257545.944735        365000.0        745000.0                74.836892                18.519131                68.07575                89.00750                 43.256966                  4.043887                      NaN                      NaN       812004.219409       447760.096007           495000.0          1025000.0  211.525316  232.930718     117.00     251.75       445      29         380000.0            530000.0      134.75         0.938819            93.881857