                             derived_race derived_sex      derived_ethnicity  total_apps  avg_loan_amount  std_loan_amount  Q1_loan_amount  Q3_loan_amount  avg_loan_to_value_ratio  std_loan_to_value_ratio  Q1_loan_to_value_ratio  Q3_loan_to_value_ratio  avg_debt_to_income_ratio  std_debt_to_income_ratio  Q1_debt_to_income_ratio  Q3_debt_to_income_ratio  avg_property_value  std_property_value  Q1_property_value  Q3_property_value  avg_income  std_income  Q1_income  Q3_income  accepted  denied  iqr_loan_amount  iqr_property_value  iqr_income  acceptance_rate  acceptance_rate_pct
                 2 or more minority races      Female     Hispanic or Latino           2     3.200000e+05     21213.203436        312500.0        327500.0                88.500000                12.020815                 84.2500                 92.7500                 44.000000                  2.828427                     43.0                     45.0        3.650000e+05        28284.271247           355000.0           375000.0   87.500000    2.121320      86.75      88.25         1       1          15000.0             20000.0        1.50         0.500000            50.000000
                 2 or more minority races      Female Not Hispanic or Latino           2     6.200000e+05    162634.559673        562500.0        677500.0                86.850000                 4.454773                 85.2750                 88.4250                       NaN                       NaN                      NaN                      NaN        7.150000e+05       155563.491861           660000.0           770000.0  187.000000   83.438600     157.50     216.50         2       0         115000.0            110000.0       59.00         1.000000           100.000000
                 2 or more minority races        Male     Hispanic or Latino           1     1.050000e+05              NaN        105000.0        105000.0                95.000000                      NaN                 95.0000                 95.0000                 38.000000                       NaN                     38.0                     38.0        1.050000e+05                 NaN           105000.0           105000.0   31.000000         NaN      31.00      31.00         1       0              0.0                 0.0        0.00         1.000000           100.000000
                 2 or more minority races        Male Not Hispanic or Latino           1     1.055000e+06              NaN       1055000.0       1055000.0                77.778000                      NaN                 77.7780                 77.7780                 47.000000                       NaN                     47.0                     47.0        1.355000e+06                 NaN          1355000.0          1355000.0  211.000000         NaN     211.00     211.00         1       0              0.0                 0.0        0.00         1.000000           100.000000
         American Indian or Alaska Native      Female     Hispanic or Latino           7     4.692857e+05    233227.867321        320000.0        560000.0                75.463714                24.005592                 73.7925                 90.3875                 44.833333                  4.622409                      NaN                      NaN        6.450000e+05       269505.720409           470000.0           815000.0  200.142857  244.048102      86.00     157.00         6       1         240000.0            345000.0       71.00         0.857143            85.714286
         American Indian or Alaska Native      Female Not Hispanic or Latino           2     4.600000e+05    304055.915910        352500.0        567500.0                69.750000                 0.353553                 69.6250                 69.8750                 48.000000                       NaN                      NaN                      NaN        6.600000e+05       431335.136524           507500.0           812500.0  186.000000  118.793939     144.00     228.00         2       0         215000.0            305000.0       84.00         1.000000           100.000000
         American Indian or Alaska Native        Male     Hispanic or Latino          12     3.533333e+05    198807.048226        207500.0        485000.0                85.844167                11.673262                 80.0000                 95.0000                 41.500000                  3.728270                      NaN                      NaN        4.050000e+05       213200.716356           265000.0           560000.0  132.500000   67.582273     108.75     149.00         8       4         277500.0            295000.0       40.25         0.666667            66.666667
         American Indian or Alaska Native        Male Not Hispanic or Latino           5     4.410000e+05    125019.998400        395000.0        525000.0                89.290800                 8.534098                 80.0000                 95.0000                 43.666667                  0.577350                      NaN                      NaN        5.070000e+05       120498.962651           495000.0           585000.0  207.400000  191.674985     117.00     190.00         5       0         130000.0             90000.0       73.00         1.000000           100.000000
                                    Asian      Female     Hispanic or Latino           1     3.950000e+05              NaN        395000.0        395000.0                78.357000                      NaN                 78.3570                 78.3570                 49.000000                       NaN                     49.0                     49.0        4.950000e+05                 NaN           495000.0           495000.0   78.000000         NaN      78.00      78.00         1       0              0.0                 0.0        0.00         1.000000           100.000000
                                    Asian      Female Not Hispanic or Latino         237     5.472785e+05    225433.383187        375000.0        685000.0                70.815438                18.826511                 58.0000                 80.0000                 43.632530                  4.014054                      NaN                      NaN        8.165190e+05       349421.150659           565000.0           975000.0  182.029536  108.729699     111.00     225.00       225      12         310000.0            410000.0      114.00         0.949367            94.936709
                                    Asian        Male     Hispanic or Latino          10     4.950000e+05    129700.509722        372500.0        625000.0                82.717800                 9.565465                 76.2485                 92.5000                 44.555556                  3.643869                      NaN                      NaN        6.080000e+05       184393.902044           470000.0           722500.0  145.000000   68.394282      92.25     188.25        10       0         252500.0            252500.0       96.00         1.000000           100.000000
                                    Asian        Male Not Hispanic or Latino         373     6.419169e+05    238925.430530        455000.0        785000.0                73.272340                21.685143                 62.8870                 85.0000                 43.440741                  4.077571                      NaN                      NaN        9.432574e+05       446483.173147           635000.0          1175000.0  220.174263  186.272027     139.00     259.00       344      29         330000.0            540000.0      120.00         0.922252            92.225201
                Black or African American      Female Not Hispanic or Latino          42     5.042857e+05    218245.697939        357500.0        640000.0                87.428500                13.161379                 80.0000                 96.5000                 43.888889                  4.307984                      NaN                      NaN        5.995238e+05       242056.256120           417500.0           727500.0  154.023810   70.981787      97.50     197.25        38       4         282500.0            310000.0       99.75         0.904762            90.476190
                Black or African American        Male     Hispanic or Latino           1     7.650000e+05              NaN        765000.0        765000.0                69.636000                      NaN                 69.6360                 69.6360                 41.000000                       NaN                     41.0                     41.0        1.105000e+06                 NaN          1105000.0          1105000.0  181.000000         NaN     181.00     181.00         1       0              0.0                 0.0        0.00         1.000000           100.000000
                Black or African American        Male Not Hispanic or Latino          41     4.730488e+05    209549.749608        335000.0        605000.0                81.070415                19.718838                 72.0700                 95.0000                 44.700000                  3.292101                      NaN                      NaN        6.452439e+05       346673.389553           425000.0           795000.0  149.219512   83.159038      86.00     201.00        35       6         270000.0            370000.0      115.00         0.853659            85.365854
Native Hawaiian or Other Pacific Islander      Female Not Hispanic or Latino           3     4.883333e+05    274651.294068        330000.0        575000.0                91.666667                10.408330                 87.5000                 97.5000                 43.500000                  2.121320                      NaN                      NaN        5.350000e+05       277848.879789           375000.0           625000.0  143.333333   59.969437     119.50     177.00         3       0         245000.0            250000.0       57.50         1.000000           100.000000
Native Hawaiian or Other Pacific Islander        Male     Hispanic or Latino           1     4.750000e+05              NaN        475000.0        475000.0                93.000000                      NaN                 93.0000                 93.0000                       NaN                       NaN                      NaN                      NaN        5.050000e+05                 NaN           505000.0           505000.0  114.000000         NaN     114.00     114.00         0       1              0.0                 0.0        0.00         0.000000             0.000000
Native Hawaiian or Other Pacific Islander        Male Not Hispanic or Latino           3     5.350000e+05    124899.959968        465000.0        585000.0                97.760333                 3.213682                 95.9975                 99.1430                 44.000000                  2.828427                      NaN                      NaN        5.583333e+05       130511.813003           485000.0           610000.0  174.666667   81.525047     134.50     216.00         2       1         120000.0            125000.0       81.50         0.666667            66.666667
                                    White      Female     Hispanic or Latino         173     4.410694e+05    195610.659332        295000.0        575000.0                80.115329                19.480620                 75.0000                 95.0000                 44.746479                  3.911135                      NaN                      NaN        5.696821e+05       222021.729432           415000.0           725000.0  140.213873  104.320255      83.00     164.00       158      15         280000.0            310000.0       81.00         0.913295            91.329480
                                    White      Female Not Hispanic or Latino         325     4.718923e+05    238963.562171        305000.0        615000.0                70.521714                20.994691                 57.3560                 85.0000                 43.924370                  3.961118                      NaN                      NaN        7.158615e+05       389702.160604           465000.0           865000.0  171.833846  141.836685      96.00     197.00       296      29         310000.0            400000.0      101.00         0.910769            91.076923
                                    White        Male     Hispanic or Latino         279     4.756452e+05    205925.563409        325000.0        605000.0                84.681513                13.907153                 80.0000                 95.0000                 44.474747                  3.795117                      NaN                      NaN        5.828853e+05       276506.028723           395000.0           710000.0  163.215054  192.597085      89.50     186.00       259      20         280000.0            315000.0       96.50         0.928315            92.831541
                                    White        Male Not Hispanic or Latino         479     5.477975e+05    251121.548513        365000.0        725000.0                73.409574                18.774444                 63.3135                 87.5025                 43.505882                  4.117374                      NaN                      NaN        7.948956e+05       439281.209151           495000.0           980000.0  231.793319  456.809141     112.00     238.50       442      37         360000.0            485000.0      126.50         0.922756            92.275574