                             derived_race derived_sex      derived_ethnicity  total_apps  avg_loan_amount  std_loan_amount  Q1_loan_amount  Q3_loan_amount  avg_loan_to_value_ratio  std_loan_to_value_ratio  Q1_loan_to_value_ratio  Q3_loan_to_value_ratio  avg_debt_to_income_ratio  std_debt_to_income_ratio  Q1_debt_to_income_ratio  Q3_debt_to_income_ratio  avg_property_value  std_property_value  Q1_property_value  Q3_property_value  avg_income  std_income  Q1_income  Q3_income  accepted  denied  iqr_loan_amount  iqr_property_value  iqr_income  acceptance_rate  acceptance_rate_pct
                 2 or more minority races      Female Not Hispanic or Latino           5    425000.000000    105118.980208        355000.0        495000.0                75.565800                17.266721                59.82900                80.00000                 47.500000                  0.707107                      NaN                      NaN       593000.000000       196900.990348           425000.0           715000.0  134.600000  129.579319      70.00     168.00         4       1         140000.0            290000.0       98.00         0.800000            80.000000
                 2 or more minority races        Male     Hispanic or Latino           1    635000.000000              NaN        635000.0        635000.0                90.000000                      NaN                90.00000                90.00000                 41.000000                       NaN                     41.0                     41.0       715000.000000                 NaN           715000.0           715000.0  149.000000         NaN     149.00     149.00         1       0              0.0                 0.0        0.00         1.000000           100.000000
                 2 or more minority races        Male Not Hispanic or Latino           2    555000.000000     28284.271247        545000.0        565000.0                83.965500                 8.519930                80.95325                86.97775                 40.000000                       NaN                      NaN                      NaN       660000.000000        35355.339059           647500.0           672500.0  296.000000  219.203102     218.50     373.50         2       0          20000.0             25000.0      155.00         1.000000           100.000000
         American Indian or Alaska Native      Female     Hispanic or Latino           4    397500.000000    219298.122807        240000.0        552500.0                74.774750                20.080323                69.54475                83.75000                 49.000000                  0.000000                      NaN                      NaN       505000.000000       190613.046073           342500.0           667500.0  156.250000   71.051038     107.75     182.50         4       0         312500.0            325000.0       74.75         1.000000           100.000000
         American Indian or Alaska Native      Female Not Hispanic or Latino           2    605000.000000     14142.135624        600000.0        610000.0                89.995000                 0.007071                89.99250                89.99750                 47.000000                  0.000000                     47.0                     47.0       675000.000000        14142.135624           670000.0           680000.0  154.500000    7.778175     151.75     157.25         2       0          10000.0             10000.0        5.50         1.000000           100.000000
         American Indian or Alaska Native        Male     Hispanic or Latino          14    442857.142857    154480.696899        307500.0        495000.0                82.249143                16.887343                80.00000                94.48325                 45.307692                  3.520999                      NaN                      NaN       547142.857143       160344.752207           482500.0           620000.0  117.500000   51.904869      74.75     141.25        13       1         187500.0            137500.0       66.50         0.928571            92.857143
         American Indian or Alaska Native        Male Not Hispanic or Latino           4    410000.000000    175973.482851        372500.0        502500.0                75.712250                20.290783                68.21225                87.50000                 47.000000                  2.828427                      NaN                      NaN       585000.000000       313155.978175           482500.0           717500.0  132.000000   78.268768      83.50     193.00         4       0         130000.0            235000.0      109.50         1.000000           100.000000
                                    Asian      Female     Hispanic or Latino           5    419000.000000    182565.056898        295000.0        485000.0                82.300000                16.246538                80.00000                91.50000                 43.000000                  3.741657                     41.0                     47.0       501000.000000       169056.203672           335000.0           595000.0  142.000000   83.414627     100.00     135.00         5       0         190000.0            260000.0       35.00         1.000000           100.000000
                                    Asian      Female Not Hispanic or Latino         231    579458.874459    208365.349695        420000.0        710000.0                72.820835                17.239151                63.43800                80.00000                 43.792899                  4.008734                      NaN                      NaN       841926.406926       359575.339804           605000.0           995000.0  193.038961  121.034610     122.50     231.00       218      13         290000.0            390000.0      108.50         0.943723            94.372294
                                    Asian        Male     Hispanic or Latino           7    500714.285714    239642.591015        400000.0        560000.0                83.871429                10.136520                75.00000                91.05000                 44.571429                  4.035556                     42.0                     47.5       613571.428571       322047.024073           515000.0           635000.0  155.571429   75.037451     101.00     203.50         7       0         160000.0            120000.0      102.50         1.000000           100.000000
                                    Asian        Male Not Hispanic or Latino         367    604509.536785    235148.550401        425000.0        760000.0                73.003989                18.739870                66.66850                84.99350                 43.242537                  4.175564                      NaN                      NaN       885054.495913       396166.048527           605000.0          1075000.0  198.986376  143.619916     128.50     240.50       340      27         335000.0            470000.0      112.00         0.926431            92.643052
                Black or African American      Female     Hispanic or Latino           2    550000.000000    120208.152802        507500.0        592500.0                80.000000                 0.000000                80.00000                80.00000                 48.000000                  1.414214                     47.5                     48.5       685000.000000       141421.356237           635000.0           735000.0  118.500000   21.920310     110.75     126.25         2       0          85000.0            100000.0       15.50         1.000000           100.000000
                Black or African American      Female Not Hispanic or Latino          49    492346.938776    210710.855501        325000.0        605000.0                86.202673                16.136158                80.00000                95.00000                 43.605263                  4.445097                      NaN                      NaN       626020.408163       295791.627797           465000.0           715000.0  156.265306   75.700555      97.00     200.00        43       6         280000.0            250000.0      103.00         0.877551            87.755102
                Black or African American        Male     Hispanic or Latino           2    520000.000000     49497.474683        502500.0        537500.0                68.621500                16.050617                62.94675                74.29625                       NaN                       NaN                      NaN                      NaN       770000.000000       106066.017178           732500.0           807500.0  235.000000   49.497475     217.50     252.50         2       0          35000.0             75000.0       35.00         1.000000           100.000000
                Black or African American        Male Not Hispanic or Latino          45    567000.000000    234633.175985        395000.0        685000.0                82.367756                16.796681                79.52900                95.00000                 43.939394                  3.613684                      NaN                      NaN       705888.888889       262001.233708           585000.0           805000.0  167.177778   79.606786     116.00     197.00        40       5         290000.0            220000.0       81.00         0.888889            88.888889
Native Hawaiian or Other Pacific Islander      Female Not Hispanic or Latino           2    435000.000000     14142.135624        430000.0        440000.0                83.544500                 9.129456                80.31675                86.77225                 49.000000                  0.000000                     49.0                     49.0       525000.000000        70710.678119           500000.0           550000.0  101.000000    5.656854      99.00     103.00         2       0          10000.0             50000.0        4.00         1.000000           100.000000
Native Hawaiian or Other Pacific Islander        Male Not Hispanic or Latino           3    765000.000000    278388.218142        615000.0        890000.0                90.000000                 8.660254                87.50000                95.00000                 46.500000                  0.707107                      NaN                      NaN       855000.000000       292061.637330           720000.0          1010000.0  204.666667   27.574142     191.50     219.00         3       0         275000.0            290000.0       27.50         1.000000           100.000000
                                    White      Female     Hispanic or Latino         148    404324.324324    188995.418590        265000.0        507500.0                79.498115                19.425560                74.50000                95.00000                 44.872727                  3.732105                      NaN                      NaN       544932.432432       271677.821953           345000.0           667500.0  122.581081   76.328329      74.75     135.25       130      18         242500.0            322500.0       60.50         0.878378            87.837838
                                    White      Female Not Hispanic or Latino         359    479902.506964    246687.391732        295000.0        605000.0                72.723192                21.030189                61.57050                88.13550                 43.673307                  3.939143                      NaN                      NaN       693412.256267       336109.830854           455000.0           855000.0  163.250696  107.108146      96.00     195.00       334      25         310000.0            400000.0       99.00         0.930362            93.036212
                                    White        Male     Hispanic or Latino         269    466933.085502    201455.476318        335000.0        605000.0                83.897877                14.788383                80.00000                95.00000                 44.201005                  3.792576                      NaN                      NaN       576858.736059       284902.907211           395000.0           715000.0  156.672862  161.241096      86.00     177.00       249      20         270000.0            320000.0       91.00         0.925651            92.565056
                                    White        Male Not Hispanic or Latino         479    541534.446764    257302.742342        340000.0        720000.0                73.455403                19.632740                63.62650                89.92000                 43.539683                  3.984146                      NaN                      NaN       777588.726514       405036.777035           495000.0           960000.0  207.732777  196.002923     112.50     236.00       453      26         380000.0            465000.0      123.50         0.945720            94.572025