                             derived_race derived_sex      derived_ethnicity  total_apps  avg_loan_amount  std_loan_amount  Q1_loan_amount  Q3_loan_amount  avg_loan_to_value_ratio  std_loan_to_value_ratio  Q1_loan_to_value_ratio  Q3_loan_to_value_ratio  avg_debt_to_income_ratio  std_debt_to_income_ratio  Q1_debt_to_income_ratio  Q3_debt_to_income_ratio  avg_property_value  std_property_value  Q1_property_value  Q3_property_value  avg_income  std_income  Q1_income  Q3_income  accepted  denied  iqr_loan_amount  iqr_property_value  iqr_income  acceptance_rate  acceptance_rate_pct
                 2 or more minority races      Female     Hispanic or Latino           1    635000.000000              NaN        635000.0        635000.0                80.000000                      NaN                80.00000                 80.0000                 49.000000                       NaN                     49.0                    49.00        7.850000e+05                 NaN           785000.0           785000.0  136.000000         NaN     136.00     136.00         1       0              0.0                 0.0        0.00         1.000000           100.000000
                 2 or more minority races      Female Not Hispanic or Latino           3    308333.333333     83864.970836        260000.0        335000.0                87.335333                 6.660882                84.50000                 91.0030                 47.333333                  2.081666                     46.5                    48.50        3.683333e+05        61101.009266           335000.0           395000.0   76.333333   21.079216      70.00      88.50         3       0          75000.0             60000.0       18.50         1.000000           100.000000
                 2 or more minority races        Male     Hispanic or Latino           1    365000.000000              NaN        365000.0        365000.0                80.000000                      NaN                80.00000                 80.0000                       NaN                       NaN                      NaN                      NaN        4.550000e+05                 NaN           455000.0           455000.0  195.000000         NaN     195.00     195.00         1       0              0.0                 0.0        0.00         1.000000           100.000000
                 2 or more minority races        Male Not Hispanic or Latino           4    550000.000000    159269.164205        465000.0        575000.0                90.497500                 7.594078                87.49250                 95.5000                 45.333333                  3.214550                      NaN                      NaN        6.175000e+05       161322.658049           557500.0           655000.0  179.500000   93.157573     107.00     229.50         3       1         110000.0             97500.0      122.50         0.750000            75.000000
         American Indian or Alaska Native      Female     Hispanic or Latino           8    645000.000000    273548.115381        522500.0        735000.0                74.400875                24.101014                74.66525                 86.7500                 45.166667                  3.544949                      NaN                      NaN        8.900000e+05       270237.990350           735000.0           935000.0  165.875000   65.201747     124.50     187.50         8       0         212500.0            200000.0       63.00         1.000000           100.000000
         American Indian or Alaska Native      Female Not Hispanic or Latino           2    420000.000000     49497.474683        402500.0        437500.0                70.315000                13.696658                65.47250                 75.1575                 40.000000                       NaN                      NaN                      NaN        6.050000e+05        42426.406871           590000.0           620000.0  133.000000    9.899495     129.50     136.50         2       0          35000.0             30000.0        7.00         1.000000           100.000000
         American Indian or Alaska Native        Male     Hispanic or Latino          11    487727.272727    104794.170553        430000.0        565000.0                89.545455                 8.721968                80.00000                 95.0000                 43.444444                  5.222813                      NaN                      NaN        5.486364e+05       115781.926679           495000.0           630000.0  144.818182   46.142861     123.00     159.50        10       1         135000.0            135000.0       36.50         0.909091            90.909091
         American Indian or Alaska Native        Male Not Hispanic or Latino           3    491666.666667    201328.918274        385000.0        585000.0                69.741667                13.668402                64.61250                 77.5000                 45.500000                  2.121320                      NaN                      NaN        6.850000e+05       166433.169771           590000.0           745000.0  167.666667   88.827548     119.50     207.00         3       0         200000.0            155000.0       87.50         1.000000           100.000000
                                    Asian      Female     Hispanic or Latino           5    441000.000000    150432.709209        335000.0        505000.0                62.897400                28.721054                35.34000                 80.0000                 41.666667                  1.527525                      NaN                      NaN        7.970000e+05       304991.803169           675000.0           955000.0  129.800000   38.022362     107.00     145.00         5       0         170000.0            280000.0       38.00         1.000000           100.000000
                                    Asian      Female Not Hispanic or Latino         203    572487.684729    255924.055869        385000.0        725000.0                72.055872                18.625534                62.66400                 80.0000                 43.434211                  4.188712                      NaN                      NaN        8.756404e+05       588051.896868           560000.0           990000.0  185.394089  165.392250     111.00     230.50       184      19         340000.0            430000.0      119.50         0.906404            90.640394
                                    Asian        Male     Hispanic or Latino           9    490555.555556    155089.579849        465000.0        575000.0                82.611556                21.355172                80.00000                 95.0000                 44.571429                  4.928054                      NaN                      NaN        6.116667e+05       163171.688721           495000.0           695000.0  150.222222   72.032593     105.00     162.00         9       0         110000.0            200000.0       57.00         1.000000           100.000000
                                    Asian        Male Not Hispanic or Latino         370    612054.054054    238620.066980        445000.0        762500.0                73.074105                17.912062                63.38025                 80.0000                 43.879699                  4.006669                      NaN                      NaN        8.877838e+05       397550.196939           635000.0          1062500.0  263.656757  813.852782     129.50     237.00       352      18         317500.0            427500.0      107.50         0.951351            95.135135
                Black or African American      Female     Hispanic or Latino           5    481000.000000    157575.378787        365000.0        555000.0                83.800000                21.147104                80.00000                100.0000                 43.000000                  3.162278                      NaN                      NaN        6.770000e+05       319405.698133           405000.0           835000.0  150.000000   49.295030     132.00     190.00         5       0         190000.0            430000.0       58.00         1.000000           100.000000
                Black or African American      Female Not Hispanic or Latino          45    491444.444444    175773.040072        345000.0        615000.0                88.913156                10.966686                80.00000                 97.0000                 45.000000                  3.539691                      NaN                      NaN        6.025556e+05       217539.500651           435000.0           775000.0  145.666667   71.473453      83.00     200.00        43       2         270000.0            340000.0      117.00         0.955556            95.555556
                Black or African American        Male     Hispanic or Latino           4    435000.000000    217408.984788        342500.0        487500.0                95.250000                 3.500000                95.25000                 97.0000                 43.750000                  3.593976                     42.0                    46.25        4.625000e+05       257859.781018           350000.0           517500.0  130.750000   62.792648     106.50     146.75         4       0         145000.0            167500.0       40.25         1.000000           100.000000
                Black or African American        Male Not Hispanic or Latino          30    611333.333333    247434.886361        392500.0        765000.0                84.193133                13.518108                80.00000                 94.7500                 44.250000                  3.823404                      NaN                      NaN        7.296667e+05       235441.380556           540000.0           862500.0  225.900000  167.871739     128.75     275.00        24       6         372500.0            322500.0      146.25         0.800000            80.000000
Native Hawaiian or Other Pacific Islander      Female Not Hispanic or Latino           4    555000.000000    430348.695827        240000.0        740000.0                69.890000                27.933064                58.18250                 84.9375                 42.000000                  5.291503                      NaN                      NaN        1.075000e+06       806473.806146           460000.0          1750000.0  108.750000  117.641758      42.50     145.75         3       1         500000.0           1290000.0      103.25         0.750000            75.000000
Native Hawaiian or Other Pacific Islander        Male     Hispanic or Latino           2    505000.000000    127279.220614        460000.0        550000.0                82.500000                 3.535534                81.25000                 83.7500                 49.000000                       NaN                      NaN                      NaN        6.100000e+05       134350.288425           562500.0           657500.0  132.500000    9.192388     129.25     135.75         2       0          90000.0             95000.0        6.50         1.000000           100.000000
Native Hawaiian or Other Pacific Islander        Male Not Hispanic or Latino           4    472500.000000    157770.930994        352500.0        585000.0                76.954500                16.561434                72.17000                 83.7500                 42.333333                  5.033223                      NaN                      NaN        6.325000e+05       206458.228221           582500.0           745000.0  161.500000   86.461938     110.50     190.00         3       1         232500.0            162500.0       79.50         0.750000            75.000000
                                    White      Female     Hispanic or Latino         168    425357.142857    239750.101577        245000.0        585000.0                79.823411                18.564491                75.00000                 95.0000                 43.983871                  4.265543                      NaN                      NaN        5.672024e+05       300778.283064           355000.0           715000.0  136.553571   98.693426      71.00     171.75       145      23         340000.0            360000.0      100.75         0.863095            86.309524
                                    White      Female Not Hispanic or Latino         375    484840.000000    232078.439626        310000.0        635000.0                69.746265                21.388830                57.57050                 80.0000                 43.718519                  4.083063                      NaN                      NaN        7.446000e+05       398438.261376           500000.0           890000.0  160.512000   90.771083      96.00     196.50       355      20         325000.0            390000.0      100.50         0.946667            94.666667
                                    White        Male     Hispanic or Latino         275    471509.090909    209251.784278        315000.0        605000.0                82.579611                15.945769                79.98750                 95.0000                 44.485981                  3.880527                      NaN                      NaN        5.984909e+05       279509.794608           405000.0           735000.0  159.469091  135.647440      89.50     175.50       256      19         290000.0            330000.0       86.00         0.930909            93.090909
                                    White        Male Not Hispanic or Latino         468    539102.564103    253768.694850        355000.0        695000.0                75.509113                17.190897                69.99975                 89.9750                 43.790164                  3.963887                      NaN                      NaN        7.401282e+05       354679.613268           485000.0           915000.0  227.333333  425.000406     113.00     239.25       429      39         340000.0            430000.0      126.25         0.916667            91.666667