                             derived_race derived_sex      derived_ethnicity  total_apps  avg_loan_amount  std_loan_amount  Q1_loan_amount  Q3_loan_amount  avg_loan_to_value_ratio  std_loan_to_value_ratio  Q1_loan_to_value_ratio  Q3_loan_to_value_ratio  avg_debt_to_income_ratio  std_debt_to_income_ratio  Q1_debt_to_income_ratio  Q3_debt_to_income_ratio  avg_property_value  std_property_value  Q1_property_value  Q3_property_value  avg_income  std_income  Q1_income  Q3_income  accepted  denied  iqr_loan_amount  iqr_property_value  iqr_income  acceptance_rate  acceptance_rate_pct
                 2 or more minority races      Female     Hispanic or Latino           2    540000.000000    629325.035256        317500.0        762500.0                69.780000                14.453263                64.67000                74.89000                 41.000000                  0.000000                     41.0                     41.0       695000.000000       749533.188058           430000.0           960000.0  153.000000  135.764502     105.00     201.00         2       0         445000.0            530000.0       96.00         1.000000           100.000000
                 2 or more minority races        Male     Hispanic or Latino           2    550000.000000    176776.695297        487500.0        612500.0                88.500000                12.020815                84.25000                92.75000                 46.000000                       NaN                      NaN                      NaN       755000.000000       311126.983722           645000.0           865000.0  163.500000   55.861436     143.75     183.25         2       0         125000.0            220000.0       39.50         1.000000           100.000000
                 2 or more minority races        Male Not Hispanic or Latino           4    407500.000000    144077.525428        312500.0        450000.0                84.575250                 9.486323                78.75000                88.97575                 42.000000                  3.651484                     39.5                     44.5       495000.000000       214320.632076           380000.0           515000.0  101.250000   28.605069      85.75     114.00         4       0         137500.0            135000.0       28.25         1.000000           100.000000
         American Indian or Alaska Native      Female     Hispanic or Latino           4    517500.000000    160908.876904        427500.0        545000.0                87.577000                23.514422                84.47225                99.31425                 42.333333                  1.527525                      NaN                      NaN       650000.000000       184842.275107           537500.0           787500.0  117.750000    9.535023     112.00     125.25         3       1         117500.0            250000.0       13.25         0.750000            75.000000
         American Indian or Alaska Native      Female Not Hispanic or Latino           4    467500.000000    277173.231031        352500.0        615000.0                80.617500                14.766242                71.87500                91.22750                 45.000000                       NaN                      NaN                      NaN       652500.000000       451322.131816           390000.0           872500.0  319.000000  219.931808     194.25     422.25         4       0         262500.0            482500.0      228.00         1.000000           100.000000
         American Indian or Alaska Native        Male     Hispanic or Latino           3    425000.000000    101488.915651        380000.0        480000.0                72.303000                26.150018                59.95450                86.00000                 39.333333                  5.773503                     36.0                     41.0       605000.000000        81853.527719           560000.0           640000.0  141.000000   53.563047     119.50     171.00         3       0         100000.0             80000.0       51.50         1.000000           100.000000
         American Indian or Alaska Native        Male Not Hispanic or Latino           6    406666.666667    237184.878664        270000.0        537500.0                88.306500                10.394416                85.82925                94.25000                 46.333333                  2.516611                      NaN                      NaN       488333.333333       308847.319345           300000.0           740000.0  137.833333   88.098619      78.75     156.75         6       0         267500.0            440000.0       78.00         1.000000           100.000000
                                    Asian      Female     Hispanic or Latino           4    417500.000000    245679.330293        285000.0        587500.0                49.515750                31.226773                32.50000                71.04725                 45.333333                  5.507571                      NaN                      NaN       885000.000000       131402.688963           832500.0           967500.0  109.750000   18.518009     109.00     119.25         3       1         302500.0            135000.0       10.25         0.750000            75.000000
                                    Asian      Female Not Hispanic or Latino         234    565940.170940    228857.895471        395000.0        715000.0                70.843148                18.966103                59.90625                80.00000                 43.622754                  4.128387                      NaN                      NaN       869401.709402       463764.990801           587500.0          1012500.0  193.076923  196.056712     123.00     206.75       216      18         320000.0            425000.0       83.75         0.923077            92.307692
                                    Asian        Male     Hispanic or Latino           5    617000.000000    279767.760830        425000.0        755000.0                84.323200                11.818434                80.00000                95.00000                 45.250000                  6.184658                      NaN                      NaN       789000.000000       395638.724091           505000.0          1125000.0  195.400000   50.470784     159.00     247.00         5       0         330000.0            620000.0       88.00         1.000000           100.000000
                                    Asian        Male Not Hispanic or Latino         362    627679.558011    233901.634442        457500.0        765000.0                74.087323                17.587034                65.75975                85.00000                 43.845850                  4.003465                      NaN                      NaN       899944.751381       403498.031915           625000.0          1105000.0  203.309392  119.102593     133.25     248.00       335      27         307500.0            480000.0      114.75         0.925414            92.541436
                Black or African American      Female     Hispanic or Latino           3    455000.000000     50000.000000        430000.0        480000.0                79.174667                18.044709                71.26200                89.00000                 44.000000                  7.071068                      NaN                      NaN       611666.666667       202319.878740           495000.0           675000.0  123.666667   35.641736     109.00     143.50         3       0          50000.0            180000.0       34.50         1.000000           100.000000
                Black or African American      Female Not Hispanic or Latino          47    517765.957447    215625.501917        360000.0        650000.0                83.252617                15.732151                79.96750                95.00000                 44.542857                  4.125551                      NaN                      NaN       641170.212766       243636.875123           490000.0           780000.0  160.382979   74.171233     119.00     186.00        41       6         290000.0            290000.0       67.00         0.872340            87.234043
                Black or African American        Male     Hispanic or Latino           3    621666.666667    205264.057578        535000.0        735000.0                80.867667                 8.730896                76.30150                85.00000                 44.000000                  3.000000                     42.5                     45.5       795000.000000       327871.926215           645000.0           970000.0  194.666667  118.361030     128.00     241.00         3       0         200000.0            325000.0      113.00         1.000000           100.000000
                Black or African American        Male Not Hispanic or Latino          33    481969.696970    173448.206399        365000.0        575000.0                80.081758                18.114617                80.00000                93.15100                 43.384615                  3.970662                      NaN                      NaN       621969.696970       236464.649161           455000.0           725000.0  157.939394   98.671152     100.00     182.00        27       6         210000.0            270000.0       82.00         0.818182            81.818182
Native Hawaiian or Other Pacific Islander      Female Not Hispanic or Latino           1    345000.000000              NaN        345000.0        345000.0                90.000000                      NaN                90.00000                90.00000                 43.000000                       NaN                     43.0                     43.0       385000.000000                 NaN           385000.0           385000.0  113.000000         NaN     113.00     113.00         1       0              0.0                 0.0        0.00         1.000000           100.000000
Native Hawaiian or Other Pacific Islander        Male     Hispanic or Latino           3    688333.333333    369368.831026        560000.0        900000.0                69.624667                26.703698                59.43700                84.74000                 43.000000                  7.071068                      NaN                      NaN       931666.666667       231156.512634           860000.0          1065000.0  236.666667  135.241759     171.50     306.50         3       0         340000.0            205000.0      135.00         1.000000           100.000000
Native Hawaiian or Other Pacific Islander        Male Not Hispanic or Latino           2    680000.000000     49497.474683        662500.0        697500.0                90.875000                15.379572                85.43750                96.31250                 41.000000                       NaN                      NaN                      NaN       755000.000000        70710.678119           730000.0           780000.0  229.000000   76.367532     202.00     256.00         1       1          35000.0             50000.0       54.00         0.500000            50.000000
                                    White      Female     Hispanic or Latino         171    422368.421053    183830.417208        295000.0        515000.0                81.428482                17.908978                75.00000                95.00000                 44.666667                  4.098199                      NaN                      NaN       547514.619883       224195.538517           415000.0           655000.0  122.403509   57.681843      87.00     148.00       152      19         220000.0            240000.0       61.00         0.888889            88.888889
                                    White      Female Not Hispanic or Latino         369    488116.531165    241856.025203        305000.0        615000.0                70.688181                22.189446                57.62700                87.09100                 43.384906                  4.198096                      NaN                      NaN       745054.200542       432570.674409           485000.0           925000.0  167.544715   99.601373     101.00     209.00       347      22         310000.0            440000.0      108.00         0.940379            94.037940
                                    White        Male     Hispanic or Latino         257    437451.361868    186050.182684        305000.0        545000.0                81.949444                16.667222                77.97000                95.00000                 44.218750                  3.826617                      NaN                      NaN       555972.762646       242766.097636           395000.0           675000.0  147.268482  111.867745      90.00     170.00       234      23         240000.0            280000.0       80.00         0.910506            91.050584
                                    White        Male Not Hispanic or Latino         481    540925.155925    248288.362702        355000.0        705000.0                74.184536                18.651399                66.66700                89.90000                 43.436950                  4.080763                      NaN                      NaN       784417.879418       445201.819886           505000.0           965000.0  225.324324  462.491800     112.00     236.00       465      16         350000.0            460000.0      124.00         0.966736            96.673597