                             derived_race derived_sex      derived_ethnicity  total_apps  avg_loan_amount  std_loan_amount  Q1_loan_amount  Q3_loan_amount  avg_loan_to_value_ratio  std_loan_to_value_ratio  Q1_loan_to_value_ratio  Q3_loan_to_value_ratio  avg_debt_to_income_ratio  std_debt_to_income_ratio  Q1_debt_to_income_ratio  Q3_debt_to_income_ratio  avg_property_value  std_property_value  Q1_property_value  Q3_property_value  avg_income  std_income  Q1_income  Q3_income  accepted  denied  iqr_loan_amount  iqr_property_value  iqr_income  acceptance_rate  acceptance_rate_pct
                 2 or more minority races      Female Not Hispanic or Latino           3     6.350000e+05    283548.937575        525000.0        795000.0                71.666667                20.207259                62.50000                 82.5000                 36.000000                       NaN                      NaN                      NaN        9.850000e+05       654828.221750           625000.0          1265000.0  186.333333   77.306748     156.50     230.00         3       0         270000.0            640000.0       73.50         1.000000           100.000000
                 2 or more minority races        Male Not Hispanic or Latino           1     1.015000e+06              NaN       1015000.0       1015000.0                85.000000                      NaN                85.00000                 85.0000                       NaN                       NaN                      NaN                      NaN        1.195000e+06                 NaN          1195000.0          1195000.0  605.000000         NaN     605.00     605.00         1       0              0.0                 0.0        0.00         1.000000           100.000000
         American Indian or Alaska Native      Female     Hispanic or Latino           9     4.394444e+05    124710.776510        305000.0        545000.0                87.080444                12.316828                80.00000                 96.0000                 44.000000                  4.163332                      NaN                      NaN        5.405556e+05       127191.893522           435000.0           605000.0  121.888889   42.054858      86.00     141.00         8       1         240000.0            170000.0       55.00         0.888889            88.888889
         American Indian or Alaska Native      Female Not Hispanic or Latino           2     1.200000e+05    106066.017178         82500.0        157500.0                67.939000                29.629188                57.46350                 78.4145                       NaN                       NaN                      NaN                      NaN        2.300000e+05       261629.509039           137500.0           322500.0   76.000000   14.142136      71.00      81.00         1       1          75000.0            185000.0       10.00         0.500000            50.000000
         American Indian or Alaska Native        Male     Hispanic or Latino           6     4.700000e+05    183602.832222        335000.0        630000.0                90.798333                 7.307805                86.25000                 95.0000                 42.800000                  5.540758                      NaN                      NaN        5.116667e+05       168126.936172           370000.0           657500.0  165.333333   74.058535     119.25     170.25         4       2         295000.0            287500.0       51.00         0.666667            66.666667
         American Indian or Alaska Native        Male Not Hispanic or Latino           2     5.900000e+05    176776.695297        527500.0        652500.0                86.000000                15.556349                80.50000                 91.5000                 43.000000                       NaN                      NaN                      NaN        6.800000e+05        91923.881554           647500.0           712500.0  223.000000   57.982756     202.50     243.50         2       0         125000.0             65000.0       41.00         1.000000           100.000000
                                    Asian      Female     Hispanic or Latino           6     4.716667e+05    158829.048561        342500.0        600000.0                78.534167                15.835378                80.00000                 84.4670                 44.166667                  3.970726                    43.25                    46.75        6.066667e+05       174976.188856           492500.0           737500.0  130.833333   34.160894     101.50     157.75         6       0         257500.0            245000.0       56.25         1.000000           100.000000
                                    Asian      Female Not Hispanic or Latino         213     5.621362e+05    230613.957542        385000.0        695000.0                70.966929                20.596486                60.00000                 84.7620                 43.219355                  4.136111                      NaN                      NaN        8.637324e+05       530810.868436           595000.0          1005000.0  200.239437  187.953286     119.00     221.00       198      15         310000.0            410000.0      102.00         0.929577            92.957746
                                    Asian        Male     Hispanic or Latino          12     4.775000e+05    223855.675908        320000.0        550000.0                78.234250                12.078838                79.75000                 80.0000                 43.666667                  4.213075                      NaN                      NaN        6.625000e+05       257862.718938           497500.0           712500.0  133.333333   63.187072      86.00     161.50        10       2         230000.0            215000.0       75.50         0.833333            83.333333
                                    Asian        Male Not Hispanic or Latino         374     6.274064e+05    231666.270000        457500.0        765000.0                73.592171                17.865046                65.00000                 85.0000                 43.520913                  4.045370                      NaN                      NaN        9.117112e+05       453181.351448           625000.0          1115000.0  212.157754  167.555774     134.00     239.75       346      28         307500.0            490000.0      105.75         0.925134            92.513369
                Black or African American      Female     Hispanic or Latino           3     3.616667e+05    120968.315411        315000.0        430000.0                75.854333                33.161267                66.28150                 95.0000                 49.000000                       NaN                      NaN                      NaN        5.016667e+05        86216.781043           455000.0           540000.0  140.333333   45.829394     116.00     161.50         2       1         115000.0             85000.0       45.50         0.666667            66.666667
                Black or African American      Female Not Hispanic or Latino          52     4.607692e+05    185528.879987        327500.0        605000.0                83.772327                16.077672                78.35825                 95.0000                 44.055556                  4.355256                      NaN                      NaN        5.815385e+05       176089.155397           470000.0           692500.0  139.288462   61.741185      94.75     161.50        46       6         277500.0            222500.0       66.75         0.884615            88.461538
                Black or African American        Male     Hispanic or Latino           5     5.550000e+05     98488.578018        475000.0        645000.0                89.400000                 8.619745                80.00000                 95.0000                 40.666667                  3.055050                      NaN                      NaN        6.290000e+05       130115.333455           575000.0           705000.0  181.000000   74.689357     115.00     230.00         4       1         170000.0            130000.0      115.00         0.800000            80.000000
                Black or African American        Male Not Hispanic or Latino          37     5.320270e+05    171543.076302        445000.0        665000.0                86.602405                15.523907                80.00000                 95.0000                 44.500000                  3.694885                      NaN                      NaN        6.336486e+05       217091.406276           515000.0           735000.0  167.864865  135.292515     110.00     177.00        29       8         220000.0            220000.0       67.00         0.783784            78.378378
Native Hawaiian or Other Pacific Islander      Female     Hispanic or Latino           3     4.316667e+05     65064.070986        400000.0        465000.0                61.722667                26.741739                52.58400                 77.0690                 47.333333                  0.577350                    47.00                    47.50        7.883333e+05       326547.597347           600000.0           890000.0  188.000000  136.722346     110.00     237.50         2       1          65000.0            290000.0      127.50         0.666667            66.666667
Native Hawaiian or Other Pacific Islander      Female Not Hispanic or Latino           3     5.616667e+05    215019.378972        455000.0        670000.0                88.326667                 7.628901                85.00000                 92.4900                 45.500000                  4.949747                      NaN                      NaN        6.350000e+05       216564.078277           520000.0           735000.0  154.000000   41.073106     137.50     177.00         3       0         215000.0            215000.0       39.50         1.000000           100.000000
Native Hawaiian or Other Pacific Islander        Male     Hispanic or Latino           1     5.650000e+05              NaN        565000.0        565000.0                97.000000                      NaN                97.00000                 97.0000                 49.000000                       NaN                    49.00                    49.00        5.750000e+05                 NaN           575000.0           575000.0  119.000000         NaN     119.00     119.00         1       0              0.0                 0.0        0.00         1.000000           100.000000
Native Hawaiian or Other Pacific Islander        Male Not Hispanic or Latino           3     5.183333e+05    107857.931249        480000.0        580000.0                88.330000                 7.636537                84.99500                 92.4950                 44.000000                  4.582576                    41.50                    46.00        5.950000e+05       157162.336455           540000.0           685000.0  157.000000   34.597688     137.50     170.50         3       0         100000.0            145000.0       33.00         1.000000           100.000000
                                    White      Female     Hispanic or Latino         140     4.357857e+05    199236.195670        315000.0        525000.0                79.281021                18.248562                72.74875                 95.0000                 44.575221                  3.671330                      NaN                      NaN        5.650714e+05       244577.146260           405000.0           685000.0  152.471429  162.905651      85.75     154.50       136       4         210000.0            280000.0       68.75         0.971429            97.142857
                                    White      Female Not Hispanic or Latino         355     4.706056e+05    236955.410647        295000.0        640000.0                72.707166                21.665941                61.80500                 88.6965                 43.400000                  4.184500                      NaN                      NaN        6.984366e+05       405951.512940           435000.0           875000.0  159.819718  103.143782      95.00     195.50       328      27         345000.0            440000.0      100.50         0.923944            92.394366
                                    White        Male     Hispanic or Latino         264     4.915152e+05    209237.198157        345000.0        615000.0                84.024076                15.427516                80.00000                 95.0000                 44.553763                  4.033617                      NaN                      NaN        6.091667e+05       283665.688914           432500.0           757500.0  156.219697  127.682610      89.75     178.00       230      34         270000.0            325000.0       88.25         0.871212            87.121212
                                    White        Male Not Hispanic or Latino         506     5.494862e+05    247794.694655        355000.0        725000.0                75.017405                19.468209                66.29325                 90.0000                 43.190031                  4.097029                      NaN                      NaN        7.822727e+05       421327.079180           505000.0           975000.0  259.608696  727.943729     115.00     241.50       472      34         370000.0            470000.0      126.50         0.932806            93.280632