                             derived_race derived_sex      derived_ethnicity  total_apps  avg_loan_amount  std_loan_amount  Q1_loan_amount  Q3_loan_amount  avg_loan_to_value_ratio  std_loan_to_value_ratio  Q1_loan_to_value_ratio  Q3_loan_to_value_ratio  avg_debt_to_income_ratio  std_debt_to_income_ratio  Q1_debt_to_income_ratio  Q3_debt_to_income_ratio  avg_property_value  std_property_value  Q1_property_value  Q3_property_value  avg_income  std_income  Q1_income  Q3_income  accepted  denied  iqr_loan_amount  iqr_property_value  iqr_income  acceptance_rate  acceptance_rate_pct
                 2 or more minority races      Female     Hispanic or Latino           2    345000.000000    254558.441227        255000.0        435000.0                98.140000                 4.440631                96.57000                99.71000                 44.000000                       NaN                      NaN                      NaN       360000.000000       275771.644663           262500.0           457500.0  111.000000   80.610173      82.50     139.50         1       1         180000.0            195000.0       57.00         0.500000            50.000000
                 2 or more minority races      Female Not Hispanic or Latino           2    585000.000000    212132.034356        510000.0        660000.0                96.434500                 2.028689                95.71725                97.15175                 48.000000                       NaN                      NaN                      NaN       785000.000000       452548.339959           625000.0           945000.0  161.500000   81.317280     132.75     190.25         2       0         150000.0            320000.0       57.50         1.000000           100.000000
                 2 or more minority races        Male     Hispanic or Latino           1    475000.000000              NaN        475000.0        475000.0                89.990000                      NaN                89.99000                89.99000                 41.000000                       NaN                    41.00                    41.00       525000.000000                 NaN           525000.0           525000.0  117.000000         NaN     117.00     117.00         1       0              0.0                 0.0        0.00         1.000000           100.000000
                 2 or more minority races        Male Not Hispanic or Latino           2    405000.000000    141421.356237        355000.0        455000.0                84.995000                 7.063997                82.49750                87.49250                 45.500000                  4.949747                    43.75                    47.25       490000.000000       148492.424049           437500.0           542500.0  114.500000    9.192388     111.25     117.75         2       0         100000.0            105000.0        6.50         1.000000           100.000000
         American Indian or Alaska Native      Female     Hispanic or Latino           2    720000.000000    148492.424049        667500.0        772500.0                94.810000                 0.268701                94.71500                94.90500                 47.000000                  2.828427                    46.00                    48.00       760000.000000       148492.424049           707500.0           812500.0  171.000000   76.367532     144.00     198.00         2       0         105000.0            105000.0       54.00         1.000000           100.000000
         American Indian or Alaska Native      Female Not Hispanic or Latino           5    649000.000000    212673.458617        505000.0        765000.0                82.488000                13.781071                76.44000                95.00000                 43.000000                  5.700877                    38.00                    47.00       831000.000000       359555.280868           525000.0          1195000.0  175.800000   68.342520     132.00     225.00         5       0         260000.0            670000.0       93.00         1.000000           100.000000
         American Indian or Alaska Native        Male     Hispanic or Latino           5    495000.000000    159687.194227        425000.0        485000.0                66.412800                25.426079                47.31700                80.00000                 46.000000                  2.645751                      NaN                      NaN       965000.000000       787559.521560           535000.0          1025000.0  169.200000   61.997581     107.00     208.00         4       1          60000.0            490000.0      101.00         0.800000            80.000000
         American Indian or Alaska Native        Male Not Hispanic or Latino           5    493000.000000    184715.998224        465000.0        505000.0                84.969800                 9.374543                79.84900                95.00000                 47.000000                  2.645751                      NaN                      NaN       597000.000000       251137.412585           535000.0           645000.0  207.600000  154.202140     156.00     202.00         5       0          40000.0            110000.0       46.00         1.000000           100.000000
                                    Asian      Female     Hispanic or Latino          11    455909.090909    219474.579186        265000.0        555000.0                76.725364                21.096346                67.19500                92.00000                 43.777778                  3.527668                      NaN                      NaN       625909.090909       287522.331149           520000.0           775000.0  124.818182   79.535927      79.00     148.00         9       2         290000.0            255000.0       69.00         0.818182            81.818182
                                    Asian      Female Not Hispanic or Latino         232    581465.517241    219145.346262        432500.0        755000.0                72.638754                18.799364                60.00000                85.00000                 43.575581                  4.231611                      NaN                      NaN       864568.965517       450474.290201           585000.0          1007500.0  173.646552   86.167033     121.50     212.00       215      17         322500.0            422500.0       90.50         0.926724            92.672414
                                    Asian        Male     Hispanic or Latino          10    503000.000000    205036.582102        412500.0        645000.0                76.521800                17.020304                69.46350                89.99750                 44.250000                  4.234214                      NaN                      NaN       664000.000000       240852.652051           547500.0           767500.0  146.900000   61.063628     111.50     171.75         9       1         232500.0            220000.0       60.25         0.900000            90.000000
                                    Asian        Male Not Hispanic or Latino         347    625461.095101    228941.559451        455000.0        765000.0                74.424829                16.938036                66.66200                85.00000                 43.238095                  4.214240                      NaN                      NaN       890850.144092       380983.000726           640000.0          1065000.0  211.806916  167.955369     130.50     247.50       326      21         310000.0            425000.0      117.00         0.939481            93.948127
                Black or African American      Female     Hispanic or Latino           3    545000.000000    295127.091267        450000.0        715000.0                86.296667                14.796758                80.00000                94.44500                 47.500000                  2.121320                      NaN                      NaN       671666.666667       414045.086112           510000.0           905000.0  159.000000   86.029065     119.00     204.50         2       1         265000.0            395000.0       85.50         0.666667            66.666667
                Black or African American      Female Not Hispanic or Latino          55    530272.727273    212418.651492        330000.0        665000.0                83.636164                15.696493                79.99500                95.00000                 44.136364                  3.782401                      NaN                      NaN       655000.000000       278773.769955           480000.0           800000.0  160.072727   75.313875     110.00     195.00        46       9         335000.0            320000.0       85.00         0.836364            83.636364
                Black or African American        Male     Hispanic or Latino           3    508333.333333    234591.844132        380000.0        610000.0                77.545333                 7.012002                74.81800                81.50000                 41.333333                  3.511885                    39.50                    43.00       678333.333333       380306.893618           465000.0           830000.0  131.666667   45.621632     107.00     152.00         3       0         230000.0            365000.0       45.00         1.000000           100.000000
                Black or African American        Male Not Hispanic or Latino          23    492391.304348    196566.375357        370000.0        620000.0                82.894217                17.790671                80.00000                96.00000                 44.055556                  4.317846                      NaN                      NaN       698478.260870       420309.503879           475000.0           745000.0  159.608696  103.772364     100.00     171.00        22       1         250000.0            270000.0       71.00         0.956522            95.652174
Native Hawaiian or Other Pacific Islander      Female     Hispanic or Latino           1    435000.000000              NaN        435000.0        435000.0                80.000000                      NaN                80.00000                80.00000                 45.000000                       NaN                    45.00                    45.00       545000.000000                 NaN           545000.0           545000.0  100.000000         NaN     100.00     100.00         1       0              0.0                 0.0        0.00         1.000000           100.000000
Native Hawaiian or Other Pacific Islander      Female Not Hispanic or Latino           5    489000.000000    288669.361034        325000.0        515000.0                67.257800                32.273734                39.75200                90.00000                 45.000000                  5.338539                    42.00                    49.00       785000.000000       268979.553126           575000.0           815000.0  139.600000   87.614497      84.00     175.00         5       0         190000.0            240000.0       91.00         1.000000           100.000000
Native Hawaiian or Other Pacific Islander        Male     Hispanic or Latino           2    520000.000000    190918.830920        452500.0        587500.0                84.028000                15.516751                78.54200                89.51400                 46.000000                       NaN                      NaN                      NaN       655000.000000       353553.390593           530000.0           780000.0  120.500000   40.305087     106.25     134.75         1       1         135000.0            250000.0       28.50         0.500000            50.000000
Native Hawaiian or Other Pacific Islander        Male Not Hispanic or Latino           6    556666.666667    147704.660274        462500.0        677500.0                84.002667                14.277256                80.00000                95.00000                 42.500000                  5.000000                      NaN                      NaN       675000.000000       192873.015220           585000.0           762500.0  181.333333   76.909471     136.50     207.50         6       0         215000.0            177500.0       71.00         1.000000           100.000000
                                    White      Female     Hispanic or Latino         169    423520.710059    195477.592455        295000.0        525000.0                80.128562                17.312963                75.00000                95.00000                 45.140625                  3.780877                      NaN                      NaN       552928.994083       249604.152657           375000.0           705000.0  150.254438  290.285595      77.00     156.00       151      18         230000.0            330000.0       79.00         0.893491            89.349112
                                    White      Female Not Hispanic or Latino         350    488942.857143    259009.347317        305000.0        642500.0                70.102629                22.092347                57.45500                87.28950                 43.987552                  4.005706                      NaN                      NaN       740428.571429       393101.274943           477500.0           915000.0  171.094286  126.370696      96.25     205.00       319      31         337500.0            437500.0      108.75         0.911429            91.142857
                                    White        Male     Hispanic or Latino         293    475204.778157    204974.001971        335000.0        625000.0                83.902311                14.487714                80.00000                95.00000                 44.339535                  4.058114                      NaN                      NaN       585409.556314       264873.650761           415000.0           725000.0  181.051195  399.484403      95.00     180.00       266      27         290000.0            310000.0       85.00         0.907850            90.784983
                                    White        Male Not Hispanic or Latino         466    561137.339056    251127.552778        365000.0        735000.0                74.266472                18.465661                66.66700                85.00000                 43.245902                  4.054950                      NaN                      NaN       788712.446352       389507.208563           525000.0           992500.0  211.695279  148.696969     120.00     260.00       438      28         370000.0            467500.0      140.00         0.939914            93.991416