                             derived_race derived_sex      derived_ethnicity  total_apps  avg_loan_amount  std_loan_amount  Q1_loan_amount  Q3_loan_amount  avg_loan_to_value_ratio  std_loan_to_value_ratio  Q1_loan_to_value_ratio  Q3_loan_to_value_ratio  avg_debt_to_income_ratio  std_debt_to_income_ratio  Q1_debt_to_income_ratio  Q3_debt_to_income_ratio  avg_property_value  std_property_value  Q1_property_value  Q3_property_value  avg_income  std_income  Q1_income  Q3_income  accepted  denied  iqr_loan_amount  iqr_property_value  iqr_income  acceptance_rate  acceptance_rate_pct
                 2 or more minority races      Female Not Hispanic or Latino           2    545000.000000     70710.678119        520000.0        570000.0                77.500000                27.577164                67.75000                87.25000                       NaN                       NaN                      NaN                      NaN        7.350000e+05       169705.627485           675000.0           795000.0  141.000000   38.183766     127.50     154.50         2       0          50000.0            120000.0       27.00         1.000000           100.000000
                 2 or more minority races        Male     Hispanic or Latino           1    465000.000000              NaN        465000.0        465000.0                85.000000                      NaN                85.00000                85.00000                 47.000000                       NaN                    47.00                    47.00        5.450000e+05                 NaN           545000.0           545000.0  103.000000         NaN     103.00     103.00         1       0              0.0                 0.0        0.00         1.000000           100.000000
                 2 or more minority races        Male Not Hispanic or Latino           7    512142.857143    239841.217316        375000.0        615000.0                89.185857                 8.416678                83.15050                97.00000                 44.857143                  3.078342                    43.00                    46.50        5.921429e+05       324895.587623           405000.0           715000.0  151.000000   95.704406      87.00     177.50         4       3         240000.0            310000.0       90.50         0.571429            57.142857
         American Indian or Alaska Native      Female     Hispanic or Latino           8    443750.000000    368914.914697        240000.0        517500.0                81.884000                15.793642                74.48800                95.50000                 45.333333                  4.725816                      NaN                      NaN        5.725000e+05       438463.225368           270000.0           795000.0  143.750000   84.099856      76.50     208.50         6       2         277500.0            525000.0      132.00         0.750000            75.000000
         American Indian or Alaska Native      Female Not Hispanic or Latino           3    238333.333333     55075.705473        220000.0        270000.0                91.301667                 4.787119                88.65000                93.30250                 45.666667                  3.511885                    44.00                    47.50        2.616667e+05        61101.009266           235000.0           295000.0   62.000000   12.124356      56.50      68.50         3       0          50000.0             60000.0       12.00         1.000000           100.000000
         American Indian or Alaska Native        Male     Hispanic or Latino           8    365000.000000    206605.213598        270000.0        412500.0                61.894750                27.748787                39.63975                82.62000                 45.000000                  2.449490                      NaN                      NaN        6.162500e+05       235944.151988           482500.0           747500.0  136.875000   45.586456      99.75     166.50         4       4         142500.0            265000.0       66.75         0.500000            50.000000
         American Indian or Alaska Native        Male Not Hispanic or Latino           3    548333.333333    178978.583449        450000.0        625000.0                89.360667                 8.163102                86.54100                94.04100                 45.000000                  4.242641                      NaN                      NaN        6.250000e+05       175214.154679           540000.0           715000.0  165.000000   48.280431     139.50     187.50         3       0         175000.0            175000.0       48.00         1.000000           100.000000
                                    Asian      Female     Hispanic or Latino           4    387500.000000    134505.266316        345000.0        477500.0                78.854750                13.366715                75.35475                83.50000                 44.250000                  3.862210                    41.50                    47.25        5.125000e+05       206135.068988           497500.0           615000.0  106.000000   32.072834      83.50     132.00         4       0         132500.0            117500.0       48.50         1.000000           100.000000
                                    Asian      Female Not Hispanic or Latino         229    566397.379913    225633.152411        405000.0        705000.0                71.781161                19.536629                60.00000                85.00000                 43.590361                  3.844039                      NaN                      NaN        8.427729e+05       407552.408599           575000.0          1035000.0  200.323144  188.406826     116.00     226.00       216      13         300000.0            460000.0      110.00         0.943231            94.323144
                                    Asian        Male     Hispanic or Latino          11    588636.363636    111020.063707        510000.0        660000.0                76.741636                14.889321                65.21900                90.00000                 45.400000                  4.033196                      NaN                      NaN        7.995455e+05       236150.953264           605000.0           955000.0  164.545455   48.625844     127.50     192.00        11       0         150000.0            350000.0       64.50         1.000000           100.000000
                                    Asian        Male Not Hispanic or Latino         384    609869.791667    240428.216162        445000.0        757500.0                72.047265                17.403391                64.21725                80.00000                 44.018657                  4.004168                      NaN                      NaN        8.912500e+05       389940.746654           615000.0          1085000.0  199.661458  116.495162     126.75     244.00       357      27         312500.0            470000.0      117.25         0.929688            92.968750
                Black or African American      Female     Hispanic or Latino           1    235000.000000              NaN        235000.0        235000.0               102.017000                      NaN               102.01700               102.01700                 49.000000                       NaN                    49.00                    49.00        2.450000e+05                 NaN           245000.0           245000.0   72.000000         NaN      72.00      72.00         0       1              0.0                 0.0        0.00         0.000000             0.000000
                Black or African American      Female Not Hispanic or Latino          39    498333.333333    210254.649280        355000.0        630000.0                87.047333                15.260016                80.00000                96.00000                 43.264706                  3.768360                      NaN                      NaN        6.375641e+05       325015.934417           470000.0           710000.0  148.128205   69.545963     105.50     186.50        36       3         275000.0            240000.0       81.00         0.923077            92.307692
                Black or African American        Male     Hispanic or Latino           4    577500.000000    125797.456254        477500.0        675000.0                88.250000                 7.889867                82.25000                95.00000                 47.000000                  2.000000                      NaN                      NaN        6.500000e+05        84261.497732           592500.0           712500.0  193.250000   75.451419     135.75     240.50         4       0         197500.0            120000.0      104.75         1.000000           100.000000
                Black or African American        Male Not Hispanic or Latino          33    543181.818182    228629.811943        385000.0        655000.0                87.654212                15.007774                80.00000                95.00000                 44.380952                  3.707778                      NaN                      NaN        7.174242e+05       446248.461503           465000.0           825000.0  175.363636  127.848988      92.00     221.00        26       7         270000.0            360000.0      129.00         0.787879            78.787879
Native Hawaiian or Other Pacific Islander      Female Not Hispanic or Latino           3    565000.000000    240000.000000        445000.0        685000.0                76.577333                31.891676                67.36600                94.99000                 44.333333                  4.041452                    42.00                    45.50        7.550000e+05       132287.565553           705000.0           830000.0  149.666667   52.204725     129.00     179.00         3       0         240000.0            125000.0       50.00         1.000000           100.000000
Native Hawaiian or Other Pacific Islander        Male     Hispanic or Latino           2    510000.000000    487903.679019        337500.0        682500.0                62.453500                46.027702                46.18025                78.72675                 39.500000                  4.949747                    37.75                    41.25        7.200000e+05       261629.509039           627500.0           812500.0  151.500000  154.856385      96.75     206.25         1       1         345000.0            185000.0      109.50         0.500000            50.000000
Native Hawaiian or Other Pacific Islander        Male Not Hispanic or Latino           2    770000.000000      7071.067812        767500.0        772500.0                72.500000                 0.707107                72.25000                72.75000                 45.000000                       NaN                      NaN                      NaN        1.070000e+06         7071.067812          1067500.0          1072500.0  239.000000    8.485281     236.00     242.00         1       1           5000.0              5000.0        6.00         0.500000            50.000000
                                    White      Female     Hispanic or Latino         195    425410.256410    201777.758467        275000.0        535000.0                80.418549                17.763983                76.22350                94.99500                 43.921687                  3.918860                      NaN                      NaN        5.575128e+05       255918.285101           385000.0           715000.0  132.523077   82.013283      77.00     161.00       178      17         260000.0            330000.0       84.00         0.912821            91.282051
                                    White      Female Not Hispanic or Latino         342    473011.695906    250622.965489        285000.0        622500.0                70.697126                21.814762                58.54150                85.14250                 44.128405                  4.068151                      NaN                      NaN        7.156140e+05       420719.154772           427500.0           875000.0  161.602339  112.370772      89.00     201.75       319      23         337500.0            447500.0      112.75         0.932749            93.274854
                                    White        Male     Hispanic or Latino         257    470992.217899    214616.045100        325000.0        605000.0                83.992144                16.520594                80.00000                95.00000                 44.333333                  3.876259                      NaN                      NaN        5.864397e+05       266781.799557           405000.0           735000.0  144.108949   96.346602      86.00     163.00       233      24         280000.0            330000.0       77.00         0.906615            90.661479
                                    White        Male Not Hispanic or Latino         462    539956.709957    263845.042335        345000.0        695000.0                74.209433                19.624460                67.61475                88.49975                 43.800000                  3.999660                      NaN                      NaN        7.830952e+05       468498.603006           495000.0           955000.0  219.463203  326.879816     107.00     248.00       429      33         350000.0            460000.0      141.00         0.928571            92.857143