                             derived_race derived_sex      derived_ethnicity  total_apps  avg_loan_amount  std_loan_amount  Q1_loan_amount  Q3_loan_amount  avg_loan_to_value_ratio  std_loan_to_value_ratio  Q1_loan_to_value_ratio  Q3_loan_to_value_ratio  avg_debt_to_income_ratio  std_debt_to_income_ratio  Q1_debt_to_income_ratio  Q3_debt_to_income_ratio  avg_property_value  std_property_value  Q1_property_value  Q3_property_value  avg_income  std_income  Q1_income  Q3_income  accepted  denied  iqr_loan_amount  iqr_property_value  iqr_income  acceptance_rate  acceptance_rate_pct
                 2 or more minority races      Female     Hispanic or Latino           1     6.850000e+05              NaN        685000.0        685000.0                80.000000                      NaN                80.00000                80.00000                 40.000000                       NaN                     40.0                     40.0        8.550000e+05                 NaN           855000.0           855000.0  245.000000         NaN     245.00     245.00         1       0              0.0                 0.0        0.00         1.000000           100.000000
                 2 or more minority races        Male     Hispanic or Latino           1     5.950000e+05              NaN        595000.0        595000.0                80.000000                      NaN                80.00000                80.00000                 41.000000                       NaN                     41.0                     41.0        7.450000e+05                 NaN           745000.0           745000.0  260.000000         NaN     260.00     260.00         1       0              0.0                 0.0        0.00         1.000000           100.000000
                 2 or more minority races        Male Not Hispanic or Latino           1     1.045000e+06              NaN       1045000.0       1045000.0                95.000000                      NaN                95.00000                95.00000                 48.000000                       NaN                     48.0                     48.0        1.105000e+06                 NaN          1105000.0          1105000.0  240.000000         NaN     240.00     240.00         1       0              0.0                 0.0        0.00         1.000000           100.000000
         American Indian or Alaska Native      Female     Hispanic or Latino           6     4.866667e+05    189885.930671        360000.0        537500.0                74.314833                14.213230                68.50000                80.00000                 43.250000                  4.787136                      NaN                      NaN        6.566667e+05       205272.177040           512500.0           822500.0  151.000000   54.103604     114.00     186.75         6       0         177500.0            310000.0       72.75         1.000000           100.000000
         American Indian or Alaska Native      Female Not Hispanic or Latino           5     4.930000e+05    193313.217344        355000.0        565000.0                84.529400                 6.724940                80.00000                90.00000                 41.333333                  4.163332                      NaN                      NaN        5.890000e+05       220068.171256           445000.0           755000.0  194.000000  110.997748      94.00     212.00         5       0         210000.0            310000.0      118.00         1.000000           100.000000
         American Indian or Alaska Native        Male     Hispanic or Latino           8     4.087500e+05    169025.568649        292500.0        512500.0                89.262125                34.075254                79.50000                95.49750                 43.666667                  4.041452                      NaN                      NaN        4.887500e+05       194931.306582           342500.0           582500.0  202.625000  177.760624      83.50     297.50         6       2         220000.0            240000.0      214.00         0.750000            75.000000
         American Indian or Alaska Native        Male Not Hispanic or Latino           8     5.537500e+05    234303.679625        450000.0        725000.0                75.803250                16.365841                78.57150                80.25000                 43.250000                  6.130525                      NaN                      NaN        7.662500e+05       365061.149477           647500.0           927500.0  173.625000   65.406285     142.50     210.25         8       0         275000.0            280000.0       67.75         1.000000           100.000000
                                    Asian      Female     Hispanic or Latino           7     5.121429e+05    209897.934380        375000.0        540000.0                75.501286                12.949784                68.80050                83.05550                 41.000000                  1.825742                      NaN                      NaN        7.092857e+05       350944.304359           460000.0           810000.0  163.571429   91.767564     105.00     212.00         6       1         165000.0            350000.0      107.00         0.857143            85.714286
                                    Asian      Female Not Hispanic or Latino         220     5.458182e+05    219370.755651        395000.0        705000.0                70.605863                19.610598                58.19275                80.73625                 44.000000                  4.097037                      NaN                      NaN        8.251818e+05       357245.887766           582500.0           997500.0  179.236364  135.115809     111.00     201.25       205      15         310000.0            415000.0       90.25         0.931818            93.181818
                                    Asian        Male     Hispanic or Latino          17     5.579412e+05    208169.543458        365000.0        695000.0                80.477588                14.183398                80.00000                90.00000                 44.071429                  3.496466                      NaN                      NaN        7.132353e+05       305455.301438           475000.0           875000.0  145.823529   67.906402      96.00     183.00        16       1         330000.0            400000.0       87.00         0.941176            94.117647
                                    Asian        Male Not Hispanic or Latino         358     6.087151e+05    237802.491656        425000.0        752500.0                74.268089                17.298786                69.12625                85.00000                 43.804598                  3.890340                      NaN                      NaN        8.740782e+05       428082.153331           605000.0          1042500.0  197.374302  126.379135     125.25     230.75       335      23         327500.0            437500.0      105.50         0.935754            93.575419
                Black or African American      Female     Hispanic or Latino           3     4.116667e+05    150111.069989        335000.0        485000.0                79.230000                29.063701                70.34500                96.00000                       NaN                       NaN                      NaN                      NaN        5.316667e+05        92376.043070           505000.0           585000.0  172.000000   77.903787     138.00     214.50         2       1         150000.0             80000.0       76.50         0.666667            66.666667
                Black or African American      Female Not Hispanic or Latino          40     5.602500e+05    211768.953682        400000.0        665000.0                87.481900                13.771356                82.75000                95.50000                 44.243243                  4.686893                      NaN                      NaN        7.162500e+05       306269.426385           497500.0           852500.0  163.550000   75.222729     118.00     191.00        38       2         265000.0            355000.0       73.00         0.950000            95.000000
                Black or African American        Male     Hispanic or Latino           8     5.025000e+05    122211.760014        410000.0        572500.0                89.125000                 7.954109                84.50000                95.00000                 44.000000                  3.070598                     43.5                     45.5        5.862500e+05       136845.846536           505000.0           652500.0  145.500000   43.506978     110.75     182.50         7       1         162500.0            147500.0       71.75         0.875000            87.500000
                Black or African American        Male Not Hispanic or Latino          36     5.233333e+05    233219.700222        362500.0        700000.0                80.558944                17.596845                74.29075                95.00000                 44.250000                  3.709565                      NaN                      NaN        6.961111e+05       402547.443719           460000.0           775000.0  203.083333  221.995415     107.25     197.25        29       7         337500.0            315000.0       90.00         0.805556            80.555556
Native Hawaiian or Other Pacific Islander      Female     Hispanic or Latino           3     4.150000e+05     51961.524227        400000.0        445000.0                88.633333                 8.037620                85.00000                92.95000                 39.500000                  0.707107                      NaN                      NaN        4.716667e+05        97125.348562           430000.0           525000.0  141.666667   57.639685     109.00     163.50         2       1          45000.0             95000.0       54.50         0.666667            66.666667
Native Hawaiian or Other Pacific Islander      Female Not Hispanic or Latino           1     4.550000e+05              NaN        455000.0        455000.0                80.000000                      NaN                80.00000                80.00000                 47.000000                       NaN                     47.0                     47.0        5.650000e+05                 NaN           565000.0           565000.0   95.000000         NaN      95.00      95.00         1       0              0.0                 0.0        0.00         1.000000           100.000000
Native Hawaiian or Other Pacific Islander        Male     Hispanic or Latino           2     4.900000e+05    162634.559673        432500.0        547500.0                79.580500                 0.593263                79.37075                79.79025                 41.000000                  7.071068                     38.5                     43.5        6.200000e+05       205060.966544           547500.0           692500.0  117.000000   31.112698     106.00     128.00         2       0         115000.0            145000.0       22.00         1.000000           100.000000
Native Hawaiian or Other Pacific Islander        Male Not Hispanic or Latino           3     6.616667e+05    153731.367435        610000.0        750000.0                83.126000                 5.961177                79.68900                85.00000                 43.000000                  5.000000                     40.5                     45.5        7.983333e+05       175594.229214           715000.0           890000.0  251.666667  171.785719     153.50     313.00         3       0         140000.0            175000.0      159.50         1.000000           100.000000
                                    White      Female     Hispanic or Latino         167     4.472754e+05    194129.743743        315000.0        545000.0                81.585108                17.150763                77.88550                95.00000                 44.496296                  3.747385                      NaN                      NaN        5.685928e+05       256804.321823           395000.0           685000.0  148.239521  227.431950      79.00     159.50       146      21         230000.0            290000.0       80.50         0.874251            87.425150
                                    White      Female Not Hispanic or Latino         340     4.530588e+05    246476.759533        275000.0        597500.0                68.627715                21.884672                53.60625                80.44500                 43.861789                  3.954486                      NaN                      NaN        7.072647e+05       389872.364624           445000.0           885000.0  164.491176  130.173800      93.75     193.50       324      16         322500.0            440000.0       99.75         0.952941            95.294118
                                    White        Male     Hispanic or Latino         284     4.928873e+05    216268.812531        335000.0        627500.0                81.390683                15.478136                80.00000                94.99025                 44.175926                  3.998439                      NaN                      NaN        6.238380e+05       278309.615759           425000.0           787500.0  161.049296  121.543683      94.00     179.25       262      22         292500.0            362500.0       85.25         0.922535            92.253521
                                    White        Male Not Hispanic or Latino         481     5.592827e+05    265581.035761        365000.0        735000.0                73.711562                18.721158                65.00000                87.40000                 43.632399                  3.964933                      NaN                      NaN        7.928794e+05       407876.709840           525000.0           995000.0  205.442827  159.508298     118.00     232.00       447      34         370000.0            470000.0      114.00         0.929314            92.931393