                             derived_race derived_sex      derived_ethnicity  total_apps  avg_loan_amount  std_loan_amount  Q1_loan_amount  Q3_loan_amount  avg_loan_to_value_ratio  std_loan_to_value_ratio  Q1_loan_to_value_ratio  Q3_loan_to_value_ratio  avg_debt_to_income_ratio  std_debt_to_income_ratio  Q1_debt_to_income_ratio  Q3_debt_to_income_ratio  avg_property_value  std_property_value  Q1_property_value  Q3_property_value  avg_income  std_income  Q1_income  Q3_income  accepted  denied  iqr_loan_amount  iqr_property_value  iqr_income  acceptance_rate  acceptance_rate_pct
                 2 or more minority races      Female Not Hispanic or Latino           2    510000.000000    360624.458405        382500.0        637500.0                82.500000                 3.535534                81.25000                 83.7500                 45.000000                       NaN                      NaN                      NaN        6.100000e+05       417193.000900           462500.0           757500.0  222.000000  240.416306     137.00     307.00         2       0         255000.0            295000.0      170.00         1.000000           100.000000
                 2 or more minority races        Male     Hispanic or Latino           1    775000.000000              NaN        775000.0        775000.0                48.125000                      NaN                48.12500                 48.1250                 41.000000                       NaN                     41.0                     41.0        1.605000e+06                 NaN          1605000.0          1605000.0  195.000000         NaN     195.00     195.00         1       0              0.0                 0.0        0.00         1.000000           100.000000
                 2 or more minority races        Male Not Hispanic or Latino           4    557500.000000    390757.810756        345000.0        677500.0                87.485250                 9.901576                79.48525                 95.5000                 45.666667                  5.773503                      NaN                      NaN        6.700000e+05       510848.966591           367500.0           857500.0  230.750000  189.512313      80.00     357.25         3       1         332500.0            490000.0      277.25         0.750000            75.000000
         American Indian or Alaska Native      Female     Hispanic or Latino           4    377500.000000    135738.719605        322500.0        420000.0                73.839250                12.980217                70.08925                 81.2500                 43.333333                  3.511885                      NaN                      NaN        5.200000e+05       186458.216946           425000.0           660000.0  147.250000   76.277454      91.50     204.75         4       0          97500.0            235000.0      113.25         1.000000           100.000000
         American Indian or Alaska Native      Female Not Hispanic or Latino           4    225000.000000    180185.090023        157500.0        282500.0                82.568500                25.338142                68.75000                102.0685                 48.000000                       NaN                      NaN                      NaN        4.425000e+05       309448.434046           272500.0           470000.0  191.750000  233.662684      71.00     213.75         4       0         125000.0            197500.0      142.75         1.000000           100.000000
         American Indian or Alaska Native        Male     Hispanic or Latino           6    538333.333333    180406.947390        407500.0        680000.0                74.037167                22.579211                71.25000                 84.7925                 41.200000                  6.685806                      NaN                      NaN        8.816667e+05       707125.637116           502500.0           742500.0  181.000000   72.960263     156.50     192.75         3       3         272500.0            240000.0       36.25         0.500000            50.000000
         American Indian or Alaska Native        Male Not Hispanic or Latino           4    342500.000000    123659.478677        295000.0        412500.0                84.008000                12.795426                74.00800                 95.0000                 45.500000                  4.949747                      NaN                      NaN        4.150000e+05       154272.486205           322500.0           487500.0  138.750000   94.662118      71.00     185.25         4       0         117500.0            165000.0      114.25         1.000000           100.000000
                                    Asian      Female     Hispanic or Latino           6    441666.666667    220877.039700        365000.0        517500.0                79.922000                16.486712                70.44000                 92.5000                 43.750000                  4.645787                      NaN                      NaN        5.950000e+05       330272.614669           487500.0           690000.0  136.666667   58.503561     118.75     177.50         5       1         152500.0            202500.0       58.75         0.833333            83.333333
                                    Asian      Female Not Hispanic or Latino         235    561510.638298    211431.210888        405000.0        705000.0                72.593174                16.364884                61.00000                 83.2205                 43.563953                  3.782305                      NaN                      NaN        8.053404e+05       326794.668577           595000.0           975000.0  180.629787   92.958377     120.00     214.50       223      12         300000.0            380000.0       94.50         0.948936            94.893617
                                    Asian        Male     Hispanic or Latino          19    569210.526316    230224.909104        430000.0        715000.0                76.939632                15.932990                70.00000                 89.9950                 43.588235                  4.637602                      NaN                      NaN        7.623684e+05       311819.786010           525000.0          1015000.0  170.315789   74.734383     116.50     204.00        17       2         285000.0            490000.0       87.50         0.894737            89.473684
                                    Asian        Male Not Hispanic or Latino         371    624326.145553    235947.380394        460000.0        765000.0                73.089563                16.892276                64.24500                 80.0000                 43.108527                  4.105117                      NaN                      NaN        9.011186e+05       380944.809728           635000.0          1115000.0  229.892183  403.587626     138.50     249.00       342      29         305000.0            480000.0      110.50         0.921833            92.183288
                Black or African American      Female     Hispanic or Latino           2    325000.000000    325269.119346        210000.0        440000.0                68.370000                44.731575                52.55500                 84.1850                 42.000000                       NaN                      NaN                      NaN        4.800000e+05       304055.915910           372500.0           587500.0   90.000000   90.509668      58.00     122.00         2       0         230000.0            215000.0       64.00         1.000000           100.000000
                Black or African American      Female Not Hispanic or Latino          47    515851.063830    222806.503957        375000.0        640000.0                83.012426                17.599391                78.57500                 95.9950                 43.562500                  3.528113                      NaN                      NaN        7.243617e+05       363858.574146           480000.0           850000.0  167.212766   90.264572     105.50     198.50        40       7         265000.0            370000.0       93.00         0.851064            85.106383
                Black or African American        Male     Hispanic or Latino           2    485000.000000    183847.763109        420000.0        550000.0                67.435000                17.769593                61.15250                 73.7175                       NaN                       NaN                      NaN                      NaN        7.100000e+05        77781.745931           682500.0           737500.0  213.500000   47.376154     196.75     230.25         2       0         130000.0             55000.0       33.50         1.000000           100.000000
                Black or African American        Male Not Hispanic or Latino          31    539193.548387    190136.340443        380000.0        665000.0                85.437871                16.491204                80.00000                 95.0000                 43.961538                  4.312593                      NaN                      NaN        6.479032e+05       231289.047851           490000.0           770000.0  168.451613  104.003794     111.50     205.50        29       2         285000.0            280000.0       94.00         0.935484            93.548387
Native Hawaiian or Other Pacific Islander      Female     Hispanic or Latino           1    445000.000000              NaN        445000.0        445000.0                80.000000                      NaN                80.00000                 80.0000                 40.000000                       NaN                     40.0                     40.0        5.550000e+05                 NaN           555000.0           555000.0   98.000000         NaN      98.00      98.00         1       0              0.0                 0.0        0.00         1.000000           100.000000
Native Hawaiian or Other Pacific Islander      Female Not Hispanic or Latino           3    491666.666667    228546.129552        360000.0        565000.0                65.360000                14.660041                58.04000                 72.7000                 42.000000                  8.485281                      NaN                      NaN        8.316667e+05       570116.947067           505000.0          1030000.0  181.000000   88.898819     131.50     217.50         3       0         205000.0            525000.0       86.00         1.000000           100.000000
Native Hawaiian or Other Pacific Islander        Male     Hispanic or Latino           2    505000.000000     14142.135624        500000.0        510000.0                84.231000                 8.158598                81.34650                 87.1155                 44.000000                       NaN                      NaN                      NaN        6.050000e+05        70710.678119           580000.0           630000.0  102.500000   26.162951      93.25     111.75         1       1          10000.0             50000.0       18.50         0.500000            50.000000
Native Hawaiian or Other Pacific Islander        Male Not Hispanic or Latino           3    425000.000000    217944.947177        350000.0        550000.0                89.000000                 9.000000                84.50000                 93.5000                 42.666667                  5.131601                     40.5                     45.5        5.016667e+05       274286.954362           420000.0           660000.0  159.000000  102.235023     110.00     212.00         2       1         200000.0            240000.0      102.00         0.666667            66.666667
                                    White      Female     Hispanic or Latino         163    418251.533742    192331.001448        255000.0        535000.0                81.361350                16.673427                75.00000                 95.0000                 44.830769                  3.868254                      NaN                      NaN        5.333436e+05       232870.609449           365000.0           675000.0  172.907975  281.559344      75.00     162.50       144      19         280000.0            310000.0       87.50         0.883436            88.343558
                                    White      Female Not Hispanic or Latino         341    478049.853372    229995.064861        315000.0        615000.0                72.086340                20.259854                60.00000                 89.0700                 43.801587                  4.028820                      NaN                      NaN        6.893402e+05       326047.526938           465000.0           855000.0  159.730205   91.652271      95.00     204.00       324      17         300000.0            390000.0      109.00         0.950147            95.014663
                                    White        Male     Hispanic or Latino         277    480848.375451    201475.765722        335000.0        595000.0                81.855621                14.498273                75.00000                 95.0000                 43.961165                  3.869637                      NaN                      NaN        6.103069e+05       256717.707966           415000.0           755000.0  161.826715  174.134253      94.00     167.00       256      21         260000.0            340000.0       73.00         0.924188            92.418773
                                    White        Male Not Hispanic or Latino         472    557860.169492    254135.388509        375000.0        717500.0                74.342066                18.137521                68.58375                 85.0000                 43.279365                  4.037805                      NaN                      NaN        8.074788e+05       484785.503793           525000.0           975000.0  220.256356  218.564259     119.75     250.00       444      28         342500.0            450000.0      130.25         0.940678            94.067797