                             derived_race derived_sex      derived_ethnicity  total_apps  avg_loan_amount  std_loan_amount  Q1_loan_amount  Q3_loan_amount  avg_loan_to_value_ratio  std_loan_to_value_ratio  Q1_loan_to_value_ratio  Q3_loan_to_value_ratio  avg_debt_to_income_ratio  std_debt_to_income_ratio  Q1_debt_to_income_ratio  Q3_debt_to_income_ratio  avg_property_value  std_property_value  Q1_property_value  Q3_property_value  avg_income  std_income  Q1_income  Q3_income  accepted  denied  iqr_loan_amount  iqr_property_value  iqr_income  acceptance_rate  acceptance_rate_pct
                 2 or more minority races        Male     Hispanic or Latino           4    340000.000000    287344.160662        180000.0        410000.0                86.439250                13.357603                84.16750                94.31525                 40.666667                  3.055050                      NaN                      NaN        3.875000e+05       296465.287457           255000.0           452500.0   78.500000   70.410700      29.00     107.00         3       1         230000.0            197500.0       78.00         0.750000            75.000000
                 2 or more minority races        Male Not Hispanic or Latino           5    615000.000000    283637.092074        435000.0        575000.0                68.614600                28.840007                51.16300                90.00000                 41.000000                  3.741657                      NaN                      NaN        1.095000e+06       720590.036012           635000.0          1525000.0  209.200000   88.595711     140.00     275.00         5       0         140000.0            890000.0      135.00         1.000000           100.000000
         American Indian or Alaska Native      Female     Hispanic or Latino           9    399444.444444    170888.202571        255000.0        525000.0                74.386333                21.171511                55.35700                90.77500                 43.285714                  5.023753                      NaN                      NaN        5.461111e+05       176737.407221           405000.0           675000.0  132.444444   64.127044      79.00     198.00         9       0         270000.0            270000.0      119.00         1.000000           100.000000
         American Indian or Alaska Native      Female Not Hispanic or Latino           2    435000.000000    155563.491861        380000.0        490000.0                72.500000                31.819805                61.25000                83.75000                 44.500000                  6.363961                    42.25                    46.75        6.150000e+05        56568.542495           595000.0           635000.0  117.500000    4.949747     115.75     119.25         2       0         110000.0             40000.0        3.50         1.000000           100.000000
         American Indian or Alaska Native        Male     Hispanic or Latino          10    508000.000000    290939.092519        355000.0        722500.0                81.069700                15.687128                80.00000                92.50000                 41.600000                  3.781534                      NaN                      NaN        6.250000e+05       342993.359184           420000.0           902500.0  208.200000  207.389489     102.25     230.00         9       1         367500.0            482500.0      127.75         0.900000            90.000000
         American Indian or Alaska Native        Male Not Hispanic or Latino           3    408333.333333    166232.768531        320000.0        485000.0                81.666667                 7.637626                77.50000                85.00000                 43.333333                  4.509250                    41.00                    45.50        4.950000e+05       155241.746963           415000.0           570000.0  130.000000   65.092242      98.50     163.50         3       0         165000.0            155000.0       65.00         1.000000           100.000000
                                    Asian      Female     Hispanic or Latino           2    375000.000000     28284.271247        365000.0        385000.0                80.000000                 7.071068                77.50000                82.50000                 40.000000                       NaN                      NaN                      NaN        4.650000e+05        14142.135624           460000.0           470000.0  150.000000   60.811183     128.50     171.50         2       0          20000.0             10000.0       43.00         1.000000           100.000000
                                    Asian      Female Not Hispanic or Latino         224    590446.428571    234036.095460        445000.0        755000.0                71.796290                18.961942                60.00000                80.00000                 43.850932                  4.138555                      NaN                      NaN        8.822768e+05       442697.797698           585000.0          1117500.0  189.750000   98.352756     130.00     236.00       212      12         310000.0            532500.0      106.00         0.946429            94.642857
                                    Asian        Male     Hispanic or Latino          11    647727.272727    203621.752723        470000.0        760000.0                78.459000                12.355742                67.39050                87.50000                 45.222222                  2.862594                      NaN                      NaN        8.504545e+05       307810.449347           640000.0          1125000.0  169.363636   52.263319     142.00     203.00        11       0         290000.0            485000.0       61.00         1.000000           100.000000
                                    Asian        Male Not Hispanic or Latino         360    624805.555556    226192.207497        465000.0        765000.0                74.864089                15.683257                66.85225                85.00000                 43.805447                  3.868075                      NaN                      NaN        8.724722e+05       356792.425481           615000.0          1065000.0  199.900000  113.782723     135.00     237.25       340      20         300000.0            450000.0      102.25         0.944444            94.444444
                Black or African American      Female     Hispanic or Latino           3    535000.000000     98488.578018        495000.0        590000.0                91.333333                14.364308                86.00000                99.50000                 39.500000                  0.707107                      NaN                      NaN        7.516667e+05       144683.562761           705000.0           835000.0  199.333333   54.049360     179.00     230.00         3       0          95000.0            130000.0       51.00         1.000000           100.000000
                Black or African American      Female Not Hispanic or Latino          39    584230.769231    229202.101297        455000.0        680000.0                85.420718                11.497412                80.00000                95.00000                 43.787879                  3.950930                      NaN                      NaN        7.147436e+05       296918.269629           505000.0           795000.0  181.333333  111.742734     121.50     212.00        31       8         225000.0            290000.0       90.50         0.794872            79.487179
                Black or African American        Male     Hispanic or Latino           5    511000.000000     76354.436675        455000.0        545000.0                84.400000                 8.905055                80.00000                90.00000                 48.000000                  1.000000                      NaN                      NaN        6.070000e+05       104976.187776           545000.0           685000.0  165.800000   64.615788     114.00     178.00         4       1          90000.0            140000.0       64.00         0.800000            80.000000
                Black or African American        Male Not Hispanic or Latino          33    569242.424242    257888.424312        375000.0        675000.0                82.326212                14.768991                75.00000                95.00000                 43.692308                  3.619605                      NaN                      NaN        7.028788e+05       301928.774463           485000.0           815000.0  185.757576  110.866200     113.00     230.00        30       3         300000.0            330000.0      117.00         0.909091            90.909091
Native Hawaiian or Other Pacific Islander      Female Not Hispanic or Latino           3    708333.333333    145716.619963        625000.0        760000.0                89.341000                 4.051894                87.50000                91.51150                 38.333333                  2.081666                    37.50                    39.50        7.950000e+05       202237.484162           680000.0           870000.0  210.333333   44.071911     194.50     235.50         3       0         135000.0            190000.0       41.00         1.000000           100.000000
Native Hawaiian or Other Pacific Islander        Male     Hispanic or Latino           2    335000.000000     70710.678119        310000.0        360000.0                95.000000                 0.000000                95.00000                95.00000                 49.000000                       NaN                      NaN                      NaN        3.600000e+05        63639.610307           337500.0           382500.0   84.500000   10.606602      80.75      88.25         1       1          50000.0             45000.0        7.50         0.500000            50.000000
Native Hawaiian or Other Pacific Islander        Male Not Hispanic or Latino           2    515000.000000     84852.813742        485000.0        545000.0                66.859000                 9.700091                63.42950                70.28850                 45.000000                  5.656854                    43.00                    47.00        7.700000e+05        21213.203436           762500.0           777500.0  126.500000   12.020815     122.25     130.75         2       0          60000.0             15000.0        8.50         1.000000           100.000000
                                    White      Female     Hispanic or Latino         167    440508.982036    214461.102948        305000.0        545000.0                81.822281                18.883290                76.91950                95.00000                 44.058824                  3.967954                      NaN                      NaN        5.547006e+05       262475.300386           405000.0           675000.0  140.371257  120.223261      82.50     159.50       143      24         240000.0            270000.0       77.00         0.856287            85.628743
                                    White      Female Not Hispanic or Latino         336    486250.000000    236615.911452        305000.0        645000.0                72.397377                20.198828                60.00000                85.00000                 43.630901                  4.061095                      NaN                      NaN        7.182440e+05       400718.623088           475000.0           905000.0  165.720238   97.557663      96.75     209.50       320      16         340000.0            430000.0      112.75         0.952381            95.238095
                                    White        Male     Hispanic or Latino         290    463689.655172    191706.072496        325000.0        582500.0                83.773562                14.785204                79.99475                95.00000                 44.511737                  3.840708                      NaN                      NaN        5.757931e+05       236062.844150           415000.0           712500.0  161.548276  147.261317      93.00     180.75       262      28         257500.0            297500.0       87.75         0.903448            90.344828
                                    White        Male Not Hispanic or Latino         490    564428.571429    253026.829975        375000.0        745000.0                73.611756                18.454483                63.46075                85.00000                 43.778816                  4.102322                      NaN                      NaN        8.144490e+05       431698.389430           525000.0           995000.0  201.400000  293.428432     121.25     252.75       464      26         370000.0            470000.0      131.50         0.946939            94.693878