                             derived_race derived_sex      derived_ethnicity  total_apps  avg_loan_amount  std_loan_amount  Q1_loan_amount  Q3_loan_amount  avg_loan_to_value_ratio  std_loan_to_value_ratio  Q1_loan_to_value_ratio  Q3_loan_to_value_ratio  avg_debt_to_income_ratio  std_debt_to_income_ratio  Q1_debt_to_income_ratio  Q3_debt_to_income_ratio  avg_property_value  std_property_value  Q1_property_value  Q3_property_value  avg_income  std_income  Q1_income  Q3_income  accepted  denied  iqr_loan_amount  iqr_property_value  iqr_income  acceptance_rate  acceptance_rate_pct
                 2 or more minority races      Female Not Hispanic or Latino           2    415000.000000     70710.678119        390000.0        440000.0                65.490500                20.519532                58.23575                72.74525                 48.500000                  0.707107                    48.25                    48.75       645000.000000        98994.949366           610000.0           680000.0  100.500000   19.091883      93.75     107.25         2       0          50000.0             70000.0       13.50         1.000000           100.000000
                 2 or more minority races        Male     Hispanic or Latino           3    665000.000000    210000.000000        560000.0        770000.0                87.695000                11.035809                84.04250                94.04250                 42.000000                  8.485281                      NaN                      NaN       748333.333333       176162.803490           650000.0           820000.0  187.000000   75.425460     143.50     210.50         1       2         210000.0            170000.0       67.00         0.333333            33.333333
                 2 or more minority races        Male Not Hispanic or Latino           5    599000.000000    340484.948272        425000.0        885000.0                88.750000                10.052985                80.00000                97.00000                 46.333333                  3.785939                      NaN                      NaN       701000.000000       434833.301393           415000.0          1105000.0  256.800000  215.072546     115.00     300.00         4       1         460000.0            690000.0      185.00         0.800000            80.000000
         American Indian or Alaska Native      Female     Hispanic or Latino           4    387500.000000    171342.736448        255000.0        502500.0                68.601250                10.927422                65.19975                73.70450                 44.250000                  5.188127                    42.25                    48.00       555000.000000       205750.658160           445000.0           650000.0  106.250000   53.256455      64.50     146.25         4       0         247500.0            205000.0       81.75         1.000000           100.000000
         American Indian or Alaska Native      Female Not Hispanic or Latino           7    579285.714286     86767.340795        525000.0        635000.0                85.998571                12.195492                80.00000                95.00000                 47.800000                  1.303840                      NaN                      NaN       700714.285714       216399.102190           555000.0           815000.0  172.571429   56.703489     134.50     203.00         7       0         110000.0            260000.0       68.50         1.000000           100.000000
         American Indian or Alaska Native        Male     Hispanic or Latino           4    350000.000000     75498.344353        295000.0        380000.0                63.283000                31.291904                39.94875                88.96875                 46.333333                  2.081666                      NaN                      NaN       687500.000000       380032.893313           377500.0          1000000.0  146.750000   82.151790      84.75     187.00         4       0          85000.0            622500.0      102.25         1.000000           100.000000
         American Indian or Alaska Native        Male Not Hispanic or Latino           2    535000.000000     56568.542495        515000.0        555000.0                95.000000                 0.000000                95.00000                95.00000                 47.000000                       NaN                      NaN                      NaN       560000.000000        49497.474683           542500.0           577500.0  127.500000   26.162951     118.25     136.75         1       1          40000.0             35000.0       18.50         0.500000            50.000000
                                    Asian      Female     Hispanic or Latino           9    552777.777778    242114.527537        435000.0        555000.0                89.645556                 7.594533                86.84000                95.00000                 43.777778                  3.961621                    42.00                    47.00       650555.555556       340444.970264           475000.0           625000.0  154.111111   99.348433     109.00     148.00         9       0         120000.0            150000.0       39.00         1.000000           100.000000
                                    Asian      Female Not Hispanic or Latino         217    563064.516129    226319.046112        405000.0        705000.0                69.416686                19.461556                60.00000                80.00000                 43.430464                  4.032385                      NaN                      NaN       852603.686636       337214.583821           655000.0           995000.0  216.377880  518.684639     121.00     214.00       203      14         300000.0            340000.0       93.00         0.935484            93.548387
                                    Asian        Male     Hispanic or Latino          15    593666.666667    190107.738877        485000.0        720000.0                78.875933                 9.468588                72.28400                85.08800                 44.076923                  4.424582                      NaN                      NaN       771000.000000       305679.570793           530000.0           950000.0  171.200000   71.508441     121.50     191.50        15       0         235000.0            420000.0       70.00         1.000000           100.000000
                                    Asian        Male Not Hispanic or Latino         333    647912.912913    232799.065813        485000.0        775000.0                74.491462                16.757870                69.15000                83.00000                 43.590517                  4.129977                      NaN                      NaN       924759.759760       396816.324164           665000.0          1105000.0  203.636637  103.187586     135.00     241.00       307      26         290000.0            440000.0      106.00         0.921922            92.192192
                Black or African American      Female     Hispanic or Latino           5    533000.000000    199424.171053        505000.0        655000.0                85.666000                10.902269                83.34000                89.99000                 45.750000                  6.500000                      NaN                      NaN       639000.000000       245112.219198           605000.0           725000.0  302.800000  341.425980     106.00     299.00         5       0         150000.0            120000.0      193.00         1.000000           100.000000
                Black or African American      Female Not Hispanic or Latino          36    468055.555556    182644.376464        332500.0        540000.0                87.564806                10.298168                79.16375                96.98500                 45.222222                  3.619746                      NaN                      NaN       563333.333333       246790.831041           382500.0           645000.0  140.222222   64.084369      95.75     178.00        29       7         207500.0            262500.0       82.25         0.805556            80.555556
                Black or African American        Male     Hispanic or Latino           5    547000.000000    229063.310026        385000.0        625000.0                74.796800                19.467163                78.00000                85.00000                 46.000000                  1.414214                      NaN                      NaN       823000.000000       498968.936909           455000.0          1175000.0  202.600000   80.235902     178.00     254.00         5       0         240000.0            720000.0       76.00         1.000000           100.000000
                Black or African American        Male Not Hispanic or Latino          38    416315.789474    201107.354048        250000.0        560000.0                78.799289                22.525530                75.00000                95.00000                 45.521739                  4.066153                      NaN                      NaN       545000.000000       216682.605096           390000.0           740000.0  156.315789  135.399929      86.00     172.50        28      10         310000.0            350000.0       86.50         0.736842            73.684211
Native Hawaiian or Other Pacific Islander      Female     Hispanic or Latino           1    645000.000000              NaN        645000.0        645000.0                90.000000                      NaN                90.00000                90.00000                 46.000000                       NaN                    46.00                    46.00       715000.000000                 NaN           715000.0           715000.0  161.000000         NaN     161.00     161.00         1       0              0.0                 0.0        0.00         1.000000           100.000000
Native Hawaiian or Other Pacific Islander      Female Not Hispanic or Latino           2    540000.000000    162634.559673        482500.0        597500.0               100.000000                 0.000000               100.00000               100.00000                 44.000000                  7.071068                    41.50                    46.50       605000.000000       113137.084990           565000.0           645000.0  144.000000   84.852814     114.00     174.00         2       0         115000.0             80000.0       60.00         1.000000           100.000000
Native Hawaiian or Other Pacific Islander        Male Not Hispanic or Latino           4    442500.000000    259406.373605        262500.0        580000.0                73.324000                30.502523                62.32400                95.00000                 43.666667                  6.110101                      NaN                      NaN       640000.000000       317227.573413           485000.0           750000.0  163.250000   86.001453     114.75     231.50         4       0         317500.0            265000.0      116.75         1.000000           100.000000
                                    White      Female     Hispanic or Latino         175    463114.285714    212468.763279        295000.0        590000.0                82.044131                16.942072                76.50000                95.00000                 44.137405                  4.139423                      NaN                      NaN       589685.714286       283505.941821           395000.0           710000.0  136.497143   93.604688      79.00     167.50       158      17         295000.0            315000.0       88.50         0.902857            90.285714
                                    White      Female Not Hispanic or Latino         375    464013.333333    255715.076514        270000.0        635000.0                69.089526                21.360158                54.77300                80.00000                 44.107807                  3.833218                      NaN                      NaN       718413.333333       445326.386744           440000.0           870000.0  169.728000  126.732826      89.00     202.00       352      23         365000.0            430000.0      113.00         0.938667            93.866667
                                    White        Male     Hispanic or Latino         286    462692.307692    190771.995104        325000.0        585000.0                82.573899                16.345451                79.00475                95.00000                 43.657658                  4.081734                      NaN                      NaN       587552.447552       252584.095520           405000.0           712500.0  156.912587  128.578692      93.25     177.75       252      34         260000.0            307500.0       84.50         0.881119            88.111888
                                    White        Male Not Hispanic or Latino         472    554279.661017    251660.114725        375000.0        705000.0                74.579144                18.348306                66.09800                88.16000                 43.990881                  3.860752                      NaN                      NaN       808283.898305       552061.586840           505000.0           965000.0  192.561441  147.036285     115.00     233.25       444      28         330000.0            460000.0      118.25         0.940678            94.067797