                             derived_race derived_sex      derived_ethnicity  total_apps  avg_loan_amount  std_loan_amount  Q1_loan_amount  Q3_loan_amount  avg_loan_to_value_ratio  std_loan_to_value_ratio  Q1_loan_to_value_ratio  Q3_loan_to_value_ratio  avg_debt_to_income_ratio  std_debt_to_income_ratio  Q1_debt_to_income_ratio  Q3_debt_to_income_ratio  avg_property_value  std_property_value  Q1_property_value  Q3_property_value  avg_income  std_income  Q1_income  Q3_income  accepted  denied  iqr_loan_amount  iqr_property_value  iqr_income  acceptance_rate  acceptance_rate_pct
                 2 or more minority races      Female     Hispanic or Latino           1    605000.000000              NaN        605000.0        605000.0                85.374000                      NaN                85.37400                85.37400                 45.000000                       NaN                    45.00                    45.00        7.050000e+05                 NaN           705000.0           705000.0  138.000000         NaN     138.00     138.00         1       0              0.0                 0.0        0.00         1.000000           100.000000
                 2 or more minority races      Female Not Hispanic or Latino           2    555000.000000     42426.406871        540000.0        570000.0                81.636500                 4.756707                79.95475                83.31825                 41.000000                  4.242641                    39.50                    42.50        6.800000e+05        91923.881554           647500.0           712500.0  188.500000   36.062446     175.75     201.25         2       0          30000.0             65000.0       25.50         1.000000           100.000000
                 2 or more minority races        Male     Hispanic or Latino           2    525000.000000    325269.119346        410000.0        640000.0                92.043500                 2.889945                91.02175                93.06525                 42.000000                  2.828427                    41.00                    43.00        5.700000e+05       332340.187158           452500.0           687500.0  130.000000   65.053824     107.00     153.00         2       0         230000.0            235000.0       46.00         1.000000           100.000000
                 2 or more minority races        Male Not Hispanic or Latino           2    825000.000000    395979.797464        685000.0        965000.0                70.000000                14.142136                65.00000                75.00000                 38.500000                  0.707107                    38.25                    38.75        1.140000e+06       332340.187158          1022500.0          1257500.0  241.500000  119.501046     199.25     283.75         2       0         280000.0            235000.0       84.50         1.000000           100.000000
         American Indian or Alaska Native      Female     Hispanic or Latino           4    437500.000000    189274.932307        285000.0        547500.0                96.789750                 5.319824                94.69375                98.42600                 43.500000                  4.795832                    40.25                    47.25        5.025000e+05       189274.932307           400000.0           587500.0  119.500000   57.285833      78.75     140.75         4       0         262500.0            187500.0       62.00         1.000000           100.000000
         American Indian or Alaska Native      Female Not Hispanic or Latino           4    815000.000000    265957.390071        690000.0        985000.0                78.470000                10.808805                75.97000                82.50000                 37.000000                  1.414214                      NaN                      NaN        1.067500e+06       368091.926924          1027500.0          1240000.0  298.750000  128.027015     221.75     325.00         4       0         295000.0            212500.0      103.25         1.000000           100.000000
         American Indian or Alaska Native        Male     Hispanic or Latino           6    441666.666667    169075.919831        365000.0        542500.0               100.702833                27.565042                86.69050                96.50000                 43.750000                  5.123475                      NaN                      NaN        4.666667e+05       231811.705198           297500.0           612500.0  209.000000  166.317768     103.75     245.50         5       1         177500.0            315000.0      141.75         0.833333            83.333333
         American Indian or Alaska Native        Male Not Hispanic or Latino           5    499000.000000    253239.017531        395000.0        705000.0                89.167000                 6.233093                87.60000                95.00000                 45.333333                  2.886751                      NaN                      NaN        5.790000e+05       299716.532744           445000.0           875000.0  152.400000   80.667837     109.00     159.00         5       0         310000.0            430000.0       50.00         1.000000           100.000000
                                    Asian      Female     Hispanic or Latino           8    352500.000000    197827.486173        180000.0        472500.0                82.937500                13.769629                78.75000                92.37500                 45.000000                  4.301163                      NaN                      NaN        4.275000e+05       200908.650173           305000.0           562500.0   91.125000   64.850240      66.25     102.25         7       1         292500.0            257500.0       36.00         0.875000            87.500000
                                    Asian      Female Not Hispanic or Latino         232    561896.551724    215297.695011        405000.0        695000.0                74.194779                17.037764                67.84500                85.00000                 43.938650                  3.962312                      NaN                      NaN        8.038362e+05       348709.344328           565000.0           955000.0  177.952586  143.911145     110.00     209.25       209      23         290000.0            390000.0       99.25         0.900862            90.086207
                                    Asian        Male     Hispanic or Latino           6    591666.666667    219332.320160        460000.0        632500.0                88.628833                 5.341105                86.20700                91.37775                 41.400000                  5.128353                      NaN                      NaN        6.950000e+05       278783.069787           517500.0           702500.0  175.333333   56.772059     143.00     222.00         5       1         172500.0            185000.0       79.00         0.833333            83.333333
                                    Asian        Male Not Hispanic or Latino         339    638864.306785    235534.377685        475000.0        790000.0                74.646499                16.394179                67.50750                80.00000                 43.455285                  4.160557                      NaN                      NaN        9.032596e+05       389140.583792           635000.0          1085000.0  207.932153  139.809670     132.50     245.50       317      22         315000.0            450000.0      113.00         0.935103            93.510324
                Black or African American      Female Not Hispanic or Latino          49    460102.040816    227771.106312        285000.0        615000.0                84.384673                19.628121                80.00000                97.00000                 43.971429                  4.604893                      NaN                      NaN        5.994898e+05       304104.294229           415000.0           745000.0  146.918367   81.567670      88.00     195.00        41       8         330000.0            330000.0      107.00         0.836735            83.673469
                Black or African American        Male     Hispanic or Latino           3    575000.000000    210713.075057        465000.0        675000.0                86.650667                 5.783904                84.97600                89.99000                 45.000000                       NaN                      NaN                      NaN        6.616667e+05       231804.515343           555000.0           785000.0  255.333333   69.009661     220.50     289.50         3       0         210000.0            230000.0       69.00         1.000000           100.000000
                Black or African American        Male Not Hispanic or Latino          39    538846.153846    250721.226870        415000.0        695000.0                82.751051                18.589578                80.00000                95.00000                 43.777778                  3.533720                      NaN                      NaN        6.914103e+05       356196.923503           495000.0           800000.0  163.000000   74.698341     111.50     188.50        33       6         280000.0            305000.0       77.00         0.846154            84.615385
Native Hawaiian or Other Pacific Islander      Female     Hispanic or Latino           2    360000.000000    190918.830920        292500.0        427500.0                58.750000                30.052038                48.12500                69.37500                 44.500000                  3.535534                    43.25                    45.75        6.100000e+05         7071.067812           607500.0           612500.0   98.500000   45.961941      82.25     114.75         2       0         135000.0              5000.0       32.50         1.000000           100.000000
Native Hawaiian or Other Pacific Islander      Female Not Hispanic or Latino           7    502142.857143    170656.993774        380000.0        590000.0                74.595714                24.712247                65.00000                87.50000                 44.800000                  4.086563                      NaN                      NaN        8.221429e+05       524236.406141           425000.0          1075000.0  189.714286  101.796716     106.50     246.00         7       0         210000.0            650000.0      139.50         1.000000           100.000000
Native Hawaiian or Other Pacific Islander        Male Not Hispanic or Latino           4    365000.000000    210554.822631        265000.0        390000.0                86.031250                22.224505                84.37925                96.57150                 43.250000                  4.787136                    40.75                    47.00        4.275000e+05       188392.321146           312500.0           465000.0  147.000000   75.418831     108.00     165.00         3       1         125000.0            152500.0       57.00         0.750000            75.000000
                                    White      Female     Hispanic or Latino         181    446657.458564    194595.060495        315000.0        585000.0                81.050088                17.883550                75.00000                95.00000                 43.971631                  3.783315                      NaN                      NaN        5.782044e+05       250230.354279           425000.0           715000.0  143.464088  119.238533      85.00     160.00       156      25         270000.0            290000.0       75.00         0.861878            86.187845
                                    White      Female Not Hispanic or Latino         371    468234.501348    241934.314284        305000.0        605000.0                70.630294                20.900015                56.44100                85.00000                 43.839844                  4.257604                      NaN                      NaN        7.141105e+05       422300.029341           445000.0           850000.0  171.212938  193.872849      95.50     201.00       350      21         300000.0            405000.0      105.50         0.943396            94.339623
                                    White        Male     Hispanic or Latino         246    475121.951220    203266.150464        337500.0        592500.0                84.001033                14.347639                80.00000                95.00000                 44.521053                  3.922136                      NaN                      NaN        5.834146e+05       261782.599532           407500.0           702500.0  146.357724   91.361192      89.25     177.00       217      29         255000.0            295000.0       87.75         0.882114            88.211382
                                    White        Male Not Hispanic or Latino         487    557464.065708    250180.359308        365000.0        735000.0                76.573150                22.457534                68.82100                90.00000                 43.891892                  3.894740                      NaN                      NaN        7.885934e+05       423655.975764           495000.0           990000.0  205.708419  197.860036     113.50     235.50       452      35         370000.0            495000.0      122.00         0.928131            92.813142