                             derived_race derived_sex      derived_ethnicity  total_apps  avg_loan_amount  std_loan_amount  Q1_loan_amount  Q3_loan_amount  avg_loan_to_value_ratio  std_loan_to_value_ratio  Q1_loan_to_value_ratio  Q3_loan_to_value_ratio  avg_debt_to_income_ratio  std_debt_to_income_ratio  Q1_debt_to_income_ratio  Q3_debt_to_income_ratio  avg_property_value  std_property_value  Q1_property_value  Q3_property_value  avg_income  std_income  Q1_income  Q3_income  accepted  denied  iqr_loan_amount  iqr_property_value  iqr_income  acceptance_rate  acceptance_rate_pct
                 2 or more minority races        Male     Hispanic or Latino           1    605000.000000              NaN        605000.0        605000.0                49.482000                      NaN                49.48200                49.48200                 48.000000                       NaN                    48.00                    48.00        1.215000e+06                 NaN          1215000.0          1215000.0  198.000000         NaN     198.00     198.00         1       0              0.0                 0.0        0.00         1.000000           100.000000
                 2 or more minority races        Male Not Hispanic or Latino           1    305000.000000              NaN        305000.0        305000.0                80.000000                      NaN                80.00000                80.00000                 38.000000                       NaN                    38.00                    38.00        3.850000e+05                 NaN           385000.0           385000.0   91.000000         NaN      91.00      91.00         1       0              0.0                 0.0        0.00         1.000000           100.000000
         American Indian or Alaska Native      Female     Hispanic or Latino           8    410000.000000    118079.876113        370000.0        497500.0                78.470750                19.984623                68.99450                93.00000                 43.714286                  4.231402                      NaN                      NaN        5.337500e+05       137782.177989           425000.0           562500.0  131.000000   62.470564      95.75     148.50         8       0         127500.0            137500.0       52.75         1.000000           100.000000
         American Indian or Alaska Native      Female Not Hispanic or Latino           4    552500.000000    114418.821296        455000.0        637500.0                78.275750                19.662116                72.50000                90.77575                 44.000000                  4.582576                      NaN                      NaN        7.300000e+05       167630.546142           670000.0           815000.0  256.750000  196.584799     160.50     296.25         4       0         182500.0            145000.0      135.75         1.000000           100.000000
         American Indian or Alaska Native        Male     Hispanic or Latino           9    438333.333333    168374.582405        335000.0        555000.0                88.084667                 8.024090                80.00000                95.00000                 42.166667                  4.167333                      NaN                      NaN        5.005556e+05       197427.905266           355000.0           675000.0  142.000000   51.222554     114.00     147.00         9       0         220000.0            320000.0       33.00         1.000000           100.000000
         American Indian or Alaska Native        Male Not Hispanic or Latino           1    245000.000000              NaN        245000.0        245000.0                32.000000                      NaN                32.00000                32.00000                 49.000000                       NaN                    49.00                    49.00        7.850000e+05                 NaN           785000.0           785000.0   72.000000         NaN      72.00      72.00         1       0              0.0                 0.0        0.00         1.000000           100.000000
                                    Asian      Female     Hispanic or Latino           5    411000.000000    107842.477716        355000.0        445000.0                84.000000                10.246951                75.00000                95.00000                 41.000000                  4.000000                      NaN                      NaN        4.870000e+05        88994.381845           435000.0           555000.0  278.000000  269.192310     148.00     193.00         5       0          90000.0            120000.0       45.00         1.000000           100.000000
                                    Asian      Female Not Hispanic or Latino         226    576592.920354    223825.592308        425000.0        742500.0                72.440872                17.665403                63.00950                80.00000                 43.362500                  3.919773                      NaN                      NaN        8.314602e+05       345703.586210           587500.0          1022500.0  174.004425   89.324651     116.25     208.75       204      22         317500.0            435000.0       92.50         0.902655            90.265487
                                    Asian        Male     Hispanic or Latino          11    670454.545455    256724.117931        540000.0        830000.0                76.375364                14.091278                74.78400                80.00000                 44.600000                  3.272783                      NaN                      NaN        8.759091e+05       313287.553071           655000.0          1115000.0  201.636364  105.878490     123.00     285.50        11       0         290000.0            460000.0      162.50         1.000000           100.000000
                                    Asian        Male Not Hispanic or Latino         379    635738.786280    238122.023873        450000.0        765000.0                73.449718                17.185841                65.00000                82.83150                 43.618705                  4.079350                      NaN                      NaN        9.141029e+05       400608.317156           635000.0          1125000.0  249.786280  784.627023     136.00     240.00       356      23         315000.0            490000.0      104.00         0.939314            93.931398
                Black or African American      Female     Hispanic or Latino           2    480000.000000     91923.881554        447500.0        512500.0                85.000000                14.142136                80.00000                90.00000                 48.500000                  0.707107                    48.25                    48.75        5.800000e+05       205060.966544           507500.0           652500.0  100.000000   19.798990      93.00     107.00         2       0          65000.0            145000.0       14.00         1.000000           100.000000
                Black or African American      Female Not Hispanic or Latino          45    534555.555556    251739.002247        365000.0        635000.0                83.783578                16.081888                75.00000                95.00000                 44.361111                  4.113759                      NaN                      NaN        6.587778e+05       297361.800513           515000.0           795000.0  192.777778  257.091414     112.00     187.00        41       4         270000.0            280000.0       75.00         0.911111            91.111111
                Black or African American        Male     Hispanic or Latino           5    691000.000000    199699.774662        505000.0        765000.0                92.000000                 4.472136                90.00000                95.00000                 47.333333                  1.527525                      NaN                      NaN        7.470000e+05       208614.476966           585000.0           855000.0  186.600000   60.904023     152.00     175.00         4       1         260000.0            270000.0       23.00         0.800000            80.000000
                Black or African American        Male Not Hispanic or Latino          28    483571.428571    185286.850400        375000.0        535000.0                85.696714                12.083692                79.87500                95.00000                 44.047619                  2.940683                      NaN                      NaN        5.785714e+05       242490.385998           425000.0           700000.0  155.714286   76.411099      96.75     212.25        22       6         160000.0            275000.0      115.50         0.785714            78.571429
Native Hawaiian or Other Pacific Islander      Female Not Hispanic or Latino           6    591666.666667    150554.530542        530000.0        677500.0                79.999833                16.733201                79.99925                87.50000                 43.000000                  4.582576                      NaN                      NaN        7.716667e+05       241633.331034           655000.0           862500.0  225.833333   90.676164     189.00     273.00         6       0         147500.0            207500.0       84.00         1.000000           100.000000
Native Hawaiian or Other Pacific Islander        Male     Hispanic or Latino           3    341666.666667    132790.561914        265000.0        380000.0                76.464667                32.491164                64.69700                95.00000                 38.000000                       NaN                      NaN                      NaN        4.950000e+05       206639.783198           410000.0           610000.0   84.666667   12.013881      78.50      90.50         1       2         115000.0            200000.0       12.00         0.333333            33.333333
Native Hawaiian or Other Pacific Islander        Male Not Hispanic or Latino           3    665000.000000    285832.118559        505000.0        780000.0                74.207333                15.553774                66.31100                81.85900                 41.666667                  6.658328                    38.00                    44.50        8.716667e+05       195021.366351           760000.0           940000.0  182.000000   79.504717     137.50     214.00         3       0         275000.0            180000.0       76.50         1.000000           100.000000
                                    White      Female     Hispanic or Latino         160    431812.500000    196389.972316        292500.0        557500.0                78.061798                20.993899                70.00000                95.00000                 44.274809                  3.914575                      NaN                      NaN        5.773125e+05       235324.536712           425000.0           725000.0  126.593750   82.016128      76.75     151.25       145      15         265000.0            300000.0       74.50         0.906250            90.625000
                                    White      Female Not Hispanic or Latino         372    476075.268817    242299.017180        305000.0        605000.0                70.001548                20.958945                56.41700                85.00000                 43.426415                  4.076362                      NaN                      NaN        7.273118e+05       385886.495846           472500.0           875000.0  175.155914  135.630036      95.75     210.50       348      24         300000.0            402500.0      114.75         0.935484            93.548387
                                    White        Male     Hispanic or Latino         281    459626.334520    217815.335984        305000.0        585000.0                82.179384                16.815271                79.45200                95.00000                 44.537313                  3.935715                      NaN                      NaN        5.863167e+05       287716.457716           395000.0           725000.0  155.003559  113.359589      90.00     177.00       255      26         280000.0            330000.0       87.00         0.907473            90.747331
                                    White        Male Not Hispanic or Latino         450    557000.000000    248517.206209        375000.0        705000.0                74.946358                18.220900                68.00000                89.78650                 43.448718                  4.020518                      NaN                      NaN        8.049778e+05       470505.343117           525000.0           975000.0  224.580000  332.927701     117.00     247.50       421      29         330000.0            450000.0      130.50         0.935556            93.555556