                             derived_race derived_sex      derived_ethnicity  total_apps  avg_loan_amount  std_loan_amount  Q1_loan_amount  Q3_loan_amount  avg_loan_to_value_ratio  std_loan_to_value_ratio  Q1_loan_to_value_ratio  Q3_loan_to_value_ratio  avg_debt_to_income_ratio  std_debt_to_income_ratio  Q1_debt_to_income_ratio  Q3_debt_to_income_ratio  avg_property_value  std_property_value  Q1_property_value  Q3_property_value  avg_income  std_income  Q1_income  Q3_income  accepted  denied  iqr_loan_amount  iqr_property_value  iqr_income  acceptance_rate  acceptance_rate_pct
                 2 or more minority races      Female Not Hispanic or Latino           2    525000.000000     42426.406871        510000.0        540000.0                67.922500                38.293368                54.38375                81.46125                 46.000000                  2.828427                    45.00                    47.00        9.800000e+05       530330.085890           792500.0          1167500.0  138.000000   52.325902     119.50     156.50         1       1          30000.0            375000.0       37.00         0.500000            50.000000
                 2 or more minority races        Male Not Hispanic or Latino           1    885000.000000              NaN        885000.0        885000.0                80.000000                      NaN                80.00000                80.00000                 42.000000                       NaN                    42.00                    42.00        1.105000e+06                 NaN          1105000.0          1105000.0  205.000000         NaN     205.00     205.00         1       0              0.0                 0.0        0.00         1.000000           100.000000
         American Indian or Alaska Native      Female     Hispanic or Latino           6    596666.666667    156258.333111        485000.0        687500.0                84.358500                10.802219                78.61325                93.75000                 44.000000                  2.828427                    42.25                    44.75        7.233333e+05       228859.491100           597500.0           887500.0  149.166667   35.952283     119.25     178.75         6       0         202500.0            290000.0       59.50         1.000000           100.000000
         American Indian or Alaska Native      Female Not Hispanic or Latino           6    486666.666667    171045.802833        457500.0        572500.0                79.349667                19.362898                70.24250                93.75000                 46.200000                  3.563706                      NaN                      NaN        6.200000e+05       224209.723250           502500.0           642500.0  138.833333   31.089655     134.00     147.75         6       0         115000.0            140000.0       13.75         1.000000           100.000000
         American Indian or Alaska Native        Male     Hispanic or Latino           6    401666.666667    233637.896469        277500.0        487500.0                91.303500                 6.433305                89.33575                96.02250                 44.500000                  5.744563                      NaN                      NaN        4.350000e+05       239582.971014           310000.0           520000.0  120.000000   60.751955      77.75     171.75         5       1         210000.0            210000.0       94.00         0.833333            83.333333
         American Indian or Alaska Native        Male Not Hispanic or Latino           2    620000.000000    275771.644663        522500.0        717500.0                86.906000                 9.766559                83.45300                90.35900                 47.000000                       NaN                      NaN                      NaN        7.050000e+05       240416.305603           620000.0           790000.0  201.000000   36.769553     188.00     214.00         1       1         195000.0            170000.0       26.00         0.500000            50.000000
                                    Asian      Female     Hispanic or Latino           7    436428.571429    182978.010649        345000.0        485000.0                65.777143                25.705624                46.69000                84.99500                 43.666667                  4.226898                      NaN                      NaN        7.221429e+05       293013.895331           510000.0           925000.0  128.428571   41.387829      99.50     148.50         7       0         140000.0            415000.0       49.00         1.000000           100.000000
                                    Asian      Female Not Hispanic or Latino         215    562209.302326    214817.087825        405000.0        685000.0                74.313860                17.180706                65.06650                87.75900                 43.534161                  4.060528                      NaN                      NaN        8.109070e+05       399073.682909           540000.0           975000.0  180.776744  163.418808     113.50     208.00       192      23         280000.0            435000.0       94.50         0.893023            89.302326
                                    Asian        Male     Hispanic or Latino          12    580833.333333    213390.735648        430000.0        697500.0                76.077000                12.963012                68.75000                82.49650                 43.888889                  3.822448                      NaN                      NaN        8.058333e+05       395369.983993           467500.0           997500.0  187.416667   90.818959     133.25     217.25        12       0         267500.0            530000.0       84.00         1.000000           100.000000
                                    Asian        Male Not Hispanic or Latino         375    630120.000000    251501.212508        455000.0        765000.0                72.601213                17.897250                65.00000                80.00000                 43.404580                  3.993824                      NaN                      NaN        9.237733e+05       423614.557593           645000.0          1105000.0  243.432000  419.167841     136.00     259.00       345      30         310000.0            460000.0      123.00         0.920000            92.000000
                Black or African American      Female Not Hispanic or Latino          47    455851.063830    188216.223799        335000.0        590000.0                81.259957                21.770515                73.06000                97.00000                 43.342105                  3.961138                      NaN                      NaN        6.315957e+05       294243.884320           460000.0           710000.0  130.872340   69.514658      84.00     152.50        40       7         255000.0            250000.0       68.50         0.851064            85.106383
                Black or African American        Male     Hispanic or Latino           3    638333.333333    170098.010962        575000.0        735000.0                79.746333                24.077791                71.11950                93.50000                 43.000000                  3.000000                    41.50                    44.50        8.883333e+05       440945.952848           660000.0          1100000.0  145.666667   26.633312     137.00     161.00         3       0         160000.0            440000.0       24.00         1.000000           100.000000
                Black or African American        Male Not Hispanic or Latino          35    579571.428571    248659.261986        395000.0        745000.0                84.714571                15.352890                80.00000                95.00000                 43.541667                  3.988889                      NaN                      NaN        7.098571e+05       316491.533467           500000.0           870000.0  179.371429   98.233541     118.50     210.50        32       3         350000.0            370000.0       92.00         0.914286            91.428571
Native Hawaiian or Other Pacific Islander      Female     Hispanic or Latino           1    495000.000000              NaN        495000.0        495000.0                80.000000                      NaN                80.00000                80.00000                 47.000000                       NaN                    47.00                    47.00        6.150000e+05                 NaN           615000.0           615000.0  131.000000         NaN     131.00     131.00         1       0              0.0                 0.0        0.00         1.000000           100.000000
Native Hawaiian or Other Pacific Islander      Female Not Hispanic or Latino           3    405000.000000    170587.221092        310000.0        475000.0                65.770000                24.647083                58.65500                80.00000                 41.500000                  2.121320                      NaN                      NaN        6.350000e+05       164620.776332           585000.0           730000.0  138.000000    7.549834     134.50     142.00         3       0         165000.0            145000.0        7.50         1.000000           100.000000
Native Hawaiian or Other Pacific Islander        Male Not Hispanic or Latino           6    568333.333333    242046.827425        395000.0        657500.0                82.347167                22.230222                80.00000                96.50000                 46.000000                  3.605551                      NaN                      NaN        7.133333e+05       236931.776397           682500.0           822500.0  199.666667   79.876571     161.00     237.50         5       1         262500.0            140000.0       76.50         0.833333            83.333333
                                    White      Female     Hispanic or Latino         185    454405.405405    196999.704737        335000.0        555000.0                82.146362                17.008592                79.45000                95.00000                 44.575949                  3.647343                      NaN                      NaN        5.753243e+05       263580.906444           425000.0           655000.0  134.648649   87.545645      82.00     157.00       164      21         220000.0            230000.0       75.00         0.886486            88.648649
                                    White      Female Not Hispanic or Latino         333    471846.846847    240274.624437        305000.0        615000.0                71.631099                20.902773                58.68200                89.87700                 44.059829                  4.045430                      NaN                      NaN        6.907357e+05       360984.867456           455000.0           855000.0  160.150150   88.811030      96.00     197.00       313      20         310000.0            400000.0      101.00         0.939940            93.993994
                                    White        Male     Hispanic or Latino         277    472003.610108    205188.257465        325000.0        615000.0                83.555877                15.059568                80.00000                95.00000                 44.450237                  3.955844                      NaN                      NaN        5.854332e+05       254673.334487           415000.0           725000.0  155.231047  114.932986      93.00     172.00       256      21         290000.0            310000.0       79.00         0.924188            92.418773
                                    White        Male Not Hispanic or Latino         478    556903.765690    251229.127644        375000.0        725000.0                73.133111                19.401837                65.00000                86.34700                 43.872131                  3.997538                      NaN                      NaN        8.244142e+05       468642.797068           525000.0          1025000.0  215.196653  188.736811     117.00     250.75       443      35         350000.0            500000.0      133.75         0.926778            92.677824