                             derived_race derived_sex      derived_ethnicity  total_apps  avg_loan_amount  std_loan_amount  Q1_loan_amount  Q3_loan_amount  avg_loan_to_value_ratio  std_loan_to_value_ratio  Q1_loan_to_value_ratio  Q3_loan_to_value_ratio  avg_debt_to_income_ratio  std_debt_to_income_ratio  Q1_debt_to_income_ratio  Q3_debt_to_income_ratio  avg_property_value  std_property_value  Q1_property_value  Q3_property_value  avg_income  std_income  Q1_income  Q3_income  accepted  denied  iqr_loan_amount  iqr_property_value  iqr_income  acceptance_rate  acceptance_rate_pct
                 2 or more minority races      Female     Hispanic or Latino           1    605000.000000              NaN        605000.0        605000.0                85.374000                      NaN                85.37400                  85.374                 45.000000                       NaN                     45.0                     45.0       705000.000000                 NaN           705000.0           705000.0  138.000000         NaN     138.00     138.00         1       0              0.0                 0.0        0.00         1.000000           100.000000
                 2 or more minority races      Female Not Hispanic or Latino           4    485000.000000    419444.076527        240000.0        585000.0                84.375000                11.040645                77.87500                  91.000                 47.000000                  1.732051                      NaN                      NaN       640000.000000       607096.917029           307500.0           767500.0  155.000000   67.857694     118.75     178.25         4       0         345000.0            460000.0       59.50         1.000000           100.000000
                 2 or more minority races        Male     Hispanic or Latino           1    375000.000000              NaN        375000.0        375000.0                75.000000                      NaN                75.00000                  75.000                 36.000000                       NaN                     36.0                     36.0       505000.000000                 NaN           505000.0           505000.0  159.000000         NaN     159.00     159.00         1       0              0.0                 0.0        0.00         1.000000           100.000000
                 2 or more minority races        Male Not Hispanic or Latino           5    417000.000000    200922.870774        315000.0        575000.0                72.640200                25.919189                80.00000                  86.301                 43.000000                  3.464102                      NaN                      NaN       709000.000000       510617.273503           365000.0           805000.0  139.000000   88.608690      70.00     175.00         5       0         260000.0            440000.0      105.00         1.000000           100.000000
         American Indian or Alaska Native      Female     Hispanic or Latino           7    523571.428571    309107.779015        310000.0        615000.0                95.000000                 4.041452                93.50000                  95.000                 45.714286                  3.093773                     43.5                     48.0       567857.142857       324844.285041           355000.0           665000.0  156.142857  104.670003      77.50     221.50         7       0         305000.0            310000.0      144.00         1.000000           100.000000
         American Indian or Alaska Native      Female Not Hispanic or Latino           7    530714.285714    180264.356142        445000.0        655000.0                74.132857                12.806628                64.43500                  80.000                 44.250000                  4.991660                      NaN                      NaN       720714.285714       253565.056929           575000.0           900000.0  157.000000   58.197938     129.00     187.50         7       0         210000.0            325000.0       58.50         1.000000           100.000000
         American Indian or Alaska Native        Male     Hispanic or Latino          11    374090.909091    136561.674379        285000.0        480000.0                66.839455                21.121579                49.85800                  82.500                 44.333333                  5.501515                      NaN                      NaN       569545.454545       186781.350052           425000.0           670000.0  177.000000  144.490830      98.50     199.00        10       1         195000.0            245000.0      100.50         0.909091            90.909091
         American Indian or Alaska Native        Male Not Hispanic or Latino           3    505000.000000    210713.075057        395000.0        605000.0                77.000000                 3.464102                75.00000                  78.000                 46.000000                  2.828427                      NaN                      NaN       648333.333333       245017.006212           525000.0           770000.0  211.000000   62.984125     177.50     240.00         3       0         210000.0            245000.0       62.50         1.000000           100.000000
                                    Asian      Female     Hispanic or Latino           5    417000.000000    295076.261329        265000.0        395000.0                63.556200                30.000334                42.02900                  85.000                 42.000000                  2.828427                      NaN                      NaN       727000.000000       412819.573179           455000.0          1145000.0  170.600000  121.403460     100.00     180.00         5       0         130000.0            690000.0       80.00         1.000000           100.000000
                                    Asian      Female Not Hispanic or Latino         220    584636.363636    255221.015412        395000.0        755000.0                73.729968                16.595561                68.93750                  80.000                 43.871951                  3.922807                      NaN                      NaN       835454.545455       385454.452446           575000.0          1055000.0  196.395455  156.976085     116.00     235.00       210      10         360000.0            480000.0      119.00         0.954545            95.454545
                                    Asian        Male     Hispanic or Latino          14    502142.857143    131934.049459        437500.0        562500.0                79.374071                 7.724138                74.13300                  80.000                 44.727273                  3.379080                      NaN                      NaN       630000.000000       144421.924609           550000.0           730000.0  161.285714   53.772210     120.50     182.00        14       0         125000.0            180000.0       61.50         1.000000           100.000000
                                    Asian        Male Not Hispanic or Latino         409    626295.843521    232860.584831        465000.0        765000.0                73.526856                16.805882                66.69700                  80.000                 43.788194                  4.215485                      NaN                      NaN       904315.403423       411674.034366           635000.0          1085000.0  194.525672  102.019245     125.00     234.00       380      29         300000.0            450000.0      109.00         0.929095            92.909535
                Black or African American      Female Not Hispanic or Latino          49    467857.142857    187127.407577        365000.0        565000.0                86.142265                11.206294                80.00000                  95.000                 44.000000                  3.985267                      NaN                      NaN       572142.857143       208985.645440           445000.0           715000.0  143.612245   91.888931      90.00     168.00        42       7         200000.0            270000.0       78.00         0.857143            85.714286
                Black or African American        Male     Hispanic or Latino           5    373000.000000    135166.563913        265000.0        455000.0                92.400000                 4.878524                90.00000                  95.000                 42.750000                  3.685557                      NaN                      NaN       403000.000000       145327.216997           295000.0           475000.0  104.200000   53.382581      63.00     162.00         5       0         190000.0            180000.0       99.00         1.000000           100.000000
                Black or African American        Male Not Hispanic or Latino          30    475666.666667    255922.042728        255000.0        672500.0                85.202900                16.646910                80.00000                  95.000                 44.842105                  4.003653                      NaN                      NaN       594666.666667       356984.335920           335000.0           737500.0  166.966667  106.721191      91.75     200.50        21       9         417500.0            402500.0      108.75         0.700000            70.000000
Native Hawaiian or Other Pacific Islander      Female     Hispanic or Latino           1    435000.000000              NaN        435000.0        435000.0                80.000000                      NaN                80.00000                  80.000                 45.000000                       NaN                     45.0                     45.0       545000.000000                 NaN           545000.0           545000.0  100.000000         NaN     100.00     100.00         1       0              0.0                 0.0        0.00         1.000000           100.000000
Native Hawaiian or Other Pacific Islander      Female Not Hispanic or Latino           3    558333.333333    179257.728797        455000.0        615000.0                82.969000                 6.321655                79.62600                  85.909                 46.500000                  3.535534                      NaN                      NaN       665000.000000       164620.776332           570000.0           715000.0  145.666667   35.725808     132.50     166.00         3       0         160000.0            145000.0       33.50         1.000000           100.000000
Native Hawaiian or Other Pacific Islander        Male     Hispanic or Latino           1    265000.000000              NaN        265000.0        265000.0                39.394000                      NaN                39.39400                  39.394                 38.000000                       NaN                     38.0                     38.0       665000.000000                 NaN           665000.0           665000.0   97.000000         NaN      97.00      97.00         1       0              0.0                 0.0        0.00         1.000000           100.000000
Native Hawaiian or Other Pacific Islander        Male Not Hispanic or Latino           5    569000.000000    174585.222742        525000.0        665000.0                86.666000                 7.728375                80.00000                  95.000                 42.200000                  3.114482                     42.0                     44.0       655000.000000       186815.416923           665000.0           765000.0  148.800000   56.751211     156.00     167.00         4       1         140000.0            100000.0       11.00         0.800000            80.000000
                                    White      Female     Hispanic or Latino         155    410419.354839    187291.836689        305000.0        500000.0                83.697206                16.580123                80.00000                  95.000                 44.791304                  4.049032                      NaN                      NaN       514741.935484       237259.648408           380000.0           625000.0  149.154839  255.086849      79.50     143.50       137      18         195000.0            245000.0       64.00         0.883871            88.387097
                                    White      Female Not Hispanic or Latino         336    469404.761905    227827.382629        305000.0        605000.0                68.006765                21.982882                54.29475                  80.000                 43.528889                  4.260524                      NaN                      NaN       745744.047619       415088.244486           485000.0           907500.0  165.761905  131.121260      98.00     197.00       320      16         300000.0            422500.0       99.00         0.952381            95.238095
                                    White        Male     Hispanic or Latino         264    465340.909091    199501.939899        335000.0        595000.0                82.644523                16.897667                80.00000                  95.000                 44.668421                  3.728987                      NaN                      NaN       602575.757576       346044.726031           405000.0           725000.0  149.291667  130.783898      91.75     176.50       233      31         260000.0            320000.0       84.75         0.882576            88.257576
                                    White        Male Not Hispanic or Latino         464    566336.206897    255695.264223        365000.0        735000.0                73.179636                18.049790                64.30900                  85.000                 43.661074                  4.105826                      NaN                      NaN       826939.655172       465087.962396           535000.0          1045000.0  197.857759  280.309889     120.00     254.25       435      29         370000.0            510000.0      134.25         0.937500            93.750000