                             derived_race derived_sex      derived_ethnicity  total_apps  avg_loan_amount  std_loan_amount  Q1_loan_amount  Q3_loan_amount  avg_loan_to_value_ratio  std_loan_to_value_ratio  Q1_loan_to_value_ratio  Q3_loan_to_value_ratio  avg_debt_to_income_ratio  std_debt_to_income_ratio  Q1_debt_to_income_ratio  Q3_debt_to_income_ratio  avg_property_value  std_property_value  Q1_property_value  Q3_property_value  avg_income  std_income  Q1_income  Q3_income  accepted  denied  iqr_loan_amount  iqr_property_value  iqr_income  acceptance_rate  acceptance_rate_pct
                 2 or more minority races      Female     Hispanic or Latino           1    305000.000000              NaN        305000.0        305000.0                80.000000                      NaN                80.00000                80.00000                 46.000000                       NaN                     46.0                     46.0        3.850000e+05                 NaN           385000.0           385000.0   86.000000         NaN      86.00      86.00         0       1              0.0                 0.0        0.00         0.000000             0.000000
                 2 or more minority races      Female Not Hispanic or Latino           6    421666.666667    320353.970893        202500.0        512500.0                74.594500                23.472014                63.62175                92.50000                 47.333333                  2.081666                      NaN                      NaN        5.550000e+05        3.419942e+05           395000.0           592500.0  108.500000   86.534964      48.75     147.50         5       1         310000.0            197500.0       98.75         0.833333            83.333333
                 2 or more minority races        Male     Hispanic or Latino           1    455000.000000              NaN        455000.0        455000.0                75.000000                      NaN                75.00000                75.00000                 36.000000                       NaN                     36.0                     36.0        6.050000e+05                 NaN           605000.0           605000.0  147.000000         NaN     147.00     147.00         0       1              0.0                 0.0        0.00         0.000000             0.000000
                 2 or more minority races        Male Not Hispanic or Latino           2    755000.000000    353553.390593        630000.0        880000.0                50.536000                52.982097                31.80400                69.26800                 45.000000                       NaN                      NaN                      NaN        2.490000e+06        1.887975e+06          1822500.0          3157500.0  344.500000   54.447222     325.25     363.75         2       0         250000.0           1335000.0       38.50         1.000000           100.000000
         American Indian or Alaska Native      Female     Hispanic or Latino           6    383333.333333    157406.056639        315000.0        440000.0                75.536500                18.141213                65.87000                87.50000                 44.200000                  4.919350                      NaN                      NaN        4.966667e+05        1.451092e+05           377500.0           625000.0  114.000000   42.988371      87.50     113.00         5       1         125000.0            247500.0       25.50         0.833333            83.333333
         American Indian or Alaska Native      Female Not Hispanic or Latino           4    275000.000000    175309.250564        247500.0        377500.0                96.725750                 2.359983                95.00000                97.67725                 42.333333                  6.027714                      NaN                      NaN        3.650000e+05        4.082483e+04           332500.0           397500.0  110.000000   30.375429     101.00     125.00         4       0         130000.0             65000.0       24.00         1.000000           100.000000
         American Indian or Alaska Native        Male     Hispanic or Latino          10    455000.000000    184511.366708        365000.0        585000.0                84.313800                12.762970                80.00000                94.19050                 43.200000                  4.816638                      NaN                      NaN        5.580000e+05        2.527208e+05           447500.0           730000.0  163.300000   62.378860     116.75     201.25         9       1         220000.0            282500.0       84.50         0.900000            90.000000
         American Indian or Alaska Native        Male Not Hispanic or Latino           4    442500.000000    116153.633894        387500.0        495000.0                80.802500                12.842150                72.62250                90.68000                 43.000000                  1.000000                      NaN                      NaN        6.000000e+05        1.332917e+05           577500.0           667500.0  186.750000   70.518910     153.00     214.25         4       0         107500.0             90000.0       61.25         1.000000           100.000000
                                    Asian      Female     Hispanic or Latino           5    419000.000000    133529.023062        395000.0        495000.0                67.503400                20.880846                57.14300                80.00000                 41.750000                  4.272002                      NaN                      NaN        6.950000e+05        4.117645e+05           495000.0           655000.0  126.600000   40.078673     116.00     140.00         5       0         100000.0            160000.0       24.00         1.000000           100.000000
                                    Asian      Female Not Hispanic or Latino         252    564920.634921    219885.866924        412500.0        705000.0                72.193682                19.923702                61.13350                80.90600                 43.828125                  3.847436                      NaN                      NaN        8.421032e+05        4.382680e+05           590000.0           967500.0  175.956349   91.806971     116.00     218.00       228      24         292500.0            377500.0      102.00         0.904762            90.476190
                                    Asian        Male     Hispanic or Latino          12    536666.666667    219786.397682        402500.0        682500.0                73.801250                17.822475                68.84075                82.47500                 42.500000                  3.817254                      NaN                      NaN        7.633333e+05        2.980492e+05           512500.0          1007500.0  173.416667   94.769057     124.50     216.00        11       1         280000.0            495000.0       91.50         0.916667            91.666667
                                    Asian        Male Not Hispanic or Latino         363    635055.096419    237823.922158        455000.0        790000.0                74.577003                16.677172                68.94450                84.47200                 43.638783                  4.081556                      NaN                      NaN        9.050551e+05        4.078369e+05           615000.0          1125000.0  203.796143  112.926648     130.00     241.00       346      17         335000.0            510000.0      111.00         0.953168            95.316804
                Black or African American      Female     Hispanic or Latino           3    311666.666667    264070.697605        195000.0        455000.0                79.666667                27.024680                69.50000                95.00000                 41.000000                  5.656854                      NaN                      NaN        7.216667e+05        3.611556e+05           525000.0           880000.0  162.000000   29.051678     148.00     177.00         3       0         260000.0            355000.0       29.00         1.000000           100.000000
                Black or African American      Female Not Hispanic or Latino          46    499130.434783    222716.322676        360000.0        610000.0                86.744522                17.638496                80.00000                95.00000                 43.567568                  4.856499                      NaN                      NaN        6.269565e+05        2.769807e+05           437500.0           745000.0  147.717391   65.203498     104.50     164.50        38       8         250000.0            307500.0       60.00         0.826087            82.608696
                Black or African American        Male     Hispanic or Latino           3    448333.333333    172143.351116        350000.0        510000.0                88.807333                 8.716414                84.77800                93.43300                 41.000000                  5.656854                      NaN                      NaN        5.216667e+05        2.571640e+05           375000.0           615000.0  213.666667   49.802945     193.50     241.50         3       0         160000.0            240000.0       48.00         1.000000           100.000000
                Black or African American        Male Not Hispanic or Latino          37    587972.972973    237356.563293        425000.0        755000.0                83.400189                15.043318                77.82200                95.00000                 44.592593                  3.237512                      NaN                      NaN        7.985135e+05        6.575088e+05           525000.0           855000.0  179.432432  100.784572     114.00     215.00        31       6         330000.0            330000.0      101.00         0.837838            83.783784
Native Hawaiian or Other Pacific Islander      Female Not Hispanic or Latino           3    335000.000000    115325.625947        275000.0        390000.0                73.167333                30.577018                59.87600                89.87500                 42.333333                  4.509250                     40.0                     44.5        5.350000e+05        2.861818e+05           400000.0           685000.0   96.333333    6.110101      93.00      99.00         3       0         115000.0            285000.0        6.00         1.000000           100.000000
Native Hawaiian or Other Pacific Islander        Male     Hispanic or Latino           1    265000.000000              NaN        265000.0        265000.0               100.000000                      NaN               100.00000               100.00000                       NaN                       NaN                      NaN                      NaN        2.650000e+05                 NaN           265000.0           265000.0   73.000000         NaN      73.00      73.00         0       1              0.0                 0.0        0.00         0.000000             0.000000
Native Hawaiian or Other Pacific Islander        Male Not Hispanic or Latino           3    381666.666667    151767.365838        300000.0        450000.0                77.340000                26.376634                68.51000                92.50000                 40.000000                       NaN                      NaN                      NaN        5.350000e+05        2.424871e+05           425000.0           665000.0  143.666667   71.514567     102.50     167.00         2       1         150000.0            240000.0       64.50         0.666667            66.666667
                                    White      Female     Hispanic or Latino         145    398379.310345    179831.019021        265000.0        495000.0                78.786897                18.641662                70.00000                95.00000                 44.278846                  3.786683                      NaN                      NaN        5.261724e+05        2.499097e+05           385000.0           615000.0  121.620690   71.276951      80.00     147.00       131      14         230000.0            230000.0       67.00         0.903448            90.344828
                                    White      Female Not Hispanic or Latino         365    484095.890411    254431.069941        295000.0        625000.0                72.031659                20.945576                60.00000                85.00000                 43.580769                  4.127927                      NaN                      NaN        7.184521e+05        3.892944e+05           435000.0           895000.0  170.600000  124.985951      93.00     216.00       330      35         330000.0            460000.0      123.00         0.904110            90.410959
                                    White        Male     Hispanic or Latino         257    469124.513619    197027.004966        335000.0        595000.0                83.808315                15.282360                80.00000                95.00000                 44.609375                  3.945773                      NaN                      NaN        5.857004e+05        2.728758e+05           405000.0           695000.0  166.933852  164.368511      94.00     170.00       231      26         260000.0            290000.0       76.00         0.898833            89.883268
                                    White        Male Not Hispanic or Latino         471    571581.740977    246348.639831        375000.0        740000.0                76.441464                19.892801                70.00000                89.99000                 43.650155                  4.113101                      NaN                      NaN        8.154671e+05        4.960115e+05           525000.0           985000.0  218.825902  219.843870     119.00     244.00       451      20         365000.0            460000.0      125.00         0.957537            95.753715