                             derived_race derived_sex      derived_ethnicity  total_apps  avg_loan_amount  std_loan_amount  Q1_loan_amount  Q3_loan_amount  avg_loan_to_value_ratio  std_loan_to_value_ratio  Q1_loan_to_value_ratio  Q3_loan_to_value_ratio  avg_debt_to_income_ratio  std_debt_to_income_ratio  Q1_debt_to_income_ratio  Q3_debt_to_income_ratio  avg_property_value  std_property_value  Q1_property_value  Q3_property_value  avg_income  std_income  Q1_income  Q3_income  accepted  denied  iqr_loan_amount  iqr_property_value  iqr_income  acceptance_rate  acceptance_rate_pct
                 2 or more minority races      Female Not Hispanic or Latino           1    365000.000000              NaN        365000.0        365000.0                80.000000                      NaN                80.00000                80.00000                 42.000000                       NaN                    42.00                     42.0       455000.000000                 NaN           455000.0           455000.0   83.000000         NaN      83.00      83.00         1       0              0.0                 0.0        0.00         1.000000           100.000000
                 2 or more minority races        Male     Hispanic or Latino           2    565000.000000    296984.848098        460000.0        670000.0                72.562500                34.559844                60.34375                84.78125                 45.000000                  5.656854                    43.00                     47.0       985000.000000       876812.408671           675000.0          1295000.0  136.000000   83.438600     106.50     165.50         2       0         210000.0            620000.0       59.00         1.000000           100.000000
         American Indian or Alaska Native      Female     Hispanic or Latino           6    430000.000000     40373.258476        415000.0        432500.0                85.261500                17.137509                83.00000                95.00000                 42.750000                  4.272002                      NaN                      NaN       526666.666667       138624.192213           440000.0           530000.0  142.500000   45.898802     115.00     159.50         5       1          17500.0             90000.0       44.50         0.833333            83.333333
         American Indian or Alaska Native      Female Not Hispanic or Latino           4    552500.000000     86554.414484        515000.0        582500.0                79.185500                21.275086                70.05800                94.99850                 49.000000                       NaN                      NaN                      NaN       730000.000000       179907.383580           580000.0           875000.0  271.000000  186.048381     153.00     322.50         4       0          67500.0            295000.0      169.50         1.000000           100.000000
         American Indian or Alaska Native        Male     Hispanic or Latino          12    410833.333333    198606.890539        250000.0        537500.0                81.993500                24.619638                79.75000                95.50000                 43.500000                  4.415880                      NaN                      NaN       558333.333333       273872.343631           332500.0           742500.0  142.500000   65.037751      96.00     171.75        11       1         287500.0            410000.0       75.75         0.916667            91.666667
         American Indian or Alaska Native        Male Not Hispanic or Latino           3    531666.666667     40414.518843        510000.0        550000.0                77.138000                32.685243                67.20700                96.00000                 46.333333                  3.055050                    45.00                     48.0       841666.666667       531256.372511           535000.0          1000000.0  120.000000   11.000000     114.50     125.50         3       0          40000.0            465000.0       11.00         1.000000           100.000000
                                    Asian      Female     Hispanic or Latino           6    565000.000000    202682.016963        450000.0        600000.0                80.145667                10.622953                74.26725                85.59500                 44.200000                  4.604346                      NaN                      NaN       730000.000000       340749.174614           522500.0           737500.0  163.333333   81.789160     118.25     163.00         6       0         150000.0            215000.0       44.75         1.000000           100.000000
                                    Asian      Female Not Hispanic or Latino         222    550900.900901    230116.730361        395000.0        672500.0                72.652178                18.249133                62.38950                85.00000                 43.490446                  3.941264                      NaN                      NaN       801756.756757       356888.672103           565000.0           992500.0  182.860360  157.943123     116.00     210.00       204      18         277500.0            427500.0       94.00         0.918919            91.891892
                                    Asian        Male     Hispanic or Latino          12    479166.666667    191000.158655        360000.0        617500.0                67.874500                17.585209                51.15875                80.00000                 45.500000                  3.146427                      NaN                      NaN       746666.666667       343003.666382           442500.0          1077500.0  156.416667   96.458619     105.00     190.50        11       1         257500.0            635000.0       85.50         0.916667            91.666667
                                    Asian        Male Not Hispanic or Latino         390    634179.487179    247173.936425        455000.0        765000.0                74.323395                16.911815                67.76675                85.00000                 43.744681                  4.026433                      NaN                      NaN       899410.256410       391571.923939           645000.0          1085000.0  204.425641  119.792959     135.25     239.00       359      31         310000.0            440000.0      103.75         0.920513            92.051282
                Black or African American      Female     Hispanic or Latino           2    530000.000000    360624.458405        402500.0        657500.0                83.051000                23.969506                74.57650                91.52550                 44.000000                  7.071068                    41.50                     46.5       760000.000000       601040.764009           547500.0           972500.0  108.000000   45.254834      92.00     124.00         2       0         255000.0            425000.0       32.00         1.000000           100.000000
                Black or African American      Female Not Hispanic or Latino          40    493000.000000    212930.709808        357500.0        592500.0                78.525375                19.447468                72.80125                91.25000                 44.464286                  3.726602                      NaN                      NaN       684500.000000       388276.599795           475000.0           705000.0  138.325000   67.944316      90.50     161.75        31       9         235000.0            230000.0       71.25         0.775000            77.500000
                Black or African American        Male     Hispanic or Latino           2    605000.000000    226274.169980        525000.0        685000.0                82.500000                10.606602                78.75000                86.25000                 46.000000                       NaN                      NaN                      NaN       725000.000000       183847.763109           660000.0           790000.0  150.500000   17.677670     144.25     156.75         2       0         160000.0            130000.0       12.50         1.000000           100.000000
                Black or African American        Male Not Hispanic or Latino          30    539000.000000    157886.908457        495000.0        662500.0                85.631200                16.677775                80.75000                95.00000                 44.200000                  4.252450                      NaN                      NaN       730333.333333       650086.112775           505000.0           782500.0  159.866667   71.380348     113.75     196.50        27       3         167500.0            277500.0       82.75         0.900000            90.000000
Native Hawaiian or Other Pacific Islander      Female Not Hispanic or Latino           2    555000.000000     14142.135624        550000.0        560000.0                99.315000                 6.130616                97.14750               101.48250                 46.000000                  4.242641                    44.50                     47.5       630000.000000        35355.339059           617500.0           642500.0  143.500000   33.234019     131.75     155.25         2       0          10000.0             25000.0       23.50         1.000000           100.000000
Native Hawaiian or Other Pacific Islander        Male     Hispanic or Latino           1    285000.000000              NaN        285000.0        285000.0                95.000000                      NaN                95.00000                95.00000                 49.000000                       NaN                    49.00                     49.0       315000.000000                 NaN           315000.0           315000.0   77.000000         NaN      77.00      77.00         1       0              0.0                 0.0        0.00         1.000000           100.000000
Native Hawaiian or Other Pacific Islander        Male Not Hispanic or Latino           4    602500.000000     78898.669190        557500.0        625000.0                83.750000                 4.787136                80.00000                86.25000                 46.250000                  2.500000                    45.25                     47.5       722500.000000       125266.382827           670000.0           752500.0  222.750000  120.297894     162.50     246.25         4       0          67500.0             82500.0       83.75         1.000000           100.000000
                                    White      Female     Hispanic or Latino         177    437429.378531    198211.539993        305000.0        555000.0                81.553372                18.037944                78.88900                95.00000                 45.007634                  3.555053                      NaN                      NaN       574096.045198       344134.746397           385000.0           695000.0  134.440678  109.338705      75.00     159.00       158      19         250000.0            310000.0       84.00         0.892655            89.265537
                                    White      Female Not Hispanic or Latino         378    483333.333333    253969.285304        305000.0        625000.0                71.116590                21.333002                60.00000                85.00000                 43.498113                  4.022780                      NaN                      NaN       722566.137566       396074.105700           465000.0           922500.0  166.481481  108.731489      96.25     210.00       361      17         320000.0            457500.0      113.75         0.955026            95.502646
                                    White        Male     Hispanic or Latino         260    479615.384615    188907.257367        345000.0        615000.0                83.147777                15.506255                80.00000                95.00000                 44.061538                  4.034172                      NaN                      NaN       590807.692308       233027.169482           425000.0           725000.0  151.923077   90.224055      90.00     186.25       243      17         270000.0            300000.0       96.25         0.934615            93.461538
                                    White        Male Not Hispanic or Latino         446    554372.197309    250432.543633        355000.0        722500.0                76.279731                17.300738                69.05250                90.00000                 43.480132                  4.111155                      NaN                      NaN       764147.982063       389242.064522           485000.0           925000.0  206.242152  201.202362     115.25     230.25       427      19         367500.0            440000.0      115.00         0.957399            95.739910