                             derived_race derived_sex      derived_ethnicity  total_apps  avg_loan_amount  std_loan_amount  Q1_loan_amount  Q3_loan_amount  avg_loan_to_value_ratio  std_loan_to_value_ratio  Q1_loan_to_value_ratio  Q3_loan_to_value_ratio  avg_debt_to_income_ratio  std_debt_to_income_ratio  Q1_debt_to_income_ratio  Q3_debt_to_income_ratio  avg_property_value  std_property_value  Q1_property_value  Q3_property_value  avg_income  std_income  Q1_income  Q3_income  accepted  denied  iqr_loan_amount  iqr_property_value  iqr_income  acceptance_rate  acceptance_rate_pct
                 2 or more minority races      Female Not Hispanic or Latino           2    610000.000000    289913.780286        507500.0        712500.0                87.500000                17.677670                81.25000                 93.7500                 47.000000                       NaN                      NaN                      NaN       755000.000000       466690.475583           590000.0           920000.0   75.500000   27.577164      65.75      85.25         1       1         205000.0            330000.0       19.50         0.500000            50.000000
                 2 or more minority races        Male     Hispanic or Latino           2    455000.000000     70710.678119        430000.0        480000.0                72.163000                11.083192                68.24450                 76.0815                 44.000000                       NaN                      NaN                      NaN       645000.000000       197989.898732           575000.0           715000.0  114.500000   12.020815     110.25     118.75         2       0          50000.0            140000.0        8.50         1.000000           100.000000
                 2 or more minority races        Male Not Hispanic or Latino           5    503000.000000    208014.422577        415000.0        645000.0                91.800000                 7.190271                90.00000                 97.0000                 45.250000                  3.774917                      NaN                      NaN       577000.000000       248334.451899           515000.0           805000.0  181.200000   89.605803     138.00     266.00         4       1         230000.0            290000.0      128.00         0.800000            80.000000
         American Indian or Alaska Native      Female     Hispanic or Latino           6    353333.333333    203903.571981        317500.0        452500.0               145.757500               151.452741                80.00000                 93.7500                 45.800000                  3.834058                      NaN                      NaN       426666.666667       260108.951531           345000.0           572500.0  423.833333  759.871151      76.75     177.50         5       1         135000.0            227500.0      100.75         0.833333            83.333333
         American Indian or Alaska Native      Female Not Hispanic or Latino           1    435000.000000              NaN        435000.0        435000.0                95.000000                      NaN                95.00000                 95.0000                 45.000000                       NaN                     45.0                     45.0       465000.000000                 NaN           465000.0           465000.0  232.000000         NaN     232.00     232.00         1       0              0.0                 0.0        0.00         1.000000           100.000000
         American Indian or Alaska Native        Male     Hispanic or Latino           7    366428.571429    227407.752098        195000.0        525000.0                76.458143                17.521261                75.00000                 86.1000                 41.000000                  5.656854                      NaN                      NaN       500714.285714       305333.541277           320000.0           725000.0  183.714286  175.581619      94.50     177.50         4       3         330000.0            405000.0       83.00         0.571429            57.142857
         American Indian or Alaska Native        Male Not Hispanic or Latino           1    105000.000000              NaN        105000.0        105000.0                20.000000                      NaN                20.00000                 20.0000                       NaN                       NaN                      NaN                      NaN       595000.000000                 NaN           595000.0           595000.0   89.000000         NaN      89.00      89.00         1       0              0.0                 0.0        0.00         1.000000           100.000000
                                    Asian      Female     Hispanic or Latino           6    421666.666667    303161.123277        187500.0        547500.0                57.115500                32.307800                28.53975                 78.7500                 44.000000                  7.071068                      NaN                      NaN       816666.666667       395191.936490           635000.0          1132500.0  329.166667  412.382549     149.00     323.25         5       1         360000.0            497500.0      174.25         0.833333            83.333333
                                    Asian      Female Not Hispanic or Latino         227    573237.885463    241478.623197        405000.0        710000.0                71.812009                18.917056                60.00000                 85.0000                 43.798817                  4.054069                      NaN                      NaN       855528.634361       414570.555947           575000.0          1050000.0  180.814978  128.135268     116.00     203.50       209      18         305000.0            475000.0       87.50         0.920705            92.070485
                                    Asian        Male     Hispanic or Latino           5    665000.000000    288877.136513        405000.0        735000.0                78.822000                14.379792                70.00000                 90.0000                 40.400000                  3.911521                     38.0                     44.0       917000.000000       551788.002769           445000.0           985000.0  169.800000   58.899915     123.00     193.00         4       1         330000.0            540000.0       70.00         0.800000            80.000000
                                    Asian        Male Not Hispanic or Latino         381    640354.330709    249790.844958        455000.0        805000.0                73.846016                17.476620                65.59400                 85.0000                 43.586466                  4.062953                      NaN                      NaN       922506.561680       434773.780360           615000.0          1175000.0  204.813648  110.464161     138.00     252.00       357      24         350000.0            560000.0      114.00         0.937008            93.700787
                Black or African American      Female Not Hispanic or Latino          52    490000.000000    237011.623774        337500.0        615000.0                83.559231                20.516711                80.00000                 95.0000                 43.076923                  4.238822                      NaN                      NaN       639807.692308       340607.821083           450000.0           750000.0  148.730769   70.520506      97.75     190.00        45       7         277500.0            300000.0       92.25         0.865385            86.538462
                Black or African American        Male     Hispanic or Latino           5    459000.000000     29664.793948        445000.0        485000.0                85.400000                 9.914636                80.00000                 95.0000                 41.500000                  2.121320                      NaN                      NaN       551000.000000        74363.969770           475000.0           605000.0  179.400000   59.655679     138.00     192.00         5       0          40000.0            130000.0       54.00         1.000000           100.000000
                Black or African American        Male Not Hispanic or Latino          29    540517.241379    257482.124302        365000.0        745000.0                85.044483                18.041569                80.00000                 95.0000                 44.095238                  4.048515                      NaN                      NaN       670172.413793       325758.682481           475000.0           765000.0  177.344828  121.442307     104.00     212.00        26       3         380000.0            290000.0      108.00         0.896552            89.655172
Native Hawaiian or Other Pacific Islander      Female     Hispanic or Latino           1    455000.000000              NaN        455000.0        455000.0                80.000000                      NaN                80.00000                 80.0000                 48.000000                       NaN                     48.0                     48.0       565000.000000                 NaN           565000.0           565000.0   93.000000         NaN      93.00      93.00         1       0              0.0                 0.0        0.00         1.000000           100.000000
Native Hawaiian or Other Pacific Islander      Female Not Hispanic or Latino           2    345000.000000     28284.271247        335000.0        355000.0                67.376000                39.066235                53.56400                 81.1880                 42.000000                       NaN                      NaN                      NaN       595000.000000       296984.848098           490000.0           700000.0  126.500000   50.204581     108.75     144.25         2       0          20000.0            210000.0       35.50         1.000000           100.000000
Native Hawaiian or Other Pacific Islander        Male     Hispanic or Latino           1    385000.000000              NaN        385000.0        385000.0                95.000000                      NaN                95.00000                 95.0000                       NaN                       NaN                      NaN                      NaN       405000.000000                 NaN           405000.0           405000.0   92.000000         NaN      92.00      92.00         0       1              0.0                 0.0        0.00         0.000000             0.000000
Native Hawaiian or Other Pacific Islander        Male Not Hispanic or Latino           4    377500.000000    171731.379388        305000.0        467500.0                72.402500                27.712356                68.15250                 84.2500                 43.000000                  4.242641                      NaN                      NaN       517500.000000       125266.382827           452500.0           525000.0  147.750000  107.954852      89.75     157.50         4       0         162500.0             72500.0       67.75         1.000000           100.000000
                                    White      Female     Hispanic or Latino         190    446631.578947    194337.760446        307500.0        545000.0                82.769584                16.334024                80.00000                 95.0000                 44.653595                  4.102824                      NaN                      NaN       563421.052632       287351.768235           385000.0           702500.0  131.715789   67.731522      87.25     161.75       168      22         237500.0            317500.0       74.50         0.884211            88.421053
                                    White      Female Not Hispanic or Latino         363    472410.468320    249015.552556        285000.0        625000.0                70.269689                20.704029                56.23650                 85.0000                 43.604563                  4.178678                      NaN                      NaN       711005.509642       375850.078805           430000.0           885000.0  163.884298  129.404364      90.00     197.00       338      25         340000.0            455000.0      107.00         0.931129            93.112948
                                    White        Male     Hispanic or Latino         296    467466.216216    195896.026228        335000.0        595000.0                83.462503                14.410891                80.00000                 95.0000                 44.350000                  3.874781                      NaN                      NaN       582466.216216       248345.028322           405000.0           735000.0  158.949324  179.143236      91.00     180.25       269      27         260000.0            330000.0       89.25         0.908784            90.878378
                                    White        Male Not Hispanic or Latino         414    554154.589372    246437.101122        365000.0        725000.0                75.045048                19.007319                67.02325                 90.0000                 43.594796                  4.025494                      NaN                      NaN       800724.637681       514942.185355           505000.0           965000.0  225.707729  278.566304     119.25     253.75       381      33         360000.0            460000.0      134.50         0.920290            92.028986