                             derived_race derived_sex      derived_ethnicity  total_apps  avg_loan_amount  std_loan_amount  Q1_loan_amount  Q3_loan_amount  avg_loan_to_value_ratio  std_loan_to_value_ratio  Q1_loan_to_value_ratio  Q3_loan_to_value_ratio  avg_debt_to_income_ratio  std_debt_to_income_ratio  Q1_debt_to_income_ratio  Q3_debt_to_income_ratio  avg_property_value  std_property_value  Q1_property_value  Q3_property_value  avg_income  std_income  Q1_income  Q3_income  accepted  denied  iqr_loan_amount  iqr_property_value  iqr_income  acceptance_rate  acceptance_rate_pct
                 2 or more minority races      Female     Hispanic or Latino           1    615000.000000              NaN        615000.0        615000.0                80.000000                      NaN                80.00000                 80.0000                       NaN                       NaN                      NaN                      NaN       765000.000000                 NaN           765000.0           765000.0  126.000000         NaN     126.00     126.00         1       0              0.0                 0.0        0.00         1.000000           100.000000
                 2 or more minority races      Female Not Hispanic or Latino           2    325000.000000     84852.813742        295000.0        355000.0                94.500000                 7.778175                91.75000                 97.2500                 48.000000                       NaN                      NaN                      NaN       380000.000000        35355.339059           367500.0           392500.0  120.000000   45.254834     104.00     136.00         2       0          60000.0             25000.0       32.00         1.000000           100.000000
                 2 or more minority races        Male     Hispanic or Latino           2    265000.000000    226274.169980        185000.0        345000.0                87.500000                10.606602                83.75000                 91.2500                 38.000000                       NaN                      NaN                      NaN       320000.000000       304055.915910           212500.0           427500.0   77.500000   65.760931      54.25     100.75         2       0         160000.0            215000.0       46.50         1.000000           100.000000
                 2 or more minority races        Male Not Hispanic or Latino           2    610000.000000    247487.373415        522500.0        697500.0                95.000000                 0.000000                95.00000                 95.0000                 39.500000                  4.949747                    37.75                    41.25       650000.000000       261629.509039           557500.0           742500.0  166.500000   55.861436     146.75     186.25         2       0         175000.0            185000.0       39.50         1.000000           100.000000
         American Indian or Alaska Native      Female     Hispanic or Latino           4    460000.000000    128192.563487        402500.0        517500.0                86.153500                 7.352147                80.00000                 91.1505                 48.666667                  0.577350                      NaN                      NaN       530000.000000       125565.388012           457500.0           617500.0  131.500000   42.759015     109.25     148.25         4       0         115000.0            160000.0       39.00         1.000000           100.000000
         American Indian or Alaska Native      Female Not Hispanic or Latino           3    455000.000000    160934.769394        390000.0        545000.0                73.040000                26.905107                61.00000                 87.5600                 45.500000                  2.121320                      NaN                      NaN       631666.666667       110151.410946           575000.0           685000.0  174.333333  130.745299     101.00     226.50         3       0         155000.0            110000.0      125.50         1.000000           100.000000
         American Indian or Alaska Native        Male     Hispanic or Latino          12    485833.333333    239334.620576        337500.0        607500.0                75.840750                21.851987                72.87750                 95.0000                 43.750000                  4.862392                      NaN                      NaN       672500.000000       324320.968963           465000.0           712500.0  146.500000   53.049719     103.50     178.00        11       1         270000.0            247500.0       74.50         0.916667            91.666667
         American Indian or Alaska Native        Male Not Hispanic or Latino           6    573333.333333    125923.257052        495000.0        677500.0                83.666667                 8.164966                80.00000                 87.5000                 43.250000                  4.645787                      NaN                      NaN       696666.666667       183675.438387           570000.0           847500.0  277.000000  178.132535     148.75     394.75         6       0         182500.0            277500.0      246.00         1.000000           100.000000
                                    Asian      Female     Hispanic or Latino           2    175000.000000     84852.813742        145000.0        205000.0                36.695000                25.024509                27.84750                 45.5425                 46.000000                       NaN                      NaN                      NaN       525000.000000       127279.220614           480000.0           570000.0  106.500000   72.831998      80.75     132.25         2       0          60000.0             90000.0       51.50         1.000000           100.000000
                                    Asian      Female Not Hispanic or Latino         226    576106.194690    237847.976203        405000.0        715000.0                72.401906                18.076499                61.13725                 84.9975                 43.657143                  3.859180                      NaN                      NaN       841858.407080       408293.301270           585000.0           992500.0  188.429204  129.127041     121.25     222.75       208      18         310000.0            407500.0      101.50         0.920354            92.035398
                                    Asian        Male     Hispanic or Latino           7    517857.142857    218381.492326        380000.0        595000.0                83.723000                13.211552                75.00000                 95.0000                 48.200000                  1.788854                      NaN                      NaN       652142.857143       345143.172501           425000.0           815000.0  130.000000   44.109712     109.00     145.50         7       0         215000.0            390000.0       36.50         1.000000           100.000000
                                    Asian        Male Not Hispanic or Latino         381    644160.104987    230582.393275        485000.0        765000.0                73.144336                17.413060                64.16000                 85.0000                 43.650685                  3.961312                      NaN                      NaN       932716.535433       393171.026754           665000.0          1125000.0  209.622047  179.454639     137.00     237.00       360      21         280000.0            460000.0      100.00         0.944882            94.488189
                Black or African American      Female     Hispanic or Latino           3    571666.666667    210079.350088        465000.0        675000.0                94.000000                 3.605551                92.50000                 96.0000                 45.000000                       NaN                      NaN                      NaN       605000.000000       210713.075057           495000.0           705000.0  219.333333   79.052725     186.00     263.00         3       0         210000.0            210000.0       77.00         1.000000           100.000000
                Black or African American      Female Not Hispanic or Latino          41    479390.243902    213600.664565        335000.0        615000.0                86.257561                19.449349                85.00000                 98.0000                 43.312500                  4.114785                      NaN                      NaN       619878.048780       231884.906271           455000.0           685000.0  153.341463   54.612549     112.00     192.00        36       5         280000.0            230000.0       80.00         0.878049            87.804878
                Black or African American        Male     Hispanic or Latino           2    480000.000000      7071.067812        477500.0        482500.0                85.000000                 7.071068                82.50000                 87.5000                 46.500000                  3.535534                    45.25                    47.75       565000.000000        42426.406871           550000.0           580000.0  109.500000    4.949747     107.75     111.25         2       0           5000.0             30000.0        3.50         1.000000           100.000000
                Black or African American        Male Not Hispanic or Latino          40    611750.000000    245601.172427        425000.0        755000.0                87.762475                12.238539                80.00000                 95.0000                 43.483871                  4.162299                      NaN                      NaN       709500.000000       281706.794289           497500.0           850000.0  235.750000  270.666296     117.25     260.25        37       3         330000.0            352500.0      143.00         0.925000            92.500000
Native Hawaiian or Other Pacific Islander      Female     Hispanic or Latino           1    435000.000000              NaN        435000.0        435000.0                80.000000                      NaN                80.00000                 80.0000                 45.000000                       NaN                    45.00                    45.00       545000.000000                 NaN           545000.0           545000.0  100.000000         NaN     100.00     100.00         1       0              0.0                 0.0        0.00         1.000000           100.000000
Native Hawaiian or Other Pacific Islander      Female Not Hispanic or Latino           2    505000.000000    197989.898732        435000.0        575000.0                92.500000                 3.535534                91.25000                 93.7500                 36.000000                       NaN                      NaN                      NaN       550000.000000       233345.237792           467500.0           632500.0  195.500000   47.376154     178.75     212.25         2       0         140000.0            165000.0       33.50         1.000000           100.000000
Native Hawaiian or Other Pacific Islander        Male     Hispanic or Latino           2    565000.000000     56568.542495        545000.0        585000.0                84.400000                14.934095                79.12000                 89.6800                 49.000000                  0.000000                    49.00                    49.00       685000.000000       183847.763109           620000.0           750000.0  110.500000    4.949747     108.75     112.25         2       0          40000.0            130000.0        3.50         1.000000           100.000000
Native Hawaiian or Other Pacific Islander        Male Not Hispanic or Latino           2    535000.000000    155563.491861        480000.0        590000.0                87.500000                10.606602                83.75000                 91.2500                 41.500000                  0.707107                    41.25                    41.75       600000.000000       106066.017178           562500.0           637500.0  211.000000  104.651804     174.00     248.00         2       0         110000.0             75000.0       74.00         1.000000           100.000000
                                    White      Female     Hispanic or Latino         180    440166.666667    217315.965935        282500.0        565000.0                79.685447                17.645254                74.83250                 95.0000                 44.167832                  3.982331                      NaN                      NaN       580555.555556       296058.317942           365000.0           715000.0  137.261111   98.045273      80.75     160.50       164      16         282500.0            350000.0       79.75         0.911111            91.111111
                                    White      Female Not Hispanic or Latino         363    459545.454545    238995.365081        285000.0        620000.0                68.553725                22.250867                50.34000                 85.0000                 44.231707                  4.014155                      NaN                      NaN       714008.264463       391729.565412           455000.0           885000.0  171.669421  122.649079      94.50     210.50       346      17         335000.0            430000.0      116.00         0.953168            95.316804
                                    White        Male     Hispanic or Latino         259    479671.814672    214458.459000        320000.0        595000.0                84.168139                13.863474                80.00000                 95.0000                 44.540404                  4.041144                      NaN                      NaN       593108.108108       282477.775575           405000.0           705000.0  158.945946  139.165804      94.50     186.00       229      30         275000.0            300000.0       91.50         0.884170            88.416988
                                    White        Male Not Hispanic or Latino         457    540185.995624    267198.794146        345000.0        725000.0                73.696748                19.777052                65.00000                 88.0000                 43.744898                  4.042381                      NaN                      NaN       773862.144420       410445.864529           495000.0           975000.0  201.291028  149.655337     110.00     242.00       428      29         380000.0            480000.0      132.00         0.936543            93.654267