                             derived_race derived_sex      derived_ethnicity  total_apps  avg_loan_amount  std_loan_amount  Q1_loan_amount  Q3_loan_amount  avg_loan_to_value_ratio  std_loan_to_value_ratio  Q1_loan_to_value_ratio  Q3_loan_to_value_ratio  avg_debt_to_income_ratio  std_debt_to_income_ratio  Q1_debt_to_income_ratio  Q3_debt_to_income_ratio  avg_property_value  std_property_value  Q1_property_value  Q3_property_value  avg_income  std_income  Q1_income  Q3_income  accepted  denied  iqr_loan_amount  iqr_property_value  iqr_income  acceptance_rate  acceptance_rate_pct
                 2 or more minority races      Female     Hispanic or Latino           3    398333.333333    179257.728797        295000.0        455000.0                82.338000                18.507711                73.93700                92.25700                 45.333333                  3.511885                    43.50                    47.00       588333.333333        1.106044e+05           530000.0           640000.0  101.333333   33.946036      83.00     116.50         3       0         160000.0            110000.0       33.50         1.000000           100.000000
                 2 or more minority races      Female Not Hispanic or Latino           2    525000.000000    296984.848098        420000.0        630000.0                82.500000                10.606602                78.75000                86.25000                       NaN                       NaN                      NaN                      NaN       625000.000000        2.828427e+05           525000.0           725000.0  172.500000  103.944697     135.75     209.25         2       0         210000.0            200000.0       73.50         1.000000           100.000000
                 2 or more minority races        Male Not Hispanic or Latino           4    460000.000000    178978.583449        375000.0        575000.0                87.187500                12.047432                78.75000                94.43750                 43.666667                  3.785939                      NaN                      NaN       552500.000000        2.666302e+05           375000.0           732500.0  188.500000  118.091772     103.75     262.25         4       0         200000.0            357500.0      158.50         1.000000           100.000000
         American Indian or Alaska Native      Female     Hispanic or Latino           6    466666.666667    170928.835094        430000.0        510000.0                78.139667                22.899576                80.00000                88.75000                 44.333333                  4.163332                      NaN                      NaN       605000.000000        1.206648e+05           562500.0           615000.0  181.166667   52.609568     160.75     221.75         6       0          80000.0             52500.0       61.00         1.000000           100.000000
         American Indian or Alaska Native      Female Not Hispanic or Latino           2    545000.000000    311126.983722        435000.0        655000.0                92.485000                 3.556747                91.22750                93.74250                 47.000000                       NaN                      NaN                      NaN       785000.000000        6.222540e+05           565000.0          1005000.0  358.000000  342.239682     237.00     479.00         2       0         220000.0            440000.0      242.00         1.000000           100.000000
         American Indian or Alaska Native        Male     Hispanic or Latino          11    459545.454545    204761.502063        310000.0        595000.0                88.952818                 9.507581                80.00000                95.74050                 43.222222                  3.961621                      NaN                      NaN       513181.818182        2.269281e+05           385000.0           645000.0  127.636364   47.944286      95.50     171.50         8       3         285000.0            260000.0       76.00         0.727273            72.727273
         American Indian or Alaska Native        Male Not Hispanic or Latino           6    321666.666667    110211.917081        247500.0        415000.0                76.736667                21.792443                76.18250                91.25000                 46.250000                  2.629956                      NaN                      NaN       798333.333333        1.087854e+06           285000.0           525000.0  229.666667  265.460104      60.75     368.00         5       1         167500.0            240000.0      307.25         0.833333            83.333333
                                    Asian      Female     Hispanic or Latino           4    317500.000000     76321.687612        282500.0        335000.0                77.433500                19.133523                64.99900                92.37500                 46.500000                  0.707107                      NaN                      NaN       417500.000000        5.560276e+04           410000.0           447500.0  133.750000   70.801954      77.00     180.25         4       0          52500.0             37500.0      103.25         1.000000           100.000000
                                    Asian      Female Not Hispanic or Latino         213    527957.746479    206407.234174        385000.0        665000.0                72.608878                20.322581                60.25700                87.57000                 43.791139                  4.148599                      NaN                      NaN       776643.192488        3.272594e+05           555000.0           905000.0  166.164319   81.955155     114.00     192.00       197      16         280000.0            350000.0       78.00         0.924883            92.488263
                                    Asian        Male     Hispanic or Latino          12    579166.666667    247623.553489        395000.0        682500.0                81.940917                10.237927                79.04725                89.96000                 44.571429                  3.866831                      NaN                      NaN       733333.333333        3.970077e+05           455000.0           875000.0  191.333333   88.296333     120.75     259.25        12       0         287500.0            420000.0      138.50         1.000000           100.000000
                                    Asian        Male Not Hispanic or Latino         376    630558.510638    246417.979391        455000.0        765000.0                72.417432                21.959216                62.72000                80.00000                 43.551471                  3.954202                      NaN                      NaN       947393.617021        4.879641e+05           645000.0          1187500.0  229.856383  357.263079     135.75     256.00       356      20         310000.0            542500.0      120.25         0.946809            94.680851
                Black or African American      Female     Hispanic or Latino           4    385000.000000    201825.006710        327500.0        507500.0                72.435000                24.162717                69.18500                84.75000                 47.500000                  2.121320                      NaN                      NaN       497500.000000        1.627626e+05           445000.0           607500.0   93.250000   56.328649      69.50     115.75         4       0         180000.0            162500.0       46.25         1.000000           100.000000
                Black or African American      Female Not Hispanic or Latino          46    431521.739130    213523.013501        327500.0        522500.0                85.321761                13.249816                80.00000                95.00000                 43.694444                  4.180358                      NaN                      NaN       539130.434783        2.499207e+05           395000.0           667500.0  185.260870  255.548337      90.75     184.00        40       6         195000.0            272500.0       93.25         0.869565            86.956522
                Black or African American        Male     Hispanic or Latino           7    537857.142857    222164.675088        460000.0        630000.0                86.791571                 9.500246                79.98600                94.00650                 43.000000                  5.163978                      NaN                      NaN       660714.285714        2.951755e+05           550000.0           790000.0  184.285714  152.696556     107.50     183.50         6       1         170000.0            240000.0       76.00         0.857143            85.714286
                Black or African American        Male Not Hispanic or Latino          35    554428.571429    215105.211701        400000.0        700000.0                83.068029                18.511941                80.00000                95.00000                 44.320000                  4.200397                      NaN                      NaN       672142.857143        2.100920e+05           530000.0           810000.0  172.228571  103.222799     114.00     224.50        30       5         300000.0            280000.0      110.50         0.857143            85.714286
Native Hawaiian or Other Pacific Islander      Female     Hispanic or Latino           1    435000.000000              NaN        435000.0        435000.0                74.138000                      NaN                74.13800                74.13800                 48.000000                       NaN                    48.00                    48.00       585000.000000                 NaN           585000.0           585000.0   89.000000         NaN      89.00      89.00         1       0              0.0                 0.0        0.00         1.000000           100.000000
Native Hawaiian or Other Pacific Islander      Female Not Hispanic or Latino           2    585000.000000     98994.949366        550000.0        620000.0                90.000000                14.142136                85.00000                95.00000                 43.500000                  6.363961                    41.25                    45.75       665000.000000        2.828427e+04           655000.0           675000.0  199.500000    6.363961     197.25     201.75         2       0          70000.0             20000.0        4.50         1.000000           100.000000
Native Hawaiian or Other Pacific Islander        Male     Hispanic or Latino           4    527500.000000    233719.917850        367500.0        615000.0                92.318250                 8.274447                91.25000                97.06825                 43.666667                  6.806859                      NaN                      NaN       572500.000000        2.318584e+05           425000.0           642500.0  158.500000   71.318534     111.50     180.00         4       0         247500.0            217500.0       68.50         1.000000           100.000000
Native Hawaiian or Other Pacific Islander        Male Not Hispanic or Latino           5    359000.000000    179387.847972        285000.0        405000.0                86.800000                21.170735                95.00000                97.00000                 43.250000                  4.787136                      NaN                      NaN       457000.000000        2.767128e+05           295000.0           675000.0  162.800000   96.520464     102.00     239.00         4       1         120000.0            380000.0      137.00         0.800000            80.000000
                                    White      Female     Hispanic or Latino         160    432875.000000    199636.107635        305000.0        545000.0                79.452654                20.443992                73.60000                95.00000                 44.000000                  3.946203                      NaN                      NaN       584250.000000        2.755271e+05           402500.0           717500.0  132.581250   76.857090      83.75     160.25       145      15         240000.0            315000.0       76.50         0.906250            90.625000
                                    White      Female Not Hispanic or Latino         357    489285.714286    247936.103455        305000.0        645000.0                72.076389                20.456368                60.68400                86.56000                 43.260870                  4.169419                      NaN                      NaN       732843.137255        4.362128e+05           445000.0           885000.0  160.568627   94.991714      96.00     202.00       340      17         340000.0            440000.0      106.00         0.952381            95.238095
                                    White        Male     Hispanic or Latino         287    472317.073171    202372.589170        335000.0        600000.0                83.329223                16.273840                80.00000                95.00000                 44.225490                  3.724256                      NaN                      NaN       587264.808362        2.712637e+05           395000.0           725000.0  157.240418  127.088241      88.50     176.50       254      33         265000.0            330000.0       88.00         0.885017            88.501742
                                    White        Male Not Hispanic or Latino         453    553543.046358    246713.075487        385000.0        685000.0                74.776643                18.860409                65.35900                90.00000                 43.226351                  4.064661                      NaN                      NaN       790496.688742        4.447999e+05           525000.0           955000.0  218.293598  215.805745     120.00     243.00       413      40         300000.0            430000.0      123.00         0.911700            91.169978