                             derived_race derived_sex      derived_ethnicity  total_apps  avg_loan_amount  std_loan_amount  Q1_loan_amount  Q3_loan_amount  avg_loan_to_value_ratio  std_loan_to_value_ratio  Q1_loan_to_value_ratio  Q3_loan_to_value_ratio  avg_debt_to_income_ratio  std_debt_to_income_ratio  Q1_debt_to_income_ratio  Q3_debt_to_income_ratio  avg_property_value  std_property_value  Q1_property_value  Q3_property_value  avg_income  std_income  Q1_income  Q3_income  accepted  denied  iqr_loan_amount  iqr_property_value  iqr_income  acceptance_rate  acceptance_rate_pct
                 2 or more minority races      Female     Hispanic or Latino           2     5.800000e+05     77781.745931        552500.0        607500.0                87.500000                10.606602                83.75000                91.25000                 46.500000                  3.535534                    45.25                    47.75        6.700000e+05       162634.559673           612500.0           727500.0  152.000000   22.627417     144.00     160.00         2       0          55000.0            115000.0       16.00         1.000000           100.000000
                 2 or more minority races      Female Not Hispanic or Latino           1     1.035000e+06              NaN       1035000.0       1035000.0                80.000000                      NaN                80.00000                80.00000                 42.000000                       NaN                    42.00                    42.00        1.295000e+06                 NaN          1295000.0          1295000.0  493.000000         NaN     493.00     493.00         1       0              0.0                 0.0        0.00         1.000000           100.000000
                 2 or more minority races        Male     Hispanic or Latino           2     6.400000e+05    190918.830920        572500.0        707500.0                56.225500                11.455837                52.17525                60.27575                 42.500000                  2.121320                    41.75                    43.25        1.195000e+06       579827.560573           990000.0          1400000.0  150.500000   62.932504     128.25     172.75         2       0         135000.0            410000.0       44.50         1.000000           100.000000
                 2 or more minority races        Male Not Hispanic or Latino           1     6.450000e+05              NaN        645000.0        645000.0                80.000000                      NaN                80.00000                80.00000                 46.000000                       NaN                    46.00                    46.00        8.050000e+05                 NaN           805000.0           805000.0  266.000000         NaN     266.00     266.00         1       0              0.0                 0.0        0.00         1.000000           100.000000
         American Indian or Alaska Native      Female     Hispanic or Latino           6     5.000000e+05    165981.926727        402500.0        612500.0                91.166667                 5.845226                90.50000                95.00000                 44.400000                  3.286335                      NaN                      NaN        5.450000e+05       165287.628091           437500.0           672500.0  132.166667   45.788281     101.25     157.50         6       0         210000.0            235000.0       56.25         1.000000           100.000000
         American Indian or Alaska Native      Female Not Hispanic or Latino           6     5.083333e+05    220695.869165        325000.0        705000.0                80.702167                17.702482                74.23250                93.75000                 44.800000                  2.774887                      NaN                      NaN        6.566667e+05       288126.129788           422500.0           822500.0  140.500000   42.660286     113.00     165.25         6       0         380000.0            400000.0       52.25         1.000000           100.000000
         American Indian or Alaska Native        Male     Hispanic or Latino           6     4.750000e+05    138419.651784        420000.0        455000.0                90.333333                 8.640988                82.50000                96.50000                 41.833333                  3.311596                    41.25                    44.25        5.316667e+05       146104.985085           452500.0           560000.0  143.833333   51.109360     100.00     181.50         6       0          35000.0            107500.0       81.50         1.000000           100.000000
         American Indian or Alaska Native        Male Not Hispanic or Latino           5     3.230000e+05    105451.410612        215000.0        405000.0                81.311200                20.370965                80.00000                95.00000                 46.333333                  2.081666                      NaN                      NaN        4.090000e+05       103101.891350           445000.0           455000.0   93.200000   23.993749      86.00     113.00         5       0         190000.0             10000.0       27.00         1.000000           100.000000
                                    Asian      Female     Hispanic or Latino           7     5.321429e+05    278311.233796        390000.0        560000.0                74.108000                26.713086                66.07150                92.49500                 43.000000                  3.807887                      NaN                      NaN        7.707143e+05       389566.303422           565000.0           930000.0  155.285714   68.460973     120.50     181.50         7       0         170000.0            365000.0       61.00         1.000000           100.000000
                                    Asian      Female Not Hispanic or Latino         212     5.736792e+05    210227.029037        425000.0        685000.0                73.098217                18.036074                63.35200                84.99250                 44.384106                  3.732490                      NaN                      NaN        8.166038e+05       312077.997276           625000.0           955000.0  198.075472  170.741688     126.00     217.00       202      10         260000.0            330000.0       91.00         0.952830            95.283019
                                    Asian        Male     Hispanic or Latino           8     5.337500e+05    131196.417634        460000.0        580000.0                76.998375                12.183073                78.42325                80.83400                 44.833333                  4.167333                      NaN                      NaN        7.137500e+05       229374.148500           607500.0           750000.0  168.000000   62.266707     113.50     228.50         8       0         120000.0            142500.0      115.00         1.000000           100.000000
                                    Asian        Male Not Hispanic or Latino         383     6.251828e+05    249033.141922        455000.0        765000.0                72.873198                18.592927                65.46500                80.17550                 43.779851                  3.989692                      NaN                      NaN        9.051044e+05       393204.035010           645000.0          1115000.0  217.994778  218.540614     136.00     249.00       360      23         310000.0            470000.0      113.00         0.939948            93.994778
                Black or African American      Female     Hispanic or Latino           5     6.590000e+05    345152.140367        405000.0        755000.0                86.600000                 7.765307                83.00000                90.00000                 49.000000                  0.000000                      NaN                      NaN        7.590000e+05       367600.326442           505000.0           795000.0  307.400000  405.286689     101.00     211.00         5       0         350000.0            290000.0      110.00         1.000000           100.000000
                Black or African American      Female Not Hispanic or Latino          44     4.668182e+05    206625.970669        312500.0        560000.0                82.333750                19.100499                80.00000                95.00000                 44.305556                  4.152930                      NaN                      NaN        6.375000e+05       292845.899630           482500.0           715000.0  154.727273  104.532261      84.75     189.50        39       5         247500.0            232500.0      104.75         0.886364            88.636364
                Black or African American        Male     Hispanic or Latino           4     6.100000e+05    254885.595251        452500.0        702500.0                88.000000                 9.273618                80.00000                95.50000                 45.000000                  1.414214                      NaN                      NaN        6.950000e+05       266958.174002           545000.0           830000.0  140.750000   30.379544     119.00     156.75         3       1         250000.0            285000.0       37.75         0.750000            75.000000
                Black or African American        Male Not Hispanic or Latino          34     5.329412e+05    273914.158327        300000.0        735000.0                82.105029                19.446812                80.00000                94.99925                 43.750000                  4.376320                      NaN                      NaN        7.370588e+05       646776.526493           475000.0           830000.0  186.294118  116.534175      88.50     252.25        32       2         435000.0            355000.0      163.75         0.941176            94.117647
Native Hawaiian or Other Pacific Islander        Male Not Hispanic or Latino           2     4.600000e+05     35355.339059        447500.0        472500.0                80.000000                 0.000000                80.00000                80.00000                 45.500000                  3.535534                    44.25                    46.75        5.800000e+05        49497.474683           562500.0           597500.0  108.000000   29.698485      97.50     118.50         2       0          25000.0             35000.0       21.00         1.000000           100.000000
                                    White      Female     Hispanic or Latino         158     4.230380e+05    184458.093771        287500.0        552500.0                81.777968                17.766153                78.96350                95.00000                 44.552000                  3.905034                      NaN                      NaN        5.545570e+05       276604.399007           377500.0           705000.0  154.455696  247.902785      80.00     154.50       142      16         265000.0            327500.0       74.50         0.898734            89.873418
                                    White      Female Not Hispanic or Latino         353     4.838102e+05    237656.050906        305000.0        645000.0                72.036172                20.243693                58.00000                85.00000                 44.099206                  3.753628                      NaN                      NaN        7.201558e+05       362350.346972           475000.0           925000.0  178.515581  147.502525      97.00     210.00       333      20         340000.0            450000.0      113.00         0.943343            94.334278
                                    White        Male     Hispanic or Latino         292     4.401027e+05    191330.096700        295000.0        565000.0                83.650017                28.436519                75.00000                95.00000                 44.069124                  4.142129                      NaN                      NaN        5.576027e+05       251054.284992           382500.0           695000.0  142.578767  102.335665      87.75     162.00       257      35         270000.0            312500.0       74.25         0.880137            88.013699
                                    White        Male Not Hispanic or Latino         469     5.482409e+05    249883.193969        355000.0        715000.0                72.860288                19.386675                65.00000                85.71400                 43.518987                  4.087490                      NaN                      NaN        8.071322e+05       439614.409046           515000.0          1015000.0  204.174840  268.224606     112.00     234.00       439      30         360000.0            500000.0      122.00         0.936034            93.603412