                             derived_race derived_sex      derived_ethnicity  total_apps  avg_loan_amount  std_loan_amount  Q1_loan_amount  Q3_loan_amount  avg_loan_to_value_ratio  std_loan_to_value_ratio  Q1_loan_to_value_ratio  Q3_loan_to_value_ratio  avg_debt_to_income_ratio  std_debt_to_income_ratio  Q1_debt_to_income_ratio  Q3_debt_to_income_ratio  avg_property_value  std_property_value  Q1_property_value  Q3_property_value  avg_income  std_income  Q1_income  Q3_income  accepted  denied  iqr_loan_amount  iqr_property_value  iqr_income  acceptance_rate  acceptance_rate_pct
                 2 or more minority races      Female     Hispanic or Latino           2    215000.000000     70710.678119        190000.0        240000.0                98.140000                 4.440631                96.57000                99.71000                 39.000000                       NaN                      NaN                      NaN       225000.000000        84852.813742           195000.0           255000.0   77.500000   33.234019      65.75      89.25         0       2          50000.0             60000.0       23.50         0.000000             0.000000
                 2 or more minority races      Female Not Hispanic or Latino           4    652500.000000    303136.382948        422500.0        825000.0                90.783500                 9.364994                87.02850                96.25000                 46.250000                  3.095696                    45.00                    48.25       765000.000000       344770.455037           480000.0          1005000.0  182.750000   62.435967     147.50     228.75         4       0         402500.0            525000.0       81.25         1.000000           100.000000
                 2 or more minority races        Male     Hispanic or Latino           1    465000.000000              NaN        465000.0        465000.0                85.000000                      NaN                85.00000                85.00000                 47.000000                       NaN                    47.00                    47.00       545000.000000                 NaN           545000.0           545000.0  103.000000         NaN     103.00     103.00         1       0              0.0                 0.0        0.00         1.000000           100.000000
                 2 or more minority races        Male Not Hispanic or Latino           1    505000.000000              NaN        505000.0        505000.0                97.000000                      NaN                97.00000                97.00000                 42.000000                       NaN                    42.00                    42.00       525000.000000                 NaN           525000.0           525000.0  129.000000         NaN     129.00     129.00         1       0              0.0                 0.0        0.00         1.000000           100.000000
         American Indian or Alaska Native      Female     Hispanic or Latino           7    443571.428571    172668.137519        380000.0        570000.0                91.097471                13.105256                85.50000                98.00000                 46.500000                  2.380476                      NaN                      NaN       523571.428571       234693.315586           410000.0           610000.0  132.142857   47.344231     116.00     157.50         7       0         190000.0            200000.0       41.50         1.000000           100.000000
         American Indian or Alaska Native      Female Not Hispanic or Latino           1    375000.000000              NaN        375000.0        375000.0                58.205000                      NaN                58.20500                58.20500                       NaN                       NaN                      NaN                      NaN       645000.000000                 NaN           645000.0           645000.0  156.000000         NaN     156.00     156.00         1       0              0.0                 0.0        0.00         1.000000           100.000000
         American Indian or Alaska Native        Male     Hispanic or Latino           8    427500.000000    147914.067717        355000.0        470000.0                76.368875                14.634387                76.99025                80.75000                 40.714286                  5.345225                      NaN                      NaN       551250.000000       120349.194312           477500.0           582500.0  130.250000   41.295970      91.00     154.50         8       0         115000.0            105000.0       63.50         1.000000           100.000000
         American Indian or Alaska Native        Male Not Hispanic or Latino           5    525000.000000    232486.558751        465000.0        705000.0                81.842200                 9.993351                79.84900                80.00000                 47.666667                  2.309401                      NaN                      NaN       645000.000000       285919.569110           545000.0           885000.0  248.600000  189.467148     127.00     438.00         5       0         240000.0            340000.0      311.00         1.000000           100.000000
                                    Asian      Female     Hispanic or Latino           8    401250.000000    124663.833683        325000.0        502500.0                60.235250                24.402508                34.60450                75.47275                 43.571429                  3.952094                      NaN                      NaN       743750.000000       329997.294361           540000.0           870000.0  120.125000   45.739753      86.25     149.25         8       0         177500.0            330000.0       63.00         1.000000           100.000000
                                    Asian      Female Not Hispanic or Latino         224    546071.428571    230242.052950        375000.0        685000.0                70.580438                19.973342                56.13700                80.00000                 43.304878                  4.099047                      NaN                      NaN       821294.642857       343188.848074           555000.0           975000.0  181.473214  103.185406     116.75     220.25       207      17         310000.0            420000.0      103.50         0.924107            92.410714
                                    Asian        Male     Hispanic or Latino           9    515000.000000    171099.386323        415000.0        565000.0                81.825556                 9.709860                80.00000                80.00000                 44.857143                  3.579040                      NaN                      NaN       655000.000000       289784.402617           525000.0           665000.0  154.444444   61.672747     134.00     179.00         7       2         150000.0            140000.0       45.00         0.777778            77.777778
                                    Asian        Male Not Hispanic or Latino         390    639666.666667    246766.787620        455000.0        795000.0                73.720015                16.809658                64.91975                82.34250                 43.993399                  4.102974                      NaN                      NaN       916846.153846       400434.438787           625000.0          1185000.0  203.161538  111.794533     137.00     237.50       367      23         340000.0            560000.0      100.50         0.941026            94.102564
                Black or African American      Female     Hispanic or Latino           3    471666.666667    275922.694488        315000.0        575000.0                75.132000                26.011827                65.19800                89.85300                 48.000000                       NaN                      NaN                      NaN       611666.666667       201328.918274           505000.0           705000.0  152.000000  116.064637      85.00     186.50         3       0         260000.0            200000.0      101.50         1.000000           100.000000
                Black or African American      Female Not Hispanic or Latino          33    518030.303030    217248.199769        385000.0        625000.0                80.294576                15.759465                70.00000                95.00000                 44.461538                  4.509818                      NaN                      NaN       660757.575758       280234.614910           485000.0           735000.0  159.333333   83.460195      98.00     224.00        32       1         240000.0            250000.0      126.00         0.969697            96.969697
                Black or African American        Male     Hispanic or Latino           5    713000.000000    239520.354041        565000.0        865000.0                88.520600                 9.242733                90.00000                95.00000                 42.750000                  2.061553                      NaN                      NaN       819000.000000       297203.633894           595000.0          1025000.0  250.200000   89.920520     171.00     328.00         4       1         300000.0            430000.0      157.00         0.800000            80.000000
                Black or African American        Male Not Hispanic or Latino          29    521896.551724    230637.369173        355000.0        665000.0                87.143448                 9.988059                80.00000                95.00000                 42.950000                  4.536112                      NaN                      NaN       614655.172414       273057.853088           395000.0           735000.0  189.379310  145.673415      92.00     239.00        27       2         310000.0            340000.0      147.00         0.931034            93.103448
Native Hawaiian or Other Pacific Islander      Female     Hispanic or Latino           2    360000.000000    190918.830920        292500.0        427500.0                58.750000                30.052038                48.12500                69.37500                 44.500000                  3.535534                    43.25                    45.75       610000.000000         7071.067812           607500.0           612500.0   98.500000   45.961941      82.25     114.75         2       0         135000.0              5000.0       32.50         1.000000           100.000000
Native Hawaiian or Other Pacific Islander      Female Not Hispanic or Latino           2    450000.000000     35355.339059        437500.0        462500.0                92.500000                 3.535534                91.25000                93.75000                 48.500000                  0.707107                    48.25                    48.75       490000.000000        21213.203436           482500.0           497500.0  134.000000   52.325902     115.50     152.50         2       0          25000.0             15000.0       37.00         1.000000           100.000000
Native Hawaiian or Other Pacific Islander        Male     Hispanic or Latino           2    410000.000000    176776.695297        347500.0        472500.0                96.136500                 1.607254                95.56825                96.70475                 49.000000                  0.000000                    49.00                    49.00       435000.000000       169705.627485           375000.0           495000.0   95.000000   25.455844      86.00     104.00         2       0         125000.0            120000.0       18.00         1.000000           100.000000
Native Hawaiian or Other Pacific Islander        Male Not Hispanic or Latino           4    372500.000000    238659.450543        217500.0        445000.0                63.329000                30.013769                42.83900                84.00000                 43.000000                  5.477226                    39.25                    46.75       632500.000000       284062.786487           542500.0           790000.0   95.750000   57.051877      55.50     116.75         4       0         227500.0            247500.0       61.25         1.000000           100.000000
                                    White      Female     Hispanic or Latino         170    459235.294118    196868.240385        315000.0        572500.0                80.160062                18.165930                70.68250                95.00000                 44.170370                  3.929492                      NaN                      NaN       588058.823529       235761.505856           435000.0           712500.0  139.252941   83.348421      85.00     170.50       154      16         257500.0            277500.0       85.50         0.905882            90.588235
                                    White      Female Not Hispanic or Latino         367    466989.100817    224614.107190        315000.0        590000.0                71.167766                20.712405                60.00000                85.00000                 43.720149                  4.312690                      NaN                      NaN       682465.940054       324224.772452           475000.0           835000.0  156.692098   88.385677      95.50     201.50       333      34         275000.0            360000.0      106.00         0.907357            90.735695
                                    White        Male     Hispanic or Latino         277    471101.083032    201600.382894        325000.0        615000.0                82.378004                16.568797                80.00000                95.00000                 43.665025                  4.037707                      NaN                      NaN       594458.483755       256553.373071           415000.0           735000.0  153.523466  172.301672      90.00     181.00       248      29         290000.0            320000.0       91.00         0.895307            89.530686
                                    White        Male Not Hispanic or Latino         446    547309.417040    257964.901804        355000.0        715000.0                75.349043                18.405120                70.00000                89.98950                 43.573379                  3.966328                      NaN                      NaN       772242.152466       412495.578042           465000.0           975000.0  222.161435  332.754626     120.00     236.75       425      21         360000.0            510000.0      116.75         0.952915            95.291480