                             derived_race derived_sex      derived_ethnicity  total_apps  avg_loan_amount  std_loan_amount  Q1_loan_amount  Q3_loan_amount  avg_loan_to_value_ratio  std_loan_to_value_ratio  Q1_loan_to_value_ratio  Q3_loan_to_value_ratio  avg_debt_to_income_ratio  std_debt_to_income_ratio  Q1_debt_to_income_ratio  Q3_debt_to_income_ratio  avg_property_value  std_property_value  Q1_property_value  Q3_property_value  avg_income  std_income  Q1_income  Q3_income  accepted  denied  iqr_loan_amount  iqr_property_value  iqr_income  acceptance_rate  acceptance_rate_pct
                 2 or more minority races      Female Not Hispanic or Latino           2    440000.000000     49497.474683        422500.0        457500.0                90.600000                13.293607                85.90000                95.30000                 47.000000                       NaN                      NaN                      NaN        8.050000e+05        5.374012e+05           615000.0           995000.0  170.500000  106.773124     132.75     208.25         1       1          35000.0            380000.0       75.50         0.500000            50.000000
                 2 or more minority races        Male     Hispanic or Latino           1    355000.000000              NaN        355000.0        355000.0                41.793000                      NaN                41.79300                41.79300                       NaN                       NaN                      NaN                      NaN        8.550000e+05                 NaN           855000.0           855000.0  187.000000         NaN     187.00     187.00         1       0              0.0                 0.0        0.00         1.000000           100.000000
                 2 or more minority races        Male Not Hispanic or Latino           4    400000.000000    130766.968306        325000.0        505000.0                47.775750                27.694284                36.09325                60.69800                 45.500000                  2.121320                      NaN                      NaN        1.407500e+06        1.612377e+06           602500.0          1440000.0  229.750000  153.358784     103.00     350.75         3       1         180000.0            837500.0      247.75         0.750000            75.000000
         American Indian or Alaska Native      Female     Hispanic or Latino           6    383333.333333    115137.598840        317500.0        442500.0                73.814833                22.607382                59.66675                91.25000                 44.800000                  3.114482                      NaN                      NaN        5.433333e+05        1.660622e+05           515000.0           552500.0  106.000000   35.071356      76.50     126.75         5       1         125000.0             37500.0       50.25         0.833333            83.333333
         American Indian or Alaska Native        Male     Hispanic or Latino           7    415000.000000    262551.582234        210000.0        545000.0                87.227714                 6.100900                82.50000                92.29700                 42.333333                  4.760952                      NaN                      NaN        4.764286e+05        2.960534e+05           235000.0           600000.0  136.857143   82.422547      78.00     190.50         7       0         335000.0            365000.0      112.50         1.000000           100.000000
         American Indian or Alaska Native        Male Not Hispanic or Latino           2    640000.000000     77781.745931        612500.0        667500.0                94.330000                20.267095                87.16450               101.49550                 40.000000                       NaN                      NaN                      NaN        6.850000e+05        7.071068e+04           660000.0           710000.0  178.000000   53.740115     159.00     197.00         1       1          55000.0             50000.0       38.00         0.500000            50.000000
                                    Asian      Female     Hispanic or Latino           1    385000.000000              NaN        385000.0        385000.0                80.000000                      NaN                80.00000                80.00000                 39.000000                       NaN                    39.00                    39.00        4.750000e+05                 NaN           475000.0           475000.0  172.000000         NaN     172.00     172.00         1       0              0.0                 0.0        0.00         1.000000           100.000000
                                    Asian      Female Not Hispanic or Latino         227    580110.132159    204896.609441        435000.0        725000.0                72.413920                17.609714                62.10650                80.00000                 44.192547                  3.583845                      NaN                      NaN        8.568502e+05        4.278627e+05           595000.0           990000.0  180.017621   93.736354     121.00     219.50       209      18         290000.0            395000.0       98.50         0.920705            92.070485
                                    Asian        Male     Hispanic or Latino          10    484000.000000    131862.723231        410000.0        540000.0                76.292100                10.777233                74.01975                80.00000                 45.333333                  3.932768                      NaN                      NaN        6.420000e+05        1.746139e+05           525000.0           765000.0  148.100000   61.896778      96.75     178.50        10       0         130000.0            240000.0       81.75         1.000000           100.000000
                                    Asian        Male Not Hispanic or Latino         374    633422.459893    225172.970460        485000.0        765000.0                75.788898                30.610094                68.89375                85.00000                 43.567376                  4.274071                      NaN                      NaN        8.974332e+05        3.842359e+05           655000.0          1102500.0  205.417112  133.566753     139.25     242.75       347      27         280000.0            447500.0      103.50         0.927807            92.780749
                Black or African American      Female     Hispanic or Latino           1    515000.000000              NaN        515000.0        515000.0                92.744000                      NaN                92.74400                92.74400                 43.000000                       NaN                    43.00                    43.00        5.550000e+05                 NaN           555000.0           555000.0  176.000000         NaN     176.00     176.00         1       0              0.0                 0.0        0.00         1.000000           100.000000
                Black or African American      Female Not Hispanic or Latino          41    467682.926829    205402.341640        335000.0        545000.0                82.581000                15.893440                75.00000                95.00000                 44.117647                  4.544492                      NaN                      NaN        6.115854e+05        2.793798e+05           455000.0           745000.0  135.853659   55.993554      97.00     165.00        36       5         210000.0            290000.0       68.00         0.878049            87.804878
                Black or African American        Male     Hispanic or Latino           5    513000.000000    144810.220634        455000.0        485000.0                74.526800                17.613059                65.17000                90.00000                 43.500000                  6.137318                      NaN                      NaN        7.170000e+05        2.468198e+05           535000.0           755000.0  183.600000   83.212379     145.00     181.00         5       0          30000.0            220000.0       36.00         1.000000           100.000000
                Black or African American        Male Not Hispanic or Latino          31    519838.709677    230027.113876        355000.0        690000.0                83.639290                14.878463                80.00000                95.00000                 45.863636                  3.151650                      NaN                      NaN        6.472581e+05        2.509676e+05           490000.0           770000.0  153.225806   78.505078      90.00     196.50        26       5         335000.0            280000.0      106.50         0.838710            83.870968
Native Hawaiian or Other Pacific Islander      Female     Hispanic or Latino           1    445000.000000              NaN        445000.0        445000.0               100.000000                      NaN               100.00000               100.00000                 48.000000                       NaN                    48.00                    48.00        4.550000e+05                 NaN           455000.0           455000.0   87.000000         NaN      87.00      87.00         1       0              0.0                 0.0        0.00         1.000000           100.000000
Native Hawaiian or Other Pacific Islander      Female Not Hispanic or Latino           2    400000.000000     63639.610307        377500.0        422500.0                73.124500                29.874554                62.56225                83.68675                 43.500000                  2.121320                    42.75                    44.25        5.650000e+05        1.555635e+05           510000.0           620000.0  110.500000    6.363961     108.25     112.75         1       1          45000.0            110000.0        4.50         0.500000            50.000000
Native Hawaiian or Other Pacific Islander        Male Not Hispanic or Latino           7    396428.571429    112016.155297        320000.0        465000.0                77.971000                23.413163                64.50000                95.00000                 43.833333                  5.600595                      NaN                      NaN        5.650000e+05        2.390258e+05           335000.0           745000.0  158.714286   69.543066     110.50     203.00         7       0         145000.0            410000.0       92.50         1.000000           100.000000
                                    White      Female     Hispanic or Latino         147    442619.047619    218545.419665        285000.0        575000.0                81.727633                18.231821                80.00000                95.00000                 44.256410                  4.002486                      NaN                      NaN        5.575850e+05        2.544133e+05           390000.0           700000.0  136.578231  108.750999      79.50     160.00       129      18         290000.0            310000.0       80.50         0.877551            87.755102
                                    White      Female Not Hispanic or Latino         355    488746.478873    233917.250707        310000.0        615000.0                71.441070                20.996288                57.83000                88.75500                 44.091270                  3.980481                      NaN                      NaN        7.192535e+05        3.390652e+05           485000.0           905000.0  174.318310  189.544824     102.00     202.00       339      16         305000.0            420000.0      100.00         0.954930            95.492958
                                    White        Male     Hispanic or Latino         296    471182.432432    224358.869223        315000.0        607500.0                83.843297                14.631563                80.00000                95.00000                 44.245614                  3.868001                      NaN                      NaN        5.780405e+05        2.736338e+05           392500.0           725000.0  148.060811   95.222610      88.00     177.25       273      23         292500.0            332500.0       89.25         0.922297            92.229730
                                    White        Male Not Hispanic or Latino         480    547062.500000    249076.197667        355000.0        707500.0                75.001729                17.660853                66.31500                89.82000                 43.854938                  4.043181                      NaN                      NaN        7.650000e+05        4.100904e+05           495000.0           937500.0  199.945833  159.700271     116.00     235.25       455      25         352500.0            442500.0      119.25         0.947917            94.791667