                             derived_race derived_sex      derived_ethnicity  total_apps  avg_loan_amount  std_loan_amount  Q1_loan_amount  Q3_loan_amount  avg_loan_to_value_ratio  std_loan_to_value_ratio  Q1_loan_to_value_ratio  Q3_loan_to_value_ratio  avg_debt_to_income_ratio  std_debt_to_income_ratio  Q1_debt_to_income_ratio  Q3_debt_to_income_ratio  avg_property_value  std_property_value  Q1_property_value  Q3_property_value  avg_income  std_income  Q1_income  Q3_income  accepted  denied  iqr_loan_amount  iqr_property_value  iqr_income  acceptance_rate  acceptance_rate_pct
                 2 or more minority races      Female     Hispanic or Latino           2    625000.000000    509116.882454        445000.0        805000.0                87.500000                10.606602                83.75000                 91.2500                 40.000000                  1.414214                    39.50                    40.50        7.550000e+05       664680.374315           520000.0           990000.0  175.000000  104.651804     138.00     212.00         1       1         360000.0            470000.0       74.00         0.500000            50.000000
                 2 or more minority races        Male     Hispanic or Latino           1    635000.000000              NaN        635000.0        635000.0                64.796000                      NaN                64.79600                 64.7960                 43.000000                       NaN                    43.00                    43.00        9.850000e+05                 NaN           985000.0           985000.0  172.000000         NaN     172.00     172.00         1       0              0.0                 0.0        0.00         1.000000           100.000000
                 2 or more minority races        Male Not Hispanic or Latino           3    771666.666667    306159.000085        655000.0        945000.0                89.916667                11.000947                84.00000                 94.8750                 45.000000                  3.000000                    43.50                    46.50        8.916667e+05       413561.764835           760000.0          1130000.0  208.666667   95.552778     160.00     255.50         3       0         290000.0            370000.0       95.50         1.000000           100.000000
         American Indian or Alaska Native      Female     Hispanic or Latino           5    351000.000000    163493.119121        255000.0        345000.0                65.352600                18.903791                53.26800                 68.0000                 45.500000                  0.707107                      NaN                      NaN        5.630000e+05       250539.418056           475000.0           645000.0  157.800000   46.537082     131.00     191.00         5       0          90000.0            170000.0       60.00         1.000000           100.000000
         American Indian or Alaska Native      Female Not Hispanic or Latino           2    345000.000000     14142.135624        340000.0        350000.0                87.500000                10.606602                83.75000                 91.2500                 42.000000                       NaN                      NaN                      NaN        4.000000e+05        63639.610307           377500.0           422500.0  162.000000   76.367532     135.00     189.00         2       0          10000.0             45000.0       54.00         1.000000           100.000000
         American Indian or Alaska Native        Male     Hispanic or Latino          12    495833.333333    182081.816442        327500.0        612500.0                81.757333                19.737964                79.66750                 93.5000                 43.375000                  4.533605                      NaN                      NaN        6.391667e+05       246039.846490           460000.0           785000.0  165.833333  135.321055      97.25     176.00        11       1         285000.0            325000.0       78.75         0.916667            91.666667
         American Indian or Alaska Native        Male Not Hispanic or Latino           8    515000.000000    237667.234354        405000.0        650000.0                88.976500                 7.427275                80.75000                 95.0000                 46.000000                  2.915476                      NaN                      NaN        5.850000e+05       279284.800875           492500.0           800000.0  154.875000   49.849595     138.75     178.75         7       1         245000.0            307500.0       40.00         0.875000            87.500000
                                    Asian      Female     Hispanic or Latino          12    530000.000000    201246.117975        415000.0        557500.0                70.290667                21.714038                64.99975                 84.1150                 45.555556                  3.678013                      NaN                      NaN        8.033333e+05       291417.642610           620000.0           887500.0  153.916667   69.535417     106.00     177.25        11       1         142500.0            267500.0       71.25         0.916667            91.666667
                                    Asian      Female Not Hispanic or Latino         241    562883.817427    222315.660969        415000.0        725000.0                72.420419                19.094291                61.90000                 85.0000                 44.271739                  4.116084                      NaN                      NaN        8.351245e+05       416807.790762           565000.0           985000.0  215.178423  565.850891     113.00     213.00       223      18         310000.0            420000.0      100.00         0.925311            92.531120
                                    Asian        Male     Hispanic or Latino           5    383000.000000    126174.482365        355000.0        475000.0                84.640800                10.109470                75.00000                 92.1000                 43.800000                  3.962323                    41.00                    46.00        4.670000e+05       180194.339534           395000.0           585000.0  103.600000   27.079513     100.00     123.00         5       0         120000.0            190000.0       23.00         1.000000           100.000000
                                    Asian        Male Not Hispanic or Latino         370    630405.405405    226514.709880        477500.0        765000.0                74.361110                16.902560                67.11500                 84.9710                 43.920755                  3.991153                      NaN                      NaN        8.928108e+05       378316.506043           655000.0          1032500.0  198.964865  118.411397     133.50     247.50       357      13         287500.0            377500.0      114.00         0.964865            96.486486
                Black or African American      Female     Hispanic or Latino           2    480000.000000     21213.203436        472500.0        487500.0                84.950000                 7.000357                82.47500                 87.4250                 44.500000                  2.121320                    43.75                    45.25        5.650000e+05        70710.678119           540000.0           590000.0  115.500000   21.920310     107.75     123.25         2       0          15000.0             50000.0       15.50         1.000000           100.000000
                Black or African American      Female Not Hispanic or Latino          57    482719.298246    190169.262424        365000.0        615000.0                85.998807                12.728096                78.78000                 95.0000                 44.863636                  3.407181                      NaN                      NaN        6.167544e+05       274044.592350           495000.0           705000.0  154.157895   94.072690      96.00     177.00        50       7         250000.0            210000.0       81.00         0.877193            87.719298
                Black or African American        Male     Hispanic or Latino           2    685000.000000    155563.491861        630000.0        740000.0                94.990000                 7.085210                92.48500                 97.4950                 44.000000                       NaN                      NaN                      NaN        7.250000e+05       212132.034356           650000.0           800000.0  222.000000  145.663997     170.50     273.50         2       0         110000.0            150000.0      103.00         1.000000           100.000000
                Black or African American        Male Not Hispanic or Latino          34    525588.235294    249568.611766        375000.0        612500.0                83.463029                14.731452                80.00000                 94.0000                 44.136364                  4.345720                      NaN                      NaN        6.755882e+05       356956.335302           465000.0           762500.0  189.588235  143.237272     100.25     206.00        30       4         237500.0            297500.0      105.75         0.882353            88.235294
Native Hawaiian or Other Pacific Islander      Female Not Hispanic or Latino           5    413000.000000     70498.226928        395000.0        445000.0                83.800000                 8.497058                80.00000                 90.0000                 45.000000                  3.915780                      NaN                      NaN        4.950000e+05        85732.140997           465000.0           535000.0  113.600000   29.424480      95.00     131.00         4       1          50000.0             70000.0       36.00         0.800000            80.000000
Native Hawaiian or Other Pacific Islander        Male     Hispanic or Latino           1    495000.000000              NaN        495000.0        495000.0                90.000000                      NaN                90.00000                 90.0000                       NaN                       NaN                      NaN                      NaN        5.550000e+05                 NaN           555000.0           555000.0   84.000000         NaN      84.00      84.00         0       1              0.0                 0.0        0.00         0.000000             0.000000
Native Hawaiian or Other Pacific Islander        Male Not Hispanic or Latino           2    640000.000000    176776.695297        577500.0        702500.0                62.457000                23.929908                53.99650                 70.9175                 48.000000                       NaN                      NaN                      NaN        1.045000e+06       113137.084990          1005000.0          1085000.0  166.500000   16.263456     160.75     172.25         2       0         125000.0             80000.0       11.50         1.000000           100.000000
                                    White      Female     Hispanic or Latino         169    426715.976331    190762.916414        305000.0        525000.0                80.553716                19.300734                71.87500                 95.0000                 44.816794                  3.976472                      NaN                      NaN        5.635799e+05       260192.913454           385000.0           695000.0  136.556213  104.727302      85.00     150.00       151      18         220000.0            310000.0       65.00         0.893491            89.349112
                                    White      Female Not Hispanic or Latino         370    473081.081081    237154.184507        295000.0        625000.0                70.984981                19.696473                57.20425                 84.3910                 44.242424                  4.155936                      NaN                      NaN        7.093784e+05       396302.377736           435000.0           885000.0  167.043243  147.262052      90.00     195.00       349      21         330000.0            450000.0      105.00         0.943243            94.324324
                                    White        Male     Hispanic or Latino         263    463250.950570    194115.683590        320000.0        590000.0                83.952662                14.597297                80.00000                 95.0000                 44.413613                  3.886769                      NaN                      NaN        5.778897e+05       262970.434892           415000.0           695000.0  152.627376   97.416699      92.00     176.50       239      24         270000.0            280000.0       84.50         0.908745            90.874525
                                    White        Male Not Hispanic or Latino         434    531751.152074    259469.698687        345000.0        702500.0                74.192210                19.330817                65.00000                 89.9960                 43.518519                  4.158302                      NaN                      NaN        7.790092e+05       466948.780796           477500.0           965000.0  218.933180  227.073210     114.25     248.00       405      29         357500.0            487500.0      133.75         0.933180            93.317972