                             derived_race derived_sex      derived_ethnicity  total_apps  avg_loan_amount  std_loan_amount  Q1_loan_amount  Q3_loan_amount  avg_loan_to_value_ratio  std_loan_to_value_ratio  Q1_loan_to_value_ratio  Q3_loan_to_value_ratio  avg_debt_to_income_ratio  std_debt_to_income_ratio  Q1_debt_to_income_ratio  Q3_debt_to_income_ratio  avg_property_value  std_property_value  Q1_property_value  Q3_property_value  avg_income  std_income  Q1_income  Q3_income  accepted  denied  iqr_loan_amount  iqr_property_value  iqr_income  acceptance_rate  acceptance_rate_pct
                 2 or more minority races      Female Not Hispanic or Latino           6    501666.666667    269196.334794        327500.0        665000.0                84.000000                13.266499                72.75000                93.75000                 46.000000                  1.224745                      NaN                      NaN        6.133333e+05       316190.870625           407500.0           767500.0  145.666667   73.383013      98.00     158.75         5       1         337500.0            360000.0       60.75         0.833333            83.333333
                 2 or more minority races        Male     Hispanic or Latino           2    800000.000000    190918.830920        732500.0        867500.0                85.000000                 7.071068                82.50000                87.50000                 49.000000                       NaN                      NaN                      NaN        1.040000e+06       289913.780286           937500.0          1142500.0  370.000000  268.700577     275.00     465.00         2       0         135000.0            205000.0      190.00         1.000000           100.000000
                 2 or more minority races        Male Not Hispanic or Latino           1    695000.000000              NaN        695000.0        695000.0                95.000000                      NaN                95.00000                95.00000                       NaN                       NaN                      NaN                      NaN        7.350000e+05                 NaN           735000.0           735000.0  343.000000         NaN     343.00     343.00         1       0              0.0                 0.0        0.00         1.000000           100.000000
         American Indian or Alaska Native      Female     Hispanic or Latino           6    471666.666667    232780.296990        370000.0        655000.0                70.433833                32.755366                55.77750                95.00000                 43.500000                  2.081666                      NaN                      NaN        6.833333e+05       158166.578855           575000.0           760000.0  158.333333   74.543052     112.75     196.75         6       0         285000.0            185000.0       84.00         1.000000           100.000000
         American Indian or Alaska Native      Female Not Hispanic or Latino           2    570000.000000    148492.424049        517500.0        622500.0                81.809500                15.971421                76.16275                87.45625                 40.000000                       NaN                      NaN                      NaN        6.950000e+05        42426.406871           680000.0           710000.0  203.000000   16.970563     197.00     209.00         2       0         105000.0             30000.0       12.00         1.000000           100.000000
         American Indian or Alaska Native        Male     Hispanic or Latino           6    398333.333333    104626.319187        302500.0        490000.0                85.514500                 8.623843                80.00000                92.50000                 45.250000                  6.238322                      NaN                      NaN        4.616667e+05        82623.644719           390000.0           525000.0  173.666667  132.902471      85.00     179.25         5       1         187500.0            135000.0       94.25         0.833333            83.333333
         American Indian or Alaska Native        Male Not Hispanic or Latino           4    455000.000000    131402.688963        365000.0        560000.0                48.973000                32.592364                32.21200                53.81050                 43.666667                  4.725816                      NaN                      NaN        1.090000e+06       371797.435889           980000.0          1275000.0  106.000000   27.748874      85.00     124.50         3       1         195000.0            295000.0       39.50         0.750000            75.000000
                                    Asian      Female     Hispanic or Latino           7    652142.857143    144765.820749        565000.0        760000.0                89.142857                 6.067085                85.00000                95.00000                 46.571429                  3.505098                     46.5                    48.50        7.307143e+05       147179.838164           630000.0           845000.0  150.428571   34.150926     132.00     179.00         7       0         195000.0            215000.0       47.00         1.000000           100.000000
                                    Asian      Female Not Hispanic or Latino         233    560922.746781    228503.627541        415000.0        715000.0                72.686755                18.492725                63.61900                85.00000                 43.759777                  4.211188                      NaN                      NaN        8.409657e+05       480824.577864           565000.0          1025000.0  173.545064   89.992140     116.00     222.00       220      13         300000.0            460000.0      106.00         0.944206            94.420601
                                    Asian        Male     Hispanic or Latino           8    473750.000000    143769.408628        372500.0        590000.0                82.247000                12.468702                77.50000                90.00000                 41.125000                  3.681518                     38.5                    43.25        5.750000e+05       132341.549463           505000.0           672500.0  161.125000   72.094061     114.00     193.25         7       1         217500.0            167500.0       79.25         0.875000            87.500000
                                    Asian        Male Not Hispanic or Latino         380    612131.578947    233588.352153        452500.0        765000.0                73.091761                18.001342                65.14250                85.00000                 44.052083                  4.034787                      NaN                      NaN        8.887368e+05       403973.318969           625000.0          1077500.0  201.226316  130.367843     129.00     240.50       357      23         312500.0            452500.0      111.50         0.939474            93.947368
                Black or African American      Female     Hispanic or Latino           5    431000.000000    177566.888805        285000.0        495000.0                72.772400                33.861880                70.00000                95.00000                 43.200000                  3.834058                     42.0                    46.00        8.550000e+05       447828.092017           615000.0           995000.0  139.000000   64.148266     100.00     162.00         5       0         210000.0            380000.0       62.00         1.000000           100.000000
                Black or African American      Female Not Hispanic or Latino          43    536162.790698    216137.184196        360000.0        645000.0                83.901953                14.571441                80.00000                95.00000                 43.416667                  4.251890                      NaN                      NaN        6.522093e+05       220727.429212           510000.0           785000.0  154.744186   72.210042     108.50     170.00        39       4         285000.0            275000.0       61.50         0.906977            90.697674
                Black or African American        Male     Hispanic or Latino           3    575000.000000    283548.937575        465000.0        735000.0                83.201000                12.509524                76.30150                88.50000                 44.666667                  3.214550                     43.5                    46.50        7.350000e+05       425793.377121           555000.0           970000.0  186.333333  128.585899     115.50     241.00         2       1         270000.0            415000.0      125.50         0.666667            66.666667
                Black or African American        Male Not Hispanic or Latino          32    481562.500000    171851.574650        402500.0        620000.0                85.312844                18.764322                80.00000                95.50000                 44.631579                  4.462318                      NaN                      NaN        5.793750e+05       162994.903938           462500.0           715000.0  177.156250  142.100852     105.50     169.25        31       1         217500.0            252500.0       63.75         0.968750            96.875000
Native Hawaiian or Other Pacific Islander      Female     Hispanic or Latino           1    455000.000000              NaN        455000.0        455000.0                80.000000                      NaN                80.00000                80.00000                 48.000000                       NaN                     48.0                    48.00        5.650000e+05                 NaN           565000.0           565000.0   93.000000         NaN      93.00      93.00         1       0              0.0                 0.0        0.00         1.000000           100.000000
Native Hawaiian or Other Pacific Islander      Female Not Hispanic or Latino           1    465000.000000              NaN        465000.0        465000.0                82.163000                      NaN                82.16300                82.16300                       NaN                       NaN                      NaN                      NaN        5.650000e+05                 NaN           565000.0           565000.0  160.000000         NaN     160.00     160.00         1       0              0.0                 0.0        0.00         1.000000           100.000000
Native Hawaiian or Other Pacific Islander        Male Not Hispanic or Latino           1    765000.000000              NaN        765000.0        765000.0                92.355000                      NaN                92.35500                92.35500                 41.000000                       NaN                     41.0                    41.00        8.350000e+05                 NaN           835000.0           835000.0  252.000000         NaN     252.00     252.00         1       0              0.0                 0.0        0.00         1.000000           100.000000
                                    White      Female     Hispanic or Latino         155    424806.451613    194977.424493        280000.0        525000.0                78.867335                18.221788                70.14500                95.00000                 44.241667                  3.764040                      NaN                      NaN        5.670000e+05       259453.471544           405000.0           705000.0  138.832258  110.494216      86.00     159.50       138      17         245000.0            300000.0       73.50         0.890323            89.032258
                                    White      Female Not Hispanic or Latino         343    493600.583090    246189.250410        325000.0        635000.0                70.614014                21.310684                56.67100                85.90950                 43.742489                  3.976520                      NaN                      NaN        7.561079e+05       450540.218326           455000.0           945000.0  167.271137  110.822784      97.50     204.00       319      24         310000.0            490000.0      106.50         0.930029            93.002915
                                    White        Male     Hispanic or Latino         296    465777.027027    215498.800844        325000.0        595000.0                82.314314                15.763253                79.99400                95.00000                 44.718447                  3.776480                      NaN                      NaN        5.829392e+05       273766.217880           395000.0           737500.0  171.726351  258.111031      81.75     187.00       263      33         270000.0            342500.0      105.25         0.888514            88.851351
                                    White        Male Not Hispanic or Latino         465    539752.688172    252084.399177        345000.0        735000.0                73.892280                19.452066                62.26000                89.90000                 43.503356                  3.972336                      NaN                      NaN        7.793441e+05       417007.568737           485000.0           975000.0  217.556989  221.818876     113.00     252.00       432      33         390000.0            490000.0      139.00         0.929032            92.903226