                             derived_race derived_sex      derived_ethnicity  total_apps  avg_loan_amount  std_loan_amount  Q1_loan_amount  Q3_loan_amount  avg_loan_to_value_ratio  std_loan_to_value_ratio  Q1_loan_to_value_ratio  Q3_loan_to_value_ratio  avg_debt_to_income_ratio  std_debt_to_income_ratio  Q1_debt_to_income_ratio  Q3_debt_to_income_ratio  avg_property_value  std_property_value  Q1_property_value  Q3_property_value  avg_income  std_income  Q1_income  Q3_income  accepted  denied  iqr_loan_amount  iqr_property_value  iqr_income  acceptance_rate  acceptance_rate_pct
                 2 or more minority races      Female Not Hispanic or Latino           5    477000.000000    156907.616131        375000.0        515000.0                78.545400                15.958522                64.89200                93.00600                 44.500000                  6.363961                      NaN                      NaN       607000.000000       163462.533934           465000.0           765000.0  119.200000   99.328747      89.00     121.00         3       2         140000.0            300000.0       32.00         0.600000            60.000000
                 2 or more minority races        Male Not Hispanic or Latino           5    597000.000000    216725.633002        505000.0        575000.0                84.800000                15.514509                80.00000                97.00000                 41.250000                  2.986079                      NaN                      NaN       737000.000000       318700.486350           525000.0           905000.0  177.000000  100.112437     129.00     157.00         5       0          70000.0            380000.0       28.00         1.000000           100.000000
         American Indian or Alaska Native      Female     Hispanic or Latino           3    378333.333333     98657.657246        345000.0        435000.0                86.633333                11.489270                80.00000                89.95000                 49.000000                       NaN                      NaN                      NaN       445000.000000       110000.000000           390000.0           500000.0  168.333333   81.818906     124.50     205.50         3       0          90000.0            110000.0       81.00         1.000000           100.000000
         American Indian or Alaska Native      Female Not Hispanic or Latino           5    321000.000000    128569.047597        205000.0        405000.0                76.332000                26.385623                75.00000                95.00000                 43.750000                  5.315073                      NaN                      NaN       517000.000000       410572.770651           275000.0           505000.0  158.400000  188.924059      41.00     125.00         5       0         200000.0            230000.0       84.00         1.000000           100.000000
         American Indian or Alaska Native        Male     Hispanic or Latino          10    582000.000000    269734.437302        365000.0        727500.0                79.262400                19.205212                77.52800                92.55500                 43.000000                  4.396969                      NaN                      NaN       730000.000000       298188.978111           550000.0           842500.0  198.800000  116.287766     119.75     241.75         9       1         362500.0            292500.0      122.00         0.900000            90.000000
         American Indian or Alaska Native        Male Not Hispanic or Latino           8    523750.000000    170749.398660        447500.0        680000.0                90.947000                 7.455647                90.68825                95.00000                 45.400000                  3.361547                      NaN                      NaN       631250.000000       226270.224037           565000.0           722500.0  165.625000   65.720050     133.50     207.75         8       0         232500.0            157500.0       74.25         1.000000           100.000000
                                    Asian      Female     Hispanic or Latino           6    498333.333333    342442.209236        297500.0        537500.0                65.803833                19.774454                52.13075                78.99500                 43.500000                  5.507571                      NaN                      NaN       776666.666667       458101.153313           417500.0          1010000.0  320.000000  418.042103      77.50     338.25         5       1         240000.0            592500.0      260.75         0.833333            83.333333
                                    Asian      Female Not Hispanic or Latino         210    564666.666667    225047.328001        415000.0        695000.0                71.693724                18.174548                60.00000                80.00000                 43.544218                  4.474021                      NaN                      NaN       830476.190476       358887.184770           585000.0           972500.0  199.038095  173.838644     127.00     228.00       196      14         280000.0            387500.0      101.00         0.933333            93.333333
                                    Asian        Male     Hispanic or Latino          12    479166.666667    200610.809703        387500.0        607500.0                79.292667                18.812640                80.00000                91.36325                 44.300000                  3.465705                      NaN                      NaN       591666.666667       218729.111557           482500.0           727500.0  140.250000   44.107565     108.00     151.75        10       2         220000.0            245000.0       43.75         0.833333            83.333333
                                    Asian        Male Not Hispanic or Latino         416    614134.615385    253048.347500        425000.0        765000.0                72.524925                18.301493                64.91650                80.00000                 43.835616                  3.995749                      NaN                      NaN       893774.038462       412210.248026           605000.0          1137500.0  193.052885  115.930836     119.00     229.50       382      34         340000.0            532500.0      110.50         0.918269            91.826923
                Black or African American      Female Not Hispanic or Latino          38    525263.157895    208592.280986        377500.0        687500.0                84.583447                17.339637                80.00000                95.00000                 44.346154                  3.687192                      NaN                      NaN       645789.473684       271526.033583           475000.0           742500.0  176.210526  110.704417     110.75     198.75        36       2         310000.0            267500.0       88.00         0.947368            94.736842
                Black or African American        Male     Hispanic or Latino           5    347000.000000    221178.660815        215000.0        485000.0                72.913600                35.690297                80.00000                90.00000                 44.000000                  4.690416                      NaN                      NaN       535000.000000       247487.373415           375000.0           745000.0   91.000000   38.710464      63.00     106.00         5       0         270000.0            370000.0       43.00         1.000000           100.000000
                Black or African American        Male Not Hispanic or Latino          47    583085.106383    208103.635322        445000.0        700000.0                79.240453                18.382118                65.06000                92.27050                 43.342857                  4.405497                      NaN                      NaN       805212.765957       420033.587486           570000.0           905000.0  192.829787  103.882944     123.50     246.00        41       6         255000.0            335000.0      122.50         0.872340            87.234043
Native Hawaiian or Other Pacific Islander      Female     Hispanic or Latino           3    328333.333333    115902.257671        275000.0        390000.0                82.826000                13.187111                75.23900                87.17000                 48.000000                       NaN                      NaN                      NaN       405000.000000       163707.055437           315000.0           475000.0   73.000000   39.509493      58.50      95.50         1       2         115000.0            160000.0       37.00         0.333333            33.333333
Native Hawaiian or Other Pacific Islander        Male     Hispanic or Latino           1    655000.000000              NaN        655000.0        655000.0                73.056000                      NaN                73.05600                73.05600                 46.000000                       NaN                     46.0                     46.0       905000.000000                 NaN           905000.0           905000.0  149.000000         NaN     149.00     149.00         1       0              0.0                 0.0        0.00         1.000000           100.000000
Native Hawaiian or Other Pacific Islander        Male Not Hispanic or Latino           1    225000.000000              NaN        225000.0        225000.0                96.000000                      NaN                96.00000                96.00000                 37.000000                       NaN                     37.0                     37.0       235000.000000                 NaN           235000.0           235000.0   56.000000         NaN      56.00      56.00         1       0              0.0                 0.0        0.00         1.000000           100.000000
                                    White      Female     Hispanic or Latino         148    448243.243243    179894.966393        332500.0        565000.0                80.107189                17.519210                74.72825                95.00000                 44.062992                  4.050765                      NaN                      NaN       585405.405405       242192.025850           430000.0           695000.0  139.074324  100.252341      87.00     162.00       138      10         232500.0            265000.0       75.00         0.932432            93.243243
                                    White      Female Not Hispanic or Latino         347    446930.835735    220642.822947        285000.0        585000.0                70.668781                21.488915                54.28800                89.97750                 44.147059                  4.004140                      NaN                      NaN       674538.904899       357082.454431           455000.0           845000.0  163.832853  228.056632      93.50     182.50       315      32         300000.0            390000.0       89.00         0.907781            90.778098
                                    White        Male     Hispanic or Latino         298    461845.637584    201471.312838        315000.0        605000.0                82.526091                16.073890                76.61900                95.00000                 44.367713                  3.853072                      NaN                      NaN       574429.530201       247610.826257           385000.0           725000.0  150.197987  112.926264      84.25     173.75       271      27         290000.0            340000.0       89.50         0.909396            90.939597
                                    White        Male Not Hispanic or Latino         432    538773.148148    249769.033766        342500.0        717500.0                73.067863                19.220592                63.74000                84.99250                 43.510563                  4.325521                      NaN                      NaN       789884.259259       441808.123655           515000.0           955000.0  218.745370  296.229390     109.00     235.00       406      26         375000.0            440000.0      126.00         0.939815            93.981481