                             derived_race derived_sex      derived_ethnicity  total_apps  avg_loan_amount  std_loan_amount  Q1_loan_amount  Q3_loan_amount  avg_loan_to_value_ratio  std_loan_to_value_ratio  Q1_loan_to_value_ratio  Q3_loan_to_value_ratio  avg_debt_to_income_ratio  std_debt_to_income_ratio  Q1_debt_to_income_ratio  Q3_debt_to_income_ratio  avg_property_value  std_property_value  Q1_property_value  Q3_property_value  avg_income  std_income  Q1_income  Q3_income  accepted  denied  iqr_loan_amount  iqr_property_value  iqr_income  acceptance_rate  acceptance_rate_pct
                 2 or more minority races      Female Not Hispanic or Latino           1    485000.000000              NaN        485000.0        485000.0                95.000000                      NaN                95.00000                95.00000                 43.000000                       NaN                    43.00                    43.00        5.050000e+05                 NaN           505000.0           505000.0  137.000000         NaN     137.00     137.00         0       1              0.0                 0.0        0.00         0.000000             0.000000
                 2 or more minority races        Male     Hispanic or Latino           2    285000.000000    254558.441227        195000.0        375000.0                90.000000                 7.071068                87.50000                92.50000                 42.500000                  6.363961                    40.25                    44.75        3.250000e+05        3.111270e+05           215000.0           435000.0   67.000000   50.911688      49.00      85.00         2       0         180000.0            220000.0       36.00         1.000000           100.000000
                 2 or more minority races        Male Not Hispanic or Latino           2    580000.000000    106066.017178        542500.0        617500.0                46.536000                47.325243                29.80400                63.26800                       NaN                       NaN                      NaN                      NaN        2.320000e+06        2.128391e+06          1567500.0          3072500.0  684.000000  425.678282     533.50     834.50         2       0          75000.0           1505000.0      301.00         1.000000           100.000000
         American Indian or Alaska Native      Female     Hispanic or Latino          11    577727.272727    244298.625010        410000.0        660000.0                80.243182                23.460614                78.87600                95.00000                 46.000000                  3.651484                      NaN                      NaN        7.622727e+05        3.016319e+05           655000.0           790000.0  147.181818   65.493234     111.00     179.00        11       0         250000.0            135000.0       68.00         1.000000           100.000000
         American Indian or Alaska Native      Female Not Hispanic or Latino           1    105000.000000              NaN        105000.0        105000.0                62.500000                      NaN                62.50000                62.50000                       NaN                       NaN                      NaN                      NaN        1.650000e+05                 NaN           165000.0           165000.0   81.000000         NaN      81.00      81.00         1       0              0.0                 0.0        0.00         1.000000           100.000000
         American Indian or Alaska Native        Male     Hispanic or Latino           9    451666.666667    155161.206492        335000.0        555000.0                80.662111                16.039412                80.00000                92.19000                 43.500000                  4.509250                      NaN                      NaN        5.850000e+05        2.275961e+05           505000.0           705000.0  155.111111   68.648460     114.00     189.00         8       1         220000.0            200000.0       75.00         0.888889            88.888889
         American Indian or Alaska Native        Male Not Hispanic or Latino           3    411666.666667    245831.920900        270000.0        490000.0                82.035333                 8.243649                77.50000                85.55300                 44.000000                  5.656854                      NaN                      NaN        4.883333e+05        2.396525e+05           350000.0           560000.0  120.666667   88.861315      69.50     149.50         3       0         220000.0            210000.0       80.00         1.000000           100.000000
                                    Asian      Female     Hispanic or Latino           1      5000.000000              NaN          5000.0          5000.0               113.662000                      NaN               113.66200               113.66200                       NaN                       NaN                      NaN                      NaN        5.000000e+03                 NaN             5000.0             5000.0   65.000000         NaN      65.00      65.00         0       1              0.0                 0.0        0.00         0.000000             0.000000
                                    Asian      Female Not Hispanic or Latino         250    564320.000000    223538.397733        415000.0        702500.0                73.030044                18.656038                64.97150                85.00000                 43.810056                  3.900117                      NaN                      NaN        8.180400e+05        3.763900e+05           595000.0           912500.0  174.628000   93.935088     113.00     216.75       228      22         287500.0            317500.0      103.75         0.912000            91.200000
                                    Asian        Male     Hispanic or Latino           5    579000.000000    379644.570618        365000.0        945000.0                85.400000                 9.914636                80.00000                95.00000                 44.333333                  1.527525                      NaN                      NaN        7.170000e+05        5.112436e+05           385000.0          1255000.0  150.400000   81.659660      85.00     220.00         4       1         580000.0            870000.0      135.00         0.800000            80.000000
                                    Asian        Male Not Hispanic or Latino         347    630187.319885    233497.303671        475000.0        775000.0                73.030634                16.090986                64.00000                80.00000                 43.398374                  4.162495                      NaN                      NaN        9.174784e+05        4.471020e+05           635000.0          1105000.0  248.691643  729.156140     132.00     254.00       327      20         300000.0            470000.0      122.00         0.942363            94.236311
                Black or African American      Female     Hispanic or Latino           3    791666.666667    378725.934329        580000.0        945000.0                86.666667                10.408330                82.50000                92.50000                 47.500000                  2.121320                      NaN                      NaN        9.216667e+05        4.206344e+05           705000.0          1125000.0  471.333333  485.794538     193.50     643.50         3       0         365000.0            420000.0      450.00         1.000000           100.000000
                Black or African American      Female Not Hispanic or Latino          40    514000.000000    218535.920887        345000.0        682500.0                82.655075                18.889133                79.16375                95.00000                 43.935484                  4.905341                      NaN                      NaN        6.435000e+05        2.239110e+05           455000.0           795000.0  161.025000  104.420130      95.00     188.00        35       5         337500.0            340000.0       93.00         0.875000            87.500000
                Black or African American        Male     Hispanic or Latino           7    453571.428571    260155.631077        275000.0        605000.0                93.065714                 7.171952                90.00000                98.50000                 45.714286                  2.927700                    44.00                    48.00        5.235714e+05        2.993008e+05           290000.0           710000.0  137.142857  108.410376      77.00     164.00         5       2         330000.0            420000.0       87.00         0.714286            71.428571
                Black or African American        Male Not Hispanic or Latino          29    546379.310345    274808.038689        365000.0        675000.0                85.281621                12.805510                80.00000                95.00000                 42.583333                  3.866429                      NaN                      NaN        7.005172e+05        4.424412e+05           435000.0           795000.0  170.827586  119.724705     100.00     183.00        20       9         310000.0            360000.0       83.00         0.689655            68.965517
Native Hawaiian or Other Pacific Islander      Female Not Hispanic or Latino           4    402500.000000    207906.228863        312500.0        460000.0                71.749750                13.375768                69.25000                79.99925                 44.500000                  3.535534                      NaN                      NaN        5.700000e+05        2.629956e+05           445000.0           720000.0  156.500000   93.100304     107.50     161.00         4       0         147500.0            275000.0       53.50         1.000000           100.000000
Native Hawaiian or Other Pacific Islander        Male     Hispanic or Latino           3    541666.666667    352183.664206        340000.0        665000.0                94.000000                 3.605551                92.50000                96.00000                 46.000000                  2.828427                      NaN                      NaN        5.883333e+05        4.072264e+05           355000.0           730000.0  136.666667   95.212044      82.00     169.00         2       1         325000.0            375000.0       87.00         0.666667            66.666667
Native Hawaiian or Other Pacific Islander        Male Not Hispanic or Latino          10    401000.000000    193631.953286        255000.0        540000.0                81.461000                18.374097                80.00000                90.00000                 39.285714                  3.147183                      NaN                      NaN        5.000000e+05        2.119879e+05           340000.0           672500.0  170.300000  110.620523     109.50     189.50        10       0         285000.0            332500.0       80.00         1.000000           100.000000
                                    White      Female     Hispanic or Latino         168    440000.000000    197040.984824        305000.0        545000.0                81.459751                17.376804                75.00000                95.00000                 44.322835                  3.935758                      NaN                      NaN        5.569643e+05        2.425816e+05           395000.0           675000.0  160.077381  250.427610      81.75     156.50       154      14         240000.0            280000.0       74.75         0.916667            91.666667
                                    White      Female Not Hispanic or Latino         373    477761.394102    241588.914619        305000.0        625000.0                68.955804                21.046313                54.37300                83.71600                 44.080153                  4.107426                      NaN                      NaN        7.248928e+05        3.589044e+05           475000.0           895000.0  166.131367  100.919596      98.00     209.00       346      27         320000.0            420000.0      111.00         0.927614            92.761394
                                    White        Male     Hispanic or Latino         302    464801.324503    215037.569764        315000.0        622500.0                84.323616                15.181299                80.00000                95.00000                 44.322870                  4.240917                      NaN                      NaN        5.766887e+05        2.654842e+05           395000.0           735000.0  141.804636  108.362065      83.00     161.00       266      36         307500.0            340000.0       78.00         0.880795            88.079470
                                    White        Male Not Hispanic or Latino         429    550687.645688    254304.632541        365000.0        725000.0                74.268534                19.310442                65.28500                89.99000                 43.270463                  3.981854                      NaN                      NaN        8.016434e+05        5.098684e+05           515000.0           965000.0  245.629371  632.599769     122.00     249.00       405      24         360000.0            450000.0      127.00         0.944056            94.405594