                             derived_race derived_sex      derived_ethnicity  total_apps  avg_loan_amount  std_loan_amount  Q1_loan_amount  Q3_loan_amount  avg_loan_to_value_ratio  std_loan_to_value_ratio  Q1_loan_to_value_ratio  Q3_loan_to_value_ratio  avg_debt_to_income_ratio  std_debt_to_income_ratio  Q1_debt_to_income_ratio  Q3_debt_to_income_ratio  avg_property_value  std_property_value  Q1_property_value  Q3_property_value  avg_income  std_income  Q1_income  Q3_income  accepted  denied  iqr_loan_amount  iqr_property_value  iqr_income  acceptance_rate  acceptance_rate_pct
                 2 or more minority races      Female Not Hispanic or Latino           2    780000.000000    360624.458405        652500.0        907500.0                82.500000                 3.535534                81.25000                83.75000                 43.000000                  1.414214                     42.5                     43.5        9.550000e+05       480832.611207           785000.0          1125000.0  353.500000  197.282792     283.75     423.25         2       0         255000.0            340000.0      139.50         1.000000           100.000000
                 2 or more minority races        Male     Hispanic or Latino           1    465000.000000              NaN        465000.0        465000.0                85.000000                      NaN                85.00000                85.00000                 47.000000                       NaN                     47.0                     47.0        5.450000e+05                 NaN           545000.0           545000.0  103.000000         NaN     103.00     103.00         1       0              0.0                 0.0        0.00         1.000000           100.000000
                 2 or more minority races        Male Not Hispanic or Latino           1    885000.000000              NaN        885000.0        885000.0                80.000000                      NaN                80.00000                80.00000                 42.000000                       NaN                     42.0                     42.0        1.105000e+06                 NaN          1105000.0          1105000.0  205.000000         NaN     205.00     205.00         1       0              0.0                 0.0        0.00         1.000000           100.000000
         American Indian or Alaska Native      Female     Hispanic or Latino           4    467500.000000    136961.065027        402500.0        530000.0                81.250000                11.926860                77.00000                84.25000                 46.000000                  2.645751                      NaN                      NaN        5.900000e+05       241177.666185           472500.0           642500.0  165.000000   80.461171     109.25     209.75         4       0         127500.0            170000.0      100.50         1.000000           100.000000
         American Indian or Alaska Native      Female Not Hispanic or Latino           6    395000.000000    133865.604245        317500.0        475000.0                82.529500                12.508344                80.00000                89.33675                 40.000000                  5.291503                      NaN                      NaN        4.983333e+05       188007.092065           392500.0           617500.0  119.500000   33.673432     101.25     145.75         6       0         157500.0            225000.0       44.50         1.000000           100.000000
         American Indian or Alaska Native        Male     Hispanic or Latino          13    392692.307692    206282.728561        235000.0        505000.0                80.332923                19.423861                80.00000                92.83200                 39.750000                  6.238322                      NaN                      NaN        4.926923e+05       231810.046020           305000.0           625000.0  139.615385  111.458915      72.00     191.00         9       4         270000.0            320000.0      119.00         0.692308            69.230769
         American Indian or Alaska Native        Male Not Hispanic or Latino           3    581666.666667    289885.034683        420000.0        700000.0                88.638333                11.034886                84.45750                94.89200                 41.000000                  5.656854                      NaN                      NaN        6.483333e+05       284487.843911           485000.0           745000.0  205.333333  110.459646     156.00     265.00         2       1         280000.0            260000.0      109.00         0.666667            66.666667
                                    Asian      Female     Hispanic or Latino           5    599000.000000    243063.777639        535000.0        715000.0                74.246600                30.569806                80.00000                95.00000                 41.500000                  3.535534                      NaN                      NaN        8.690000e+05       271164.156923           665000.0          1145000.0  201.200000  108.582687     129.00     229.00         5       0         180000.0            480000.0      100.00         1.000000           100.000000
                                    Asian      Female Not Hispanic or Latino         226    568805.309735    238961.897787        407500.0        715000.0                74.155549                17.077908                64.82000                80.00000                 43.874286                  3.817108                      NaN                      NaN        8.024779e+05       357373.520062           557500.0           962500.0  178.588496  104.191975     115.00     217.75       211      15         307500.0            405000.0      102.75         0.933628            93.362832
                                    Asian        Male     Hispanic or Latino           7    516428.571429    257256.588606        370000.0        560000.0                70.489000                13.297448                62.21650                72.50000                 45.000000                  4.062019                      NaN                      NaN        7.550000e+05       379209.704517           555000.0           830000.0  145.000000  100.785250      98.50     154.00         6       1         190000.0            275000.0       55.50         0.857143            85.714286
                                    Asian        Male Not Hispanic or Latino         373    636554.959786    243242.534190        465000.0        795000.0                73.816450                16.966366                66.66700                82.79000                 43.903475                  3.953502                      NaN                      NaN        9.054290e+05       411570.985030           635000.0          1095000.0  205.319035  119.986212     130.00     240.00       343      30         330000.0            460000.0      110.00         0.919571            91.957105
                Black or African American      Female     Hispanic or Latino           4    605000.000000    166933.120341        495000.0        695000.0                87.350250                10.654323                85.40925                93.30800                 46.333333                  3.055050                      NaN                      NaN        6.875000e+05       138172.597380           592500.0           760000.0  240.000000  126.007936     157.25     320.25         4       0         200000.0            167500.0      163.00         1.000000           100.000000
                Black or African American      Female Not Hispanic or Latino          45    452111.111111    235397.364454        245000.0        625000.0                85.566200                16.659917                80.00000                97.00000                 43.766667                  3.865705                      NaN                      NaN        5.792222e+05       277369.862105           385000.0           765000.0  142.711111   80.920450      84.00     176.00        34      11         380000.0            380000.0       92.00         0.755556            75.555556
                Black or African American        Male     Hispanic or Latino           4    457500.000000     20615.528128        450000.0        462500.0                81.818000                17.826399                74.31800                95.00000                 47.000000                       NaN                      NaN                      NaN        5.875000e+05       174427.635425           482500.0           620000.0  180.750000   65.611864     149.75     201.00         4       0          12500.0            137500.0       51.25         1.000000           100.000000
                Black or African American        Male Not Hispanic or Latino          32    488125.000000    188481.837920        352500.0        675000.0                84.117500                19.433642                80.00000                95.50000                 46.454545                  3.262007                      NaN                      NaN        5.968750e+05       163617.127820           445000.0           720000.0  125.843750   55.290499      71.25     165.75        25       7         322500.0            275000.0       94.50         0.781250            78.125000
Native Hawaiian or Other Pacific Islander      Female Not Hispanic or Latino           1    285000.000000              NaN        285000.0        285000.0                93.330000                      NaN                93.33000                93.33000                       NaN                       NaN                      NaN                      NaN        3.050000e+05                 NaN           305000.0           305000.0   69.000000         NaN      69.00      69.00         0       1              0.0                 0.0        0.00         0.000000             0.000000
Native Hawaiian or Other Pacific Islander        Male     Hispanic or Latino           2    320000.000000    219203.102168        242500.0        397500.0                43.453500                19.157644                36.68025                50.22675                 43.000000                       NaN                      NaN                      NaN        6.800000e+05       205060.966544           607500.0           752500.0  320.000000  393.151370     181.00     459.00         1       1         155000.0            145000.0      278.00         0.500000            50.000000
Native Hawaiian or Other Pacific Islander        Male Not Hispanic or Latino           1    465000.000000              NaN        465000.0        465000.0                72.609000                      NaN                72.60900                72.60900                 46.000000                       NaN                     46.0                     46.0        6.350000e+05                 NaN           635000.0           635000.0  185.000000         NaN     185.00     185.00         1       0              0.0                 0.0        0.00         1.000000           100.000000
                                    White      Female     Hispanic or Latino         184    424456.521739    195908.220568        305000.0        535000.0                81.077047                18.002366                75.00000                95.00000                 44.641379                  3.934668                      NaN                      NaN        5.579891e+05       244176.501358           385000.0           717500.0  130.907609   92.518302      81.75     153.25       164      20         230000.0            332500.0       71.50         0.891304            89.130435
                                    White      Female Not Hispanic or Latino         341    476290.322581    241372.498665        305000.0        635000.0                71.061279                19.982423                57.38800                85.00000                 43.614108                  3.985971                      NaN                      NaN        7.167595e+05       394166.075336           445000.0           905000.0  166.551320  122.754350      93.00     192.00       320      21         330000.0            460000.0       99.00         0.938416            93.841642
                                    White        Male     Hispanic or Latino         276    483224.637681    219904.359975        335000.0        615000.0                84.349605                14.582967                80.00000                95.00000                 43.700000                  4.039422                      NaN                      NaN        5.981884e+05       302460.180417           395000.0           757500.0  171.130435  154.774408      91.00     199.25       246      30         280000.0            362500.0      108.25         0.891304            89.130435
                                    White        Male Not Hispanic or Latino         469    535746.268657    244680.319983        355000.0        715000.0                74.598339                18.614627                68.84900                87.61900                 43.369492                  4.101072                      NaN                      NaN        7.699893e+05       454910.822825           475000.0           955000.0  202.746269  154.806529     113.00     230.00       449      20         360000.0            480000.0      117.00         0.957356            95.735608