                             derived_race derived_sex      derived_ethnicity  total_apps  avg_loan_amount  std_loan_amount  Q1_loan_amount  Q3_loan_amount  avg_loan_to_value_ratio  std_loan_to_value_ratio  Q1_loan_to_value_ratio  Q3_loan_to_value_ratio  avg_debt_to_income_ratio  std_debt_to_income_ratio  Q1_debt_to_income_ratio  Q3_debt_to_income_ratio  avg_property_value  std_property_value  Q1_property_value  Q3_property_value  avg_income  std_income  Q1_income  Q3_income  accepted  denied  iqr_loan_amount  iqr_property_value  iqr_income  acceptance_rate  acceptance_rate_pct
                 2 or more minority races      Female     Hispanic or Latino           2    525000.000000    127279.220614        480000.0        570000.0                72.177000                11.063393                68.26550                 76.0885                 42.000000                       NaN                      NaN                      NaN       715000.000000        70710.678119           690000.0           740000.0  134.500000   12.020815     130.25     138.75         2       0          90000.0             50000.0        8.50         1.000000           100.000000
                 2 or more minority races      Female Not Hispanic or Latino           5    591000.000000    119707.978013        505000.0        715000.0                88.941200                 7.650600                81.20000                 95.0000                 45.666667                  1.154701                      NaN                      NaN       781000.000000       245621.660283           675000.0           775000.0  178.200000   43.072033     160.00     184.00         4       1         210000.0            100000.0       24.00         0.800000            80.000000
                 2 or more minority races        Male Not Hispanic or Latino           2    290000.000000    205060.966544        217500.0        362500.0                87.500000                10.606602                83.75000                 91.2500                 38.000000                  2.828427                    37.00                     39.0       340000.000000       176776.695297           277500.0           402500.0   85.000000   59.396970      64.00     106.00         2       0         145000.0            125000.0       42.00         1.000000           100.000000
         American Indian or Alaska Native      Female     Hispanic or Latino           3    391666.666667    102143.689640        355000.0        450000.0                83.103333                21.749989                76.50000                 95.6550                 48.000000                       NaN                      NaN                      NaN       471666.666667        15275.252317           465000.0           480000.0  134.666667   39.310728     112.00     147.00         3       0          95000.0             15000.0       35.00         1.000000           100.000000
         American Indian or Alaska Native      Female Not Hispanic or Latino           1    435000.000000              NaN        435000.0        435000.0                95.000000                      NaN                95.00000                 95.0000                 45.000000                       NaN                    45.00                     45.0       465000.000000                 NaN           465000.0           465000.0  232.000000         NaN     232.00     232.00         1       0              0.0                 0.0        0.00         1.000000           100.000000
         American Indian or Alaska Native        Male     Hispanic or Latino          13    432692.307692    122824.661351        425000.0        485000.0                84.547462                28.062330                80.00000                 95.0000                 44.666667                  1.751190                      NaN                      NaN       539615.384615       199148.829799           465000.0           565000.0  192.615385  162.847853      99.00     191.00        12       1          60000.0            100000.0       92.00         0.923077            92.307692
         American Indian or Alaska Native        Male Not Hispanic or Latino           7    502142.857143    319516.003027        295000.0        650000.0                75.957143                17.278628                65.99000                 86.3600                 45.000000                  2.828427                      NaN                      NaN       709285.714286       535377.036703           365000.0           805000.0  201.714286  174.176840      96.00     243.00         7       0         355000.0            440000.0      147.00         1.000000           100.000000
                                    Asian      Female     Hispanic or Latino           6    503333.333333    130907.091736        435000.0        517500.0                83.333333                 8.164966                76.25000                 88.7500                 46.833333                  2.136976                    46.25                     48.0       600000.000000       121942.609452           510000.0           645000.0  136.000000   29.631065     120.25     160.00         6       0          82500.0            135000.0       39.75         1.000000           100.000000
                                    Asian      Female Not Hispanic or Latino         231    577554.112554    229197.020559        420000.0        705000.0                71.377831                18.008991                60.00000                 80.0000                 43.570588                  3.876536                      NaN                      NaN       868030.303030       462667.496288           575000.0          1000000.0  196.238095  150.152675     121.00     231.00       215      16         285000.0            425000.0      110.00         0.930736            93.073593
                                    Asian        Male     Hispanic or Latino           9    430555.555556    178473.465192        275000.0        555000.0                80.186000                20.895107                80.00000                 90.0000                 44.142857                  4.634241                      NaN                      NaN       631666.666667       225222.112591           475000.0           755000.0  154.333333   52.325902     140.00     167.00         8       1         280000.0            280000.0       27.00         0.888889            88.888889
                                    Asian        Male Not Hispanic or Latino         381    633241.469816    241689.893659        435000.0        765000.0                73.033703                16.662543                65.54600                 80.0000                 43.776952                  4.157630                      NaN                      NaN       902060.367454       378508.525982           635000.0          1085000.0  199.910761   94.746517     131.00     250.00       357      24         330000.0            450000.0      119.00         0.937008            93.700787
                Black or African American      Female     Hispanic or Latino           1    425000.000000              NaN        425000.0        425000.0               102.000000                      NaN               102.00000                102.0000                 40.000000                       NaN                    40.00                     40.0       845000.000000                 NaN           845000.0           845000.0  138.000000         NaN     138.00     138.00         1       0              0.0                 0.0        0.00         1.000000           100.000000
                Black or African American      Female Not Hispanic or Latino          54    493148.148148    217369.124138        330000.0        652500.0                82.915981                19.959661                78.18350                 95.0000                 44.095238                  4.235791                      NaN                      NaN       635555.555556       262968.659203           452500.0           777500.0  149.111111   69.110430      90.50     187.00        48       6         322500.0            325000.0       96.50         0.888889            88.888889
                Black or African American        Male     Hispanic or Latino           2    655000.000000    155563.491861        600000.0        710000.0                92.500000                 3.535534                91.25000                 93.7500                 42.000000                  5.656854                    40.00                     44.0       715000.000000       197989.898732           645000.0           785000.0  163.000000    0.000000     163.00     163.00         2       0         110000.0            140000.0        0.00         1.000000           100.000000
                Black or African American        Male Not Hispanic or Latino          35    458714.285714    219023.040881        365000.0        590000.0                79.934571                20.609639                75.14200                 95.0000                 43.636364                  4.135162                      NaN                      NaN       648714.285714       203846.622190           515000.0           780000.0  163.914286   81.542617     105.50     195.50        31       4         225000.0            265000.0       90.00         0.885714            88.571429
Native Hawaiian or Other Pacific Islander      Female     Hispanic or Latino           1    435000.000000              NaN        435000.0        435000.0                74.138000                      NaN                74.13800                 74.1380                 48.000000                       NaN                    48.00                     48.0       585000.000000                 NaN           585000.0           585000.0   89.000000         NaN      89.00      89.00         1       0              0.0                 0.0        0.00         1.000000           100.000000
Native Hawaiian or Other Pacific Islander      Female Not Hispanic or Latino           5    381000.000000    112605.506082        315000.0        435000.0                84.730000                19.348501                75.00000                103.6500                 41.666667                  3.214550                      NaN                      NaN       495000.000000       114017.542510           415000.0           575000.0  130.000000   46.989360     109.00     163.00         4       1         120000.0            160000.0       54.00         0.800000            80.000000
Native Hawaiian or Other Pacific Islander        Male Not Hispanic or Latino           1    425000.000000              NaN        425000.0        425000.0                80.000000                      NaN                80.00000                 80.0000                 41.000000                       NaN                    41.00                     41.0       525000.000000                 NaN           525000.0           525000.0  137.000000         NaN     137.00     137.00         1       0              0.0                 0.0        0.00         1.000000           100.000000
                                    White      Female     Hispanic or Latino         165    458333.333333    201710.167988        305000.0        585000.0                82.295691                16.611502                80.00000                 95.0000                 44.345588                  3.931598                      NaN                      NaN       583848.484848       269675.518799           405000.0           715000.0  147.163636  115.103045      83.00     171.00       156       9         280000.0            310000.0       88.00         0.945455            94.545455
                                    White      Female Not Hispanic or Latino         368    489211.956522    236157.774510        315000.0        645000.0                73.662696                19.643945                61.36075                 90.0000                 43.984906                  3.972414                      NaN                      NaN       697880.434783       376317.836052           442500.0           895000.0  165.467391   95.394857      96.75     215.75       343      25         330000.0            452500.0      119.00         0.932065            93.206522
                                    White        Male     Hispanic or Latino         262    483969.465649    213218.555292        335000.0        605000.0                83.934363                14.179507                80.00000                 95.0000                 44.449735                  3.992528                      NaN                      NaN       599770.992366       251791.559629           425000.0           742500.0  164.877863  108.936061      90.25     199.75       241      21         270000.0            317500.0      109.50         0.919847            91.984733
                                    White        Male Not Hispanic or Latino         446    551838.565022    244492.790164        365000.0        715000.0                76.076664                18.177718                69.00100                 90.0000                 43.501695                  3.889524                      NaN                      NaN       766524.663677       395043.912304           497500.0           952500.0  233.434978  311.630152     117.00     254.00       417      29         350000.0            455000.0      137.00         0.934978            93.497758