                             derived_race derived_sex      derived_ethnicity  total_apps  avg_loan_amount  std_loan_amount  Q1_loan_amount  Q3_loan_amount  avg_loan_to_value_ratio  std_loan_to_value_ratio  Q1_loan_to_value_ratio  Q3_loan_to_value_ratio  avg_debt_to_income_ratio  std_debt_to_income_ratio  Q1_debt_to_income_ratio  Q3_debt_to_income_ratio  avg_property_value  std_property_value  Q1_property_value  Q3_property_value  avg_income  std_income  Q1_income  Q3_income  accepted  denied  iqr_loan_amount  iqr_property_value  iqr_income  acceptance_rate  acceptance_rate_pct
                 2 or more minority races      Female     Hispanic or Latino           1    515000.000000              NaN        515000.0        515000.0                97.000000                      NaN                97.00000                97.00000                 48.000000                       NaN                    48.00                    48.00        5.350000e+05                 NaN           535000.0           535000.0  122.000000         NaN     122.00     122.00         1       0              0.0                 0.0        0.00         1.000000           100.000000
                 2 or more minority races      Female Not Hispanic or Latino           2    690000.000000    190918.830920        622500.0        757500.0                65.422500                34.757834                53.13375                77.71125                 46.000000                  2.828427                    45.00                    47.00        1.140000e+06       304055.915910          1032500.0          1247500.0  199.500000   34.648232     187.25     211.75         2       0         135000.0            215000.0       24.50         1.000000           100.000000
                 2 or more minority races        Male     Hispanic or Latino           2    450000.000000    346482.322781        327500.0        572500.0                66.508000                 0.229103                66.42700                66.58900                 41.000000                       NaN                      NaN                      NaN        6.750000e+05       523259.018078           490000.0           860000.0   97.500000  105.358910      60.25     134.75         1       1         245000.0            370000.0       74.50         0.500000            50.000000
                 2 or more minority races        Male Not Hispanic or Latino           2    350000.000000    403050.865276        207500.0        492500.0                78.925000                 5.550788                76.96250                80.88750                 44.000000                       NaN                      NaN                      NaN        4.600000e+05       544472.221514           267500.0           652500.0  141.000000  140.007143      91.50     190.50         2       0         285000.0            385000.0       99.00         1.000000           100.000000
         American Indian or Alaska Native      Female     Hispanic or Latino          10    428000.000000    169577.907366        307500.0        505000.0                83.993800                18.583755                81.25000                95.00000                 46.666667                  2.828427                      NaN                      NaN        5.180000e+05       179632.340568           375000.0           610000.0  121.100000   56.604770      87.75     149.25        10       0         197500.0            235000.0       61.50         1.000000           100.000000
         American Indian or Alaska Native      Female Not Hispanic or Latino           2    580000.000000     49497.474683        562500.0        597500.0                89.995000                 0.007071                89.99250                89.99750                 42.000000                  7.071068                    39.50                    44.50        6.450000e+05        56568.542495           625000.0           665000.0  161.000000    1.414214     160.50     161.50         2       0          35000.0             40000.0        1.00         1.000000           100.000000
         American Indian or Alaska Native        Male     Hispanic or Latino           5    403000.000000    172684.683745        365000.0        505000.0                70.556800                20.763227                51.11700                80.00000                 40.333333                  6.658328                      NaN                      NaN        5.590000e+05       182565.056898           485000.0           715000.0  150.200000   75.124563     105.00     202.00         4       1         140000.0            230000.0       97.00         0.800000            80.000000
         American Indian or Alaska Native        Male Not Hispanic or Latino           1    605000.000000              NaN        605000.0        605000.0                58.537000                      NaN                58.53700                58.53700                 38.000000                       NaN                    38.00                    38.00        1.025000e+06                 NaN          1025000.0          1025000.0  221.000000         NaN     221.00     221.00         1       0              0.0                 0.0        0.00         1.000000           100.000000
                                    Asian      Female     Hispanic or Latino           3    401666.666667    148436.293855        320000.0        465000.0                81.361667                 7.140547                77.50000                84.54250                 46.000000                  2.828427                      NaN                      NaN        5.216667e+05       168027.775482           430000.0           595000.0  320.666667  377.308009     103.00     437.00         3       0         145000.0            165000.0      334.00         1.000000           100.000000
                                    Asian      Female Not Hispanic or Latino         248    531451.612903    217219.057881        395000.0        647500.0                71.001730                19.111321                60.00000                80.00000                 43.707182                  4.090287                      NaN                      NaN        8.013710e+05       386687.028199           565000.0           955000.0  175.745968  109.047198     114.00     208.50       231      17         252500.0            390000.0       94.50         0.931452            93.145161
                                    Asian        Male     Hispanic or Latino          11    493181.818182    162838.458714        425000.0        585000.0                75.376727                19.519877                68.12500                86.95400                 45.000000                  5.477226                      NaN                      NaN        7.031818e+05       271028.344710           555000.0           815000.0  152.181818   60.722019      98.50     171.00         9       2         160000.0            260000.0       72.50         0.818182            81.818182
                                    Asian        Male Not Hispanic or Latino         337    640578.635015    223373.167420        485000.0        765000.0                75.509267                15.969064                69.60000                85.00000                 43.800797                  3.755550                      NaN                      NaN        9.008160e+05       415478.785035           645000.0          1045000.0  255.172107  761.539477     138.00     239.00       318      19         280000.0            400000.0      101.00         0.943620            94.362018
                Black or African American      Female     Hispanic or Latino           3    408333.333333    145028.732785        335000.0        480000.0                76.230000                27.780725                64.34500                91.50000                 42.000000                       NaN                      NaN                      NaN        5.950000e+05        95393.920142           545000.0           640000.0  108.333333   39.576929      85.50     120.50         3       0         145000.0             95000.0       35.00         1.000000           100.000000
                Black or African American      Female Not Hispanic or Latino          46    500869.565217    205616.429164        367500.0        600000.0                87.026630                12.763441                79.61675                97.00000                 43.971429                  3.792296                      NaN                      NaN        6.093478e+05       245208.774303           440000.0           732500.0  149.826087   74.006998     107.50     174.75        39       7         232500.0            292500.0       67.25         0.847826            84.782609
                Black or African American        Male     Hispanic or Latino           3    695000.000000    223383.079037        605000.0        820000.0                81.666667                 7.637626                77.50000                85.00000                 46.000000                       NaN                      NaN                      NaN        8.483333e+05       250066.657780           725000.0           975000.0  270.333333  207.933483     150.50     336.50         3       0         215000.0            250000.0      186.00         1.000000           100.000000
                Black or African American        Male Not Hispanic or Latino          43    578953.488372    232851.265985        470000.0        640000.0                81.483767                14.172698                80.00000                93.04400                 43.580645                  4.372445                      NaN                      NaN        7.410465e+05       366477.047517           565000.0           820000.0  205.000000  130.660046     126.50     242.50        38       5         170000.0            255000.0      116.00         0.883721            88.372093
Native Hawaiian or Other Pacific Islander      Female     Hispanic or Latino           1    345000.000000              NaN        345000.0        345000.0                98.000000                      NaN                98.00000                98.00000                       NaN                       NaN                      NaN                      NaN        3.650000e+05                 NaN           365000.0           365000.0  102.000000         NaN     102.00     102.00         0       1              0.0                 0.0        0.00         0.000000             0.000000
Native Hawaiian or Other Pacific Islander      Female Not Hispanic or Latino           3    471666.666667    185831.464864        365000.0        535000.0                90.000000                 8.660254                87.50000                95.00000                 46.000000                  2.828427                      NaN                      NaN        5.216667e+05       176729.548557           420000.0           580000.0  118.333333   21.455380     106.00     125.50         3       0         170000.0            160000.0       19.50         1.000000           100.000000
Native Hawaiian or Other Pacific Islander        Male     Hispanic or Latino           2    470000.000000    134350.288425        422500.0        517500.0                88.080500                12.614078                83.62075                92.54025                 42.500000                  9.192388                    39.25                    45.75        5.250000e+05        70710.678119           500000.0           550000.0  107.000000   16.970563     101.00     113.00         2       0          95000.0             50000.0       12.00         1.000000           100.000000
Native Hawaiian or Other Pacific Islander        Male Not Hispanic or Latino           4    555000.000000     74386.378681        542500.0        597500.0                90.250000                 4.991660                88.00000                91.75000                 42.333333                  5.686241                      NaN                      NaN        6.150000e+05        91287.092918           590000.0           665000.0  243.750000  117.341027     182.25     292.00         4       0          55000.0             75000.0      109.75         1.000000           100.000000
                                    White      Female     Hispanic or Latino         165    420212.121212    184415.979543        295000.0        545000.0                78.919215                20.018560                70.00000                95.00000                 44.233577                  4.024306                      NaN                      NaN        5.620303e+05       239804.860308           375000.0           725000.0  140.890909  224.739904      80.00     149.00       147      18         250000.0            350000.0       69.00         0.890909            89.090909
                                    White      Female Not Hispanic or Latino         340    459941.176471    231272.603606        295000.0        585000.0                68.839968                22.234258                53.66075                85.00000                 43.823077                  4.060290                      NaN                      NaN        7.120000e+05       374975.082751           482500.0           875000.0  154.638235  104.394426      91.75     179.25       311      29         290000.0            392500.0       87.50         0.914706            91.470588
                                    White        Male     Hispanic or Latino         269    480204.460967    216695.964142        325000.0        605000.0                82.923105                16.206702                80.00000                95.00000                 43.715789                  4.039915                      NaN                      NaN        6.039219e+05       304052.156763           405000.0           735000.0  157.308550  119.531695      93.00     194.00       236      33         280000.0            330000.0      101.00         0.877323            87.732342
                                    White        Male Not Hispanic or Latino         497    544617.706237    256864.732211        335000.0        735000.0                75.029678                18.110795                68.08900                85.00000                 43.762048                  4.069710                      NaN                      NaN        7.641952e+05       397064.526294           495000.0           925000.0  196.323944  150.501613     110.00     229.00       465      32         400000.0            430000.0      119.00         0.935614            93.561368