                             derived_race derived_sex      derived_ethnicity  total_apps  avg_loan_amount  std_loan_amount  Q1_loan_amount  Q3_loan_amount  avg_loan_to_value_ratio  std_loan_to_value_ratio  Q1_loan_to_value_ratio  Q3_loan_to_value_ratio  avg_debt_to_income_ratio  std_debt_to_income_ratio  Q1_debt_to_income_ratio  Q3_debt_to_income_ratio  avg_property_value  std_property_value  Q1_property_value  Q3_property_value  avg_income  std_income  Q1_income  Q3_income  accepted  denied  iqr_loan_amount  iqr_property_value  iqr_income  acceptance_rate  acceptance_rate_pct
                 2 or more minority races      Female Not Hispanic or Latino           2    415000.000000    169705.627485        355000.0        475000.0                80.000000                 0.000000                80.00000                80.00000                 37.000000                       NaN                      NaN                      NaN       525000.000000       212132.034356           450000.0           600000.0  221.500000   70.003571     196.75     246.25         2       0         120000.0            150000.0       49.50         1.000000           100.000000
                 2 or more minority races        Male     Hispanic or Latino           2    485000.000000    155563.491861        430000.0        540000.0                77.500000                 3.535534                76.25000                78.75000                 38.500000                  3.535534                    37.25                    39.75       625000.000000       169705.627485           565000.0           685000.0  209.500000   71.417785     184.25     234.75         2       0         110000.0            120000.0       50.50         1.000000           100.000000
                 2 or more minority races        Male Not Hispanic or Latino           3    245000.000000    105356.537529        190000.0        295000.0                54.738667                21.939770                42.10800                61.88350                 40.000000                       NaN                      NaN                      NaN       538333.333333       325012.820260           375000.0           700000.0   92.333333   51.636550      65.50     117.00         3       0         105000.0            325000.0       51.50         1.000000           100.000000
         American Indian or Alaska Native      Female     Hispanic or Latino           2    430000.000000     63639.610307        407500.0        452500.0                79.292500                 1.000556                78.93875                79.64625                 48.500000                  0.707107                    48.25                    48.75       540000.000000        77781.745931           512500.0           567500.0  102.000000   55.154329      82.50     121.50         2       0          45000.0             55000.0       39.00         1.000000           100.000000
         American Indian or Alaska Native      Female Not Hispanic or Latino           4    437500.000000    117862.914722        362500.0        490000.0                66.891000                13.337824                56.88350                77.33000                 42.000000                  2.645751                      NaN                      NaN       652500.000000        92870.878105           597500.0           680000.0  130.500000   28.349015     124.50     144.00         4       0         127500.0             82500.0       19.50         1.000000           100.000000
         American Indian or Alaska Native        Male     Hispanic or Latino          12    463333.333333    242068.109624        365000.0        555000.0                79.622417                20.708419                76.28250                95.00000                 43.111111                  3.333333                      NaN                      NaN       595000.000000       292481.545649           512500.0           617500.0  136.583333   53.562976      95.75     174.75         8       4         190000.0            105000.0       79.00         0.666667            66.666667
         American Indian or Alaska Native        Male Not Hispanic or Latino           4    460000.000000    368826.969368        245000.0        585000.0                79.095000                12.003170                72.84500                83.75000                 39.500000                  3.535534                      NaN                      NaN       590000.000000       468934.963508           270000.0           810000.0  185.750000  153.382691     112.50     208.25         4       0         340000.0            540000.0       95.75         1.000000           100.000000
                                    Asian      Female     Hispanic or Latino           5    535000.000000     22360.679775        525000.0        545000.0                80.290400                 7.389400                74.24100                85.00000                 43.600000                  4.560702                    40.00                    48.00       667000.000000        56302.753041           615000.0           705000.0  136.000000   11.895377     130.00     145.00         5       0          20000.0             90000.0       15.00         1.000000           100.000000
                                    Asian      Female Not Hispanic or Latino         227    561740.088106    229728.462886        405000.0        705000.0                72.437809                18.645692                60.19800                85.00000                 43.321429                  3.914232                      NaN                      NaN       834559.471366       394940.098220           565000.0           985000.0  180.229075  109.744758     114.00     215.50       212      15         300000.0            420000.0      101.50         0.933921            93.392070
                                    Asian        Male     Hispanic or Latino           7    685000.000000    274286.954362        465000.0        830000.0                79.652286                 8.430316                74.40900                84.25100                 45.600000                  4.335897                      NaN                      NaN       885000.000000       397072.621402           570000.0          1200000.0  197.714286   83.995465     150.00     216.50         7       0         365000.0            630000.0       66.50         1.000000           100.000000
                                    Asian        Male Not Hispanic or Latino         357    642759.103641    229552.613751        485000.0        765000.0                74.145056                16.664847                65.14000                85.00000                 43.595420                  4.068906                      NaN                      NaN       919957.983193       407793.887854           635000.0          1115000.0  199.176471  105.428898     132.00     233.00       331      26         280000.0            480000.0      101.00         0.927171            92.717087
                Black or African American      Female     Hispanic or Latino           1    355000.000000              NaN        355000.0        355000.0                70.400000                      NaN                70.40000                70.40000                       NaN                       NaN                      NaN                      NaN       505000.000000                 NaN           505000.0           505000.0   46.000000         NaN      46.00      46.00         0       1              0.0                 0.0        0.00         0.000000             0.000000
                Black or African American      Female Not Hispanic or Latino          38    441052.631579    186468.452135        307500.0        535000.0                82.066000                23.526476                75.03500                97.00000                 44.689655                  4.293712                      NaN                      NaN       567368.421053       156592.675444           447500.0           672500.0  127.894737   59.555919      81.50     155.50        34       4         227500.0            225000.0       74.00         0.894737            89.473684
                Black or African American        Male     Hispanic or Latino           4    570000.000000    266145.323711        437500.0        597500.0                91.750000                 7.889867                91.25000                95.50000                 45.000000                  1.414214                      NaN                      NaN       622500.000000       280639.151462           455000.0           702500.0  136.250000   23.084988     119.00     152.25         3       1         160000.0            247500.0       33.25         0.750000            75.000000
                Black or African American        Male Not Hispanic or Latino          38    533421.052632    231382.756672        370000.0        670000.0                81.092166                16.068327                75.75875                94.60750                 45.185185                  3.363115                      NaN                      NaN       706315.789474       336846.833848           457500.0           885000.0  158.184211   77.792467     104.50     198.75        32       6         300000.0            427500.0       94.25         0.842105            84.210526
Native Hawaiian or Other Pacific Islander      Female     Hispanic or Latino           1    355000.000000              NaN        355000.0        355000.0                95.900000                      NaN                95.90000                95.90000                       NaN                       NaN                      NaN                      NaN       365000.000000                 NaN           365000.0           365000.0  120.000000         NaN     120.00     120.00         0       1              0.0                 0.0        0.00         0.000000             0.000000
Native Hawaiian or Other Pacific Islander      Female Not Hispanic or Latino           2    590000.000000    304055.915910        482500.0        697500.0                72.700000                10.323759                69.05000                76.35000                 37.000000                  1.414214                    36.50                    37.50       790000.000000       304055.915910           682500.0           897500.0  186.500000   44.547727     170.75     202.25         2       0         215000.0            215000.0       31.50         1.000000           100.000000
Native Hawaiian or Other Pacific Islander        Male     Hispanic or Latino           1    165000.000000              NaN        165000.0        165000.0                29.907000                      NaN                29.90700                29.90700                 43.000000                       NaN                    43.00                    43.00       535000.000000                 NaN           535000.0           535000.0   42.000000         NaN      42.00      42.00         0       1              0.0                 0.0        0.00         0.000000             0.000000
Native Hawaiian or Other Pacific Islander        Male Not Hispanic or Latino           4    712500.000000    247571.538483        542500.0        795000.0                85.254000                17.738002                82.25400                95.50000                 45.000000                  3.915780                    43.00                    47.50       840000.000000       231012.265187           692500.0           967500.0  164.000000   44.188988     128.00     199.50         4       0         252500.0            275000.0       71.50         1.000000           100.000000
                                    White      Female     Hispanic or Latino         149    430369.127517    191189.461324        295000.0        555000.0                81.964839                17.506185                78.03500                95.00000                 43.942149                  4.270631                      NaN                      NaN       554060.402685       273019.507970           395000.0           705000.0  124.644295   63.395272      83.00     158.00       127      22         260000.0            310000.0       75.00         0.852349            85.234899
                                    White      Female Not Hispanic or Latino         348    466609.195402    238535.993759        292500.0        617500.0                70.190043                20.651399                58.15675                85.00000                 43.773810                  4.068197                      NaN                      NaN       701379.310345       357974.762570           462500.0           857500.0  161.287356  123.737093      93.75     194.00       326      22         325000.0            395000.0      100.25         0.936782            93.678161
                                    White        Male     Hispanic or Latino         303    448300.330033    201959.766418        305000.0        585000.0                83.285898                16.523766                80.00000                95.00000                 44.178723                  3.833330                      NaN                      NaN       557211.221122       233144.488652           395000.0           710000.0  147.547855   95.196643      89.00     181.50       278      25         280000.0            315000.0       92.50         0.917492            91.749175
                                    White        Male Not Hispanic or Latino         486    549115.226337    256425.747567        357500.0        715000.0                73.635037                18.956042                63.26250                88.17625                 43.805471                  4.021872                      NaN                      NaN       796255.144033       433127.524285           505000.0           955000.0  209.049383  286.682348     112.00     242.75       452      34         357500.0            450000.0      130.75         0.930041            93.004115