                             derived_race derived_sex      derived_ethnicity  total_apps  avg_loan_amount  std_loan_amount  Q1_loan_amount  Q3_loan_amount  avg_loan_to_value_ratio  std_loan_to_value_ratio  Q1_loan_to_value_ratio  Q3_loan_to_value_ratio  avg_debt_to_income_ratio  std_debt_to_income_ratio  Q1_debt_to_income_ratio  Q3_debt_to_income_ratio  avg_property_value  std_property_value  Q1_property_value  Q3_property_value  avg_income  std_income  Q1_income  Q3_income  accepted  denied  iqr_loan_amount  iqr_property_value  iqr_income  acceptance_rate  acceptance_rate_pct
                 2 or more minority races      Female Not Hispanic or Latino           4    455000.000000    215561.282856        350000.0        515000.0                75.688000                35.837411                69.43800                 96.2500                 44.000000                  4.898979                    41.00                    48.00       735000.000000       311234.102673           480000.0           945000.0  131.750000   57.016810      94.75     170.00         4       0         165000.0            465000.0       75.25         1.000000           100.000000
                 2 or more minority races        Male Not Hispanic or Latino           4    560000.000000    512867.754234        270000.0        655000.0                91.750000                11.176612                91.50000                 97.2500                 44.750000                  2.986079                    43.50                    45.25       675000.000000       727232.195840           277500.0           772500.0  132.500000  105.288493      74.00     150.00         1       3         385000.0            495000.0       76.00         0.250000            25.000000
         American Indian or Alaska Native      Female     Hispanic or Latino           7    423571.428571    198110.118489        360000.0        430000.0                80.289857                14.037788                74.83600                 91.0000                 44.400000                  3.286335                      NaN                      NaN       523571.428571       204648.362761           405000.0           630000.0  147.857143   63.831624      98.00     209.50         6       1          70000.0            225000.0      111.50         0.857143            85.714286
         American Indian or Alaska Native      Female Not Hispanic or Latino           4    512500.000000    312236.555622        295000.0        727500.0                80.714750                11.102183                73.21225                 89.9925                 47.750000                  1.500000                    46.75                    49.00       722500.000000       528984.876910           420000.0           932500.0  111.500000   66.103454      61.75     152.75         4       0         432500.0            512500.0       91.00         1.000000           100.000000
         American Indian or Alaska Native        Male     Hispanic or Latino           6    405000.000000    111534.747949        377500.0        485000.0                84.364833                20.223973                83.25000                 95.8130                 47.600000                  1.673320                      NaN                      NaN       481666.666667        41311.822360           460000.0           515000.0  105.833333   21.802905      93.50     114.75         6       0         107500.0             55000.0       21.25         1.000000           100.000000
         American Indian or Alaska Native        Male Not Hispanic or Latino           6    491666.666667    241550.546815        335000.0        560000.0                81.536667                 8.779070                76.25000                 83.7500                 43.000000                  6.000000                      NaN                      NaN       608333.333333       323522.281561           412500.0           605000.0  286.833333  213.482005      96.25     473.50         6       0         225000.0            192500.0      377.25         1.000000           100.000000
                                    Asian      Female     Hispanic or Latino           7    489285.714286    251717.907114        320000.0        595000.0                79.570857                19.616473                77.00000                 93.1280                 47.166667                  3.125167                      NaN                      NaN       626428.571429       288295.483340           420000.0           785000.0  143.000000  113.181271      79.50     150.50         7       0         275000.0            365000.0       71.00         1.000000           100.000000
                                    Asian      Female Not Hispanic or Latino         228    568947.368421    204894.378812        415000.0        725000.0                71.054767                17.951679                60.58500                 80.0000                 44.608434                  4.098446                      NaN                      NaN       850964.912281       372742.471829           575000.0          1005000.0  187.333333  109.734856     116.50     217.25       220       8         310000.0            430000.0      100.75         0.964912            96.491228
                                    Asian        Male     Hispanic or Latino          10    560000.000000    195462.414688        470000.0        600000.0                77.501600                18.102692                70.92325                 90.0000                 44.444444                  4.245913                      NaN                      NaN       744000.000000       236476.449379           557500.0           877500.0  146.200000   48.458000     100.75     189.50         9       1         130000.0            320000.0       88.75         0.900000            90.000000
                                    Asian        Male Not Hispanic or Latino         355    640521.126761    240310.407737        465000.0        765000.0                73.301119                16.791808                65.25650                 80.0000                 43.505660                  4.136058                      NaN                      NaN       917140.845070       402378.426591           640000.0          1155000.0  209.084507  155.190510     131.00     247.50       324      31         300000.0            515000.0      116.50         0.912676            91.267606
                Black or African American      Female Not Hispanic or Latino          42    527380.952381    203143.701676        397500.0        610000.0                85.067429                10.854713                80.00000                 93.8690                 44.387097                  4.341101                      NaN                      NaN       661666.666667       277564.904883           487500.0           705000.0  160.595238   68.903276     110.50     198.25        37       5         212500.0            217500.0       87.75         0.880952            88.095238
                Black or African American        Male     Hispanic or Latino           3    521666.666667    232880.512996        440000.0        655000.0                78.333333                16.072751                72.50000                 87.5000                 47.000000                  0.000000                      NaN                      NaN       655000.000000       176918.060130           575000.0           750000.0  133.333333   20.207259     122.50     142.50         3       0         215000.0            175000.0       20.00         1.000000           100.000000
                Black or African American        Male Not Hispanic or Latino          41    486951.219512    176737.368887        385000.0        555000.0                82.914634                15.612836                80.00000                 95.0000                 42.724138                  3.862795                      NaN                      NaN       639390.243902       343882.601919           465000.0           695000.0  171.512195   84.334786     119.00     217.00        35       6         170000.0            230000.0       98.00         0.853659            85.365854
Native Hawaiian or Other Pacific Islander      Female Not Hispanic or Latino           1    635000.000000              NaN        635000.0        635000.0                80.000000                      NaN                80.00000                 80.0000                 48.000000                       NaN                    48.00                    48.00       795000.000000                 NaN           795000.0           795000.0  165.000000         NaN     165.00     165.00         1       0              0.0                 0.0        0.00         1.000000           100.000000
Native Hawaiian or Other Pacific Islander        Male     Hispanic or Latino           1    415000.000000              NaN        415000.0        415000.0                89.990000                      NaN                89.99000                 89.9900                 37.000000                       NaN                    37.00                    37.00       455000.000000                 NaN           455000.0           455000.0  111.000000         NaN     111.00     111.00         1       0              0.0                 0.0        0.00         1.000000           100.000000
Native Hawaiian or Other Pacific Islander        Male Not Hispanic or Latino           6    613333.333333    120069.424362        565000.0        707500.0                82.381667                10.506532                74.23275                 90.3125                 43.000000                  5.567764                      NaN                      NaN       751666.666667       166813.268857           652500.0           785000.0  201.000000   63.965616     165.50     222.25         6       0         142500.0            132500.0       56.75         1.000000           100.000000
                                    White      Female     Hispanic or Latino         165    456575.757576    194785.534080        325000.0        575000.0                80.530561                17.224209                76.92000                 95.0000                 44.305344                  3.808681                      NaN                      NaN       592272.727273       237759.777405           425000.0           725000.0  138.060606   78.140875      84.00     168.00       150      15         250000.0            300000.0       84.00         0.909091            90.909091
                                    White      Female Not Hispanic or Latino         371    479204.851752    244752.718182        305000.0        635000.0                71.118447                20.980101                61.03000                 85.0000                 43.697581                  4.035429                      NaN                      NaN       710714.285714       351376.004481           455000.0           905000.0  171.304582  166.958844      95.00     192.00       343      28         330000.0            450000.0       97.00         0.924528            92.452830
                                    White        Male     Hispanic or Latino         286    463636.363636    202330.008197        325000.0        575000.0                81.689042                16.398177                78.80500                 95.0000                 44.534247                  3.793097                      NaN                      NaN       584825.174825       242593.380529           415000.0           742500.0  148.111888  103.163920      88.00     181.75       262      24         250000.0            327500.0       93.75         0.916084            91.608392
                                    White        Male Not Hispanic or Latino         453    556214.128035    246112.393517        385000.0        745000.0                74.196879                20.347567                65.21700                 89.9000                 43.853821                  4.055272                      NaN                      NaN       813101.545254       460421.044630           515000.0          1035000.0  207.079470  152.488902     117.00     243.00       423      30         360000.0            520000.0      126.00         0.933775            93.377483