                             derived_race derived_sex      derived_ethnicity  total_apps  avg_loan_amount  std_loan_amount  Q1_loan_amount  Q3_loan_amount  avg_loan_to_value_ratio  std_loan_to_value_ratio  Q1_loan_to_value_ratio  Q3_loan_to_value_ratio  avg_debt_to_income_ratio  std_debt_to_income_ratio  Q1_debt_to_income_ratio  Q3_debt_to_income_ratio  avg_property_value  std_property_value  Q1_property_value  Q3_property_value  avg_income  std_income  Q1_income  Q3_income  accepted  denied  iqr_loan_amount  iqr_property_value  iqr_income  acceptance_rate  acceptance_rate_pct
                 2 or more minority races      Female Not Hispanic or Latino           3    591666.666667    263881.286440        440000.0        680000.0                79.000000                 8.544004                75.00000                83.50000                 46.000000                       NaN                      NaN                      NaN       741666.666667       266333.124739           595000.0           855000.0  185.333333   84.689629     139.50     223.00         2       1         240000.0            260000.0       83.50         0.666667            66.666667
                 2 or more minority races        Male     Hispanic or Latino           3    601666.666667    118462.370959        565000.0        670000.0                91.666667                 5.773503                90.00000                95.00000                 47.000000                       NaN                      NaN                      NaN       641666.666667        83864.970836           615000.0           690000.0  149.000000   51.097945     121.50     172.00         1       2         105000.0             75000.0       50.50         0.333333            33.333333
                 2 or more minority races        Male Not Hispanic or Latino           6    603333.333333    312500.666666        370000.0        845000.0                63.938333                24.421828                42.00225                86.00000                 42.250000                  2.061553                      NaN                      NaN       910000.000000       227574.163736           820000.0          1077500.0  199.166667   82.482523     152.00     261.25         6       0         475000.0            257500.0      109.25         1.000000           100.000000
         American Indian or Alaska Native      Female     Hispanic or Latino           6    438333.333333    191171.824981        380000.0        575000.0                83.654833                19.526933                82.50000                93.94375                 41.750000                  3.862210                      NaN                      NaN       508333.333333       163054.183223           405000.0           620000.0  129.166667   56.989180      99.25     176.25         6       0         195000.0            215000.0       77.00         1.000000           100.000000
         American Indian or Alaska Native      Female Not Hispanic or Latino           2    405000.000000    226274.169980        325000.0        485000.0                72.250000                 3.889087                70.87500                73.62500                 48.000000                       NaN                      NaN                      NaN       555000.000000       282842.712475           455000.0           655000.0  232.500000  184.554870     167.25     297.75         2       0         160000.0            200000.0      130.50         1.000000           100.000000
         American Indian or Alaska Native        Male     Hispanic or Latino          12    487500.000000    163380.481754        430000.0        557500.0                85.109917                18.706373                80.00000                95.50000                 43.500000                  3.597839                      NaN                      NaN       568333.333333       120327.835012           515000.0           607500.0  173.000000  103.492644     116.75     197.25         9       3         127500.0             92500.0       80.50         0.750000            75.000000
         American Indian or Alaska Native        Male Not Hispanic or Latino           3    311666.666667    217791.949652        190000.0        400000.0                72.411667                35.270858                60.11750                92.61750                 45.500000                  4.949747                      NaN                      NaN       511666.666667       309892.454463           375000.0           680000.0   91.333333   40.611985      68.00     105.00         3       0         210000.0            305000.0       37.00         1.000000           100.000000
                                    Asian      Female     Hispanic or Latino           5    481000.000000    228429.420172        395000.0        635000.0                74.298200                19.554626                75.00000                80.00000                 44.666667                  4.041452                      NaN                      NaN       631000.000000       252051.582022           495000.0           855000.0  131.800000   37.632433     115.00     132.00         4       1         240000.0            360000.0       17.00         0.800000            80.000000
                                    Asian      Female Not Hispanic or Latino         226    572964.601770    223472.232596        425000.0        695000.0                73.781610                16.666941                66.28750                80.00000                 44.029762                  3.994646                      NaN                      NaN       819380.530973       353761.773416           585000.0           975000.0  186.566372  140.441771     124.00     214.50       210      16         270000.0            390000.0       90.50         0.929204            92.920354
                                    Asian        Male     Hispanic or Latino           4    485000.000000    111654.228163        427500.0        552500.0                77.812500                16.020007                74.06250                83.75000                 46.500000                  0.707107                      NaN                      NaN       647500.000000       197040.604952           590000.0           767500.0  112.750000   48.307177      85.50     123.75         3       1         125000.0            177500.0       38.25         0.750000            75.000000
                                    Asian        Male Not Hispanic or Latino         364    622884.615385    246736.669133        435000.0        765000.0                73.694455                17.418031                64.92650                84.81875                 43.654804                  4.049478                      NaN                      NaN       897500.000000       392241.650512           615000.0          1140000.0  217.087912  366.694644     130.00     244.50       344      20         330000.0            525000.0      114.50         0.945055            94.505495
                Black or African American      Female     Hispanic or Latino           7    580714.285714    284362.277319        445000.0        530000.0                89.512714                 5.796792                87.29450                92.50000                 43.500000                  4.932883                      NaN                      NaN       650714.285714       317062.409359           485000.0           600000.0  281.571429  332.847742     117.00     223.50         7       0          85000.0            115000.0      106.50         1.000000           100.000000
                Black or African American      Female Not Hispanic or Latino          50    504600.000000    241981.277738        332500.0        622500.0                82.877480                19.619041                80.00000                95.00000                 44.023256                  3.412082                      NaN                      NaN       642000.000000       267934.274609           480000.0           775000.0  145.960000   53.864895     116.25     174.75        46       4         290000.0            295000.0       58.50         0.920000            92.000000
                Black or African American        Male     Hispanic or Latino           4    537500.000000    161529.151136        460000.0        577500.0                88.750000                 8.539126                83.75000                92.50000                 47.250000                  1.258306                    46.75                     47.5       640000.000000       165025.250593           567500.0           697500.0  124.500000   38.647984     110.25     145.75         4       0         117500.0            130000.0       35.50         1.000000           100.000000
                Black or African American        Male Not Hispanic or Latino          26    556153.846154    207967.822955        430000.0        735000.0                83.187231                17.352892                80.00000                94.90900                 43.722222                  3.494627                      NaN                      NaN       675769.230769       217805.841555           495000.0           812500.0  188.384615   81.832549     121.50     238.75        22       4         305000.0            317500.0      117.25         0.846154            84.615385
Native Hawaiian or Other Pacific Islander      Female     Hispanic or Latino           2    405000.000000    127279.220614        360000.0        450000.0                83.500000                 4.949747                81.75000                85.25000                 47.000000                  0.000000                    47.00                     47.0       490000.000000       176776.695297           427500.0           552500.0  103.000000   39.597980      89.00     117.00         2       0          90000.0            125000.0       28.00         1.000000           100.000000
Native Hawaiian or Other Pacific Islander      Female Not Hispanic or Latino           5    549000.000000    163340.135913        425000.0        685000.0                93.931000                 4.267763                90.00000                95.00000                 47.400000                  2.073644                    47.00                     49.0       609000.000000       173002.890149           475000.0           725000.0  118.200000   37.639075      95.00     143.00         4       1         260000.0            250000.0       48.00         0.800000            80.000000
Native Hawaiian or Other Pacific Islander        Male Not Hispanic or Latino           6    571666.666667    144729.632994        500000.0        640000.0                87.621667                 9.329674                81.93250                95.00000                 44.750000                  3.095696                      NaN                      NaN       668333.333333       229405.027553           585000.0           705000.0  183.833333   69.986904     130.75     227.75         5       1         140000.0            120000.0       97.00         0.833333            83.333333
                                    White      Female     Hispanic or Latino         170    431235.294118    218111.726815        295000.0        545000.0                79.342981                24.871551                75.00000                95.00000                 44.374046                  4.027475                      NaN                      NaN       586823.529412       274296.676791           397500.0           725000.0  148.829412  131.301542      80.25     163.50       156      14         250000.0            327500.0       83.25         0.917647            91.764706
                                    White      Female Not Hispanic or Latino         351    503746.438746    245404.904090        325000.0        645000.0                73.401405                18.943090                63.29050                87.19700                 43.655738                  4.140079                      NaN                      NaN       708846.153846       330572.264381           475000.0           905000.0  173.962963  177.901598     102.50     198.50       328      23         320000.0            430000.0       96.00         0.934473            93.447293
                                    White        Male     Hispanic or Latino         259    465115.830116    198413.245497        335000.0        605000.0                83.175876                16.247888                80.00000                95.00000                 44.425414                  3.684987                      NaN                      NaN       577316.602317       239097.220331           405000.0           725000.0  158.957529  124.882837      95.00     180.50       233      26         270000.0            320000.0       85.50         0.899614            89.961390
                                    White        Male Not Hispanic or Latino         486    562613.168724    263837.779259        375000.0        735000.0                74.270636                18.538795                65.24675                89.40500                 43.713836                  4.161927                      NaN                      NaN       797798.353909       411669.455630           505000.0           995000.0  211.440329  211.019165     114.25     251.00       452      34         360000.0            490000.0      136.75         0.930041            93.004115