                             derived_race derived_sex      derived_ethnicity  total_apps  avg_loan_amount  std_loan_amount  Q1_loan_amount  Q3_loan_amount  avg_loan_to_value_ratio  std_loan_to_value_ratio  Q1_loan_to_value_ratio  Q3_loan_to_value_ratio  avg_debt_to_income_ratio  std_debt_to_income_ratio  Q1_debt_to_income_ratio  Q3_debt_to_income_ratio  avg_property_value  std_property_value  Q1_property_value  Q3_property_value  avg_income  std_income  Q1_income  Q3_income  accepted  denied  iqr_loan_amount  iqr_property_value  iqr_income  acceptance_rate  acceptance_rate_pct
                 2 or more minority races      Female     Hispanic or Latino           2    230000.000000     77781.745931        202500.0        257500.0                97.385000                 2.481945                96.50750                98.26250                 43.000000                  1.414214                    42.50                    43.50        4.600000e+05        1.626346e+05           402500.0           517500.0   79.500000   21.920310      71.75      87.25         2       0          55000.0            115000.0       15.50         1.000000           100.000000
                 2 or more minority races      Female Not Hispanic or Latino           2    495000.000000    339411.254970        375000.0        615000.0                88.934500                12.635291                84.46725                93.40175                 45.000000                       NaN                      NaN                      NaN        7.100000e+05        5.586144e+05           512500.0           907500.0  135.500000  118.086832      93.75     177.25         2       0         240000.0            395000.0       83.50         1.000000           100.000000
                 2 or more minority races        Male     Hispanic or Latino           3    315000.000000     95393.920142        285000.0        370000.0                73.890000                 6.733966                70.83500                77.50000                 36.000000                       NaN                      NaN                      NaN        4.216667e+05        1.040833e+05           380000.0           480000.0  125.666667   90.715673      91.00     177.00         2       1          85000.0            100000.0       86.00         0.666667            66.666667
                 2 or more minority races        Male Not Hispanic or Latino           3    478333.333333    185562.208796        390000.0        575000.0                90.666667                 9.291573                87.50000                96.00000                 39.000000                  1.414214                      NaN                      NaN        5.416667e+05        2.610236e+05           405000.0           665000.0  414.333333  494.212842     129.00     557.50         3       0         185000.0            260000.0      428.50         1.000000           100.000000
         American Indian or Alaska Native      Female     Hispanic or Latino           4    272500.000000    122031.416720        225000.0        347500.0                63.623250                34.187597                54.62325                83.00000                 42.000000                  1.414214                      NaN                      NaN        4.875000e+05        1.530523e+05           402500.0           545000.0  150.250000   90.112430      88.75     206.50         4       0         122500.0            142500.0      117.75         1.000000           100.000000
         American Indian or Alaska Native      Female Not Hispanic or Latino           3    455000.000000    117898.261226        390000.0        505000.0                65.546667                11.617940                59.32000                70.82000                 37.000000                  0.000000                      NaN                      NaN        6.950000e+05        1.228821e+05           650000.0           765000.0  189.000000  114.669089     123.00     226.50         3       0         115000.0            115000.0      103.50         1.000000           100.000000
         American Indian or Alaska Native        Male     Hispanic or Latino          10    408000.000000    181967.640591        305000.0        512500.0                90.867700                 8.344943                82.24500                96.50000                 43.222222                  4.684490                      NaN                      NaN        4.480000e+05        1.852356e+05           317500.0           530000.0  113.100000   50.306726      81.50     128.50         8       2         207500.0            212500.0       47.00         0.800000            80.000000
         American Indian or Alaska Native        Male Not Hispanic or Latino           3    465000.000000    345108.678535        290000.0        635000.0                69.834000                30.365316                57.84500                86.90600                 47.000000                       NaN                      NaN                      NaN        1.345000e+06        1.481992e+06           515000.0          1940000.0  310.666667  305.034971     136.00     417.50         2       1         345000.0           1425000.0      281.50         0.666667            66.666667
                                    Asian      Female     Hispanic or Latino           4    405000.000000    267706.306737        380000.0        555000.0                79.176750                31.409511                65.38425                95.90800                 40.333333                  3.511885                      NaN                      NaN        6.800000e+05        5.770326e+05           470000.0           860000.0  153.750000   85.281397     117.50     176.25         3       1         175000.0            390000.0       58.75         0.750000            75.000000
                                    Asian      Female Not Hispanic or Latino         226    533761.061947    222707.113067        385000.0        665000.0                71.407610                18.945753                63.11750                80.00000                 43.650602                  3.875123                      NaN                      NaN        7.924336e+05        3.654617e+05           555000.0           942500.0  176.973451  116.372235     115.25     214.75       209      17         280000.0            387500.0       99.50         0.924779            92.477876
                                    Asian        Male     Hispanic or Latino          10    462000.000000    160211.665548        387500.0        540000.0                67.066800                21.725919                49.14800                84.77150                 46.500000                  2.428992                      NaN                      NaN        7.350000e+05        2.441311e+05           555000.0           877500.0  378.100000  712.188404     138.00     195.00         9       1         152500.0            322500.0       57.00         0.900000            90.000000
                                    Asian        Male Not Hispanic or Latino         390    635743.589744    243030.800670        457500.0        790000.0                73.135849                17.543198                63.72875                85.00000                 43.924812                  4.027498                      NaN                      NaN        9.207692e+05        4.096569e+05           627500.0          1172500.0  200.769231  142.885713     130.00     231.75       356      34         332500.0            545000.0      101.75         0.912821            91.282051
                Black or African American      Female     Hispanic or Latino           5    637000.000000    366769.682498        415000.0        735000.0                84.138000                21.889272                90.00000                95.00000                 46.333333                  3.785939                      NaN                      NaN        7.770000e+05        3.521647e+05           585000.0           815000.0  304.800000  405.522749      87.00     170.00         5       0         320000.0            230000.0       83.00         1.000000           100.000000
                Black or African American      Female Not Hispanic or Latino          46    464347.826087    188719.688355        320000.0        602500.0                85.220891                20.357476                85.00000                95.65475                 43.918919                  3.506964                      NaN                      NaN        5.710870e+05        1.983653e+05           450000.0           655000.0  144.630435   72.884188      99.50     158.75        42       4         282500.0            205000.0       59.25         0.913043            91.304348
                Black or African American        Male     Hispanic or Latino           6    528333.333333    290975.371237        377500.0        735000.0                65.737667                29.870484                59.90250                83.63900                 42.666667                  4.932883                      NaN                      NaN        7.916667e+05        1.526652e+05           692500.0           845000.0  171.500000   81.291451     143.00     226.00         6       0         357500.0            152500.0       83.00         1.000000           100.000000
                Black or African American        Male Not Hispanic or Latino          37    486621.621622    192491.176039        295000.0        635000.0                84.316216                15.056574                80.00000                95.00000                 44.730769                  3.650290                      NaN                      NaN        6.098649e+05        2.188813e+05           445000.0           735000.0  160.567568   90.755943      95.00     182.00        34       3         340000.0            290000.0       87.00         0.918919            91.891892
Native Hawaiian or Other Pacific Islander      Female     Hispanic or Latino           2    315000.000000    183847.763109        250000.0        380000.0                85.000000                 7.071068                82.50000                87.50000                 40.500000                  2.121320                    39.75                    41.25        3.650000e+05        1.838478e+05           300000.0           430000.0  145.500000   86.974134     114.75     176.25         2       0         130000.0            130000.0       61.50         1.000000           100.000000
Native Hawaiian or Other Pacific Islander      Female Not Hispanic or Latino           4    432500.000000    178208.679175        302500.0        535000.0                77.714250                20.235413                72.71425                85.00000                 44.000000                  5.000000                      NaN                      NaN        5.550000e+05        1.251666e+05           492500.0           632500.0  143.500000   54.015430     117.25     173.25         4       0         232500.0            140000.0       56.00         1.000000           100.000000
Native Hawaiian or Other Pacific Islander        Male     Hispanic or Latino           2    660000.000000    403050.865276        517500.0        802500.0                84.580500                 7.664330                81.87075                87.29025                 42.000000                  8.485281                    39.00                    45.00        7.650000e+05        4.101219e+05           620000.0           910000.0  170.500000  106.773124     132.75     208.25         2       0         285000.0            290000.0       75.50         1.000000           100.000000
Native Hawaiian or Other Pacific Islander        Male Not Hispanic or Latino           3    381666.666667     83864.970836        355000.0        430000.0                87.776667                 3.850926                86.66500                90.00000                 46.666667                  2.516611                    45.50                    48.00        4.283333e+05        8.144528e+04           400000.0           475000.0  130.666667   69.060360     102.00     169.00         2       1          75000.0             75000.0       67.00         0.666667            66.666667
                                    White      Female     Hispanic or Latino         149    445134.228188    205488.825820        305000.0        565000.0                81.675899                18.161247                77.86000                95.00000                 44.237288                  4.369040                      NaN                      NaN        5.765436e+05        2.668250e+05           385000.0           725000.0  135.416107   79.899269      77.00     170.00       135      14         260000.0            340000.0       93.00         0.906040            90.604027
                                    White      Female Not Hispanic or Latino         339    470250.737463    232936.322706        305000.0        605000.0                70.904920                21.331189                55.25600                85.00000                 44.327869                  3.977183                      NaN                      NaN        7.112242e+05        4.005136e+05           455000.0           860000.0  161.902655  132.205437      99.00     188.00       315      24         300000.0            405000.0       89.00         0.929204            92.920354
                                    White        Male     Hispanic or Latino         280    488321.428571    196467.103701        345000.0        617500.0                83.673636                15.455805                80.00000                95.00000                 44.512077                  3.865280                      NaN                      NaN        6.006786e+05        2.428613e+05           415000.0           755000.0  167.171429  148.509654      98.00     185.25       260      20         272500.0            340000.0       87.25         0.928571            92.857143
                                    White        Male Not Hispanic or Latino         467    550032.119914    244731.939358        365000.0        725000.0                75.356692                20.709903                67.23900                89.99500                 43.955128                  3.960160                      NaN                      NaN        7.746146e+05        3.748812e+05           505000.0           955000.0  213.858672  198.146761     121.00     246.00       441      26         360000.0            450000.0      125.00         0.944325            94.432548