                             derived_race derived_sex      derived_ethnicity  total_apps  avg_loan_amount  std_loan_amount  Q1_loan_amount  Q3_loan_amount  avg_loan_to_value_ratio  std_loan_to_value_ratio  Q1_loan_to_value_ratio  Q3_loan_to_value_ratio  avg_debt_to_income_ratio  std_debt_to_income_ratio  Q1_debt_to_income_ratio  Q3_debt_to_income_ratio  avg_property_value  std_property_value  Q1_property_value  Q3_property_value  avg_income  std_income  Q1_income  Q3_income  accepted  denied  iqr_loan_amount  iqr_property_value  iqr_income  acceptance_rate  acceptance_rate_pct
                 2 or more minority races      Female Not Hispanic or Latino          10    483000.000000    277160.202370        312500.0        577500.0                75.521900                19.327422                70.37500                90.00000                 44.142857                  3.716117                      NaN                      NaN        6.430000e+05       354143.724747           405000.0           705000.0  134.000000   73.117865      81.00     167.50        10       0         265000.0            300000.0       86.50         1.000000           100.000000
                 2 or more minority races        Male     Hispanic or Latino           5    473000.000000    324761.450914        365000.0        605000.0                75.170400                15.230726                76.37000                80.00000                 42.500000                  7.778175                      NaN                      NaN        6.970000e+05       515625.833333           455000.0          1215000.0  223.200000  199.039443     123.00     198.00         5       0         240000.0            760000.0       75.00         1.000000           100.000000
                 2 or more minority races        Male Not Hispanic or Latino           3    438333.333333    217791.949652        350000.0        560000.0                89.666667                12.701706                86.00000                97.00000                 45.000000                  3.605551                     43.0                     46.5        5.116667e+05       310214.979221           360000.0           670000.0  108.666667   43.247351      94.00     133.50         2       1         210000.0            310000.0       39.50         0.666667            66.666667
         American Indian or Alaska Native      Female     Hispanic or Latino           4    357500.000000    148632.656797        317500.0        440000.0                82.336750                19.690065                73.83925                96.99250                 42.000000                  4.582576                      NaN                      NaN        4.675000e+05       231426.734267           365000.0           622500.0  138.000000   71.446950     102.00     172.50         4       0         122500.0            257500.0       70.50         1.000000           100.000000
         American Indian or Alaska Native      Female Not Hispanic or Latino           4    402500.000000    177834.192438        332500.0        485000.0                75.157500                 9.685000                75.15750                80.00000                 39.000000                  4.242641                      NaN                      NaN        5.425000e+05       232002.155162           477500.0           665000.0  214.500000  222.215361     104.50     249.00         4       0         152500.0            187500.0      144.50         1.000000           100.000000
         American Indian or Alaska Native        Male     Hispanic or Latino           8    315000.000000     80356.349202        232500.0        377500.0                77.145250                17.258763                76.99025                82.09525                 43.333333                  4.718757                      NaN                      NaN        4.187500e+05       101268.737243           365000.0           497500.0  115.625000   42.490125      87.00     151.50         7       1         145000.0            132500.0       64.50         0.875000            87.500000
         American Indian or Alaska Native        Male Not Hispanic or Latino           5    685000.000000    231624.696438        605000.0        735000.0                76.503400                17.807651                58.53700                85.00000                 41.500000                  2.380476                      NaN                      NaN        9.650000e+05       491680.790758           745000.0          1025000.0  199.200000   92.188394     176.00     221.00         5       0         130000.0            280000.0       45.00         1.000000           100.000000
                                    Asian      Female     Hispanic or Latino           3    495000.000000     10000.000000        490000.0        500000.0                76.852000                19.909538                67.77800                87.50000                 47.000000                       NaN                      NaN                      NaN        6.783333e+05       200333.056018           565000.0           755000.0  103.666667   52.918176      80.50     132.50         1       2          10000.0            190000.0       52.00         0.333333            33.333333
                                    Asian      Female Not Hispanic or Latino         246    572154.471545    236734.658405        395000.0        725000.0                71.043164                19.540454                60.00000                80.00000                 43.327778                  3.982967                      NaN                      NaN        8.552846e+05       390739.122122           575000.0          1055000.0  182.284553  118.968939     117.50     219.50       227      19         330000.0            480000.0      102.00         0.922764            92.276423
                                    Asian        Male     Hispanic or Latino          10    616000.000000    194961.534668        467500.0        727500.0                80.647900                13.867391                80.00000                91.14825                 45.777778                  3.345810                      NaN                      NaN        7.970000e+05       306949.145263           525000.0          1055000.0  169.800000   64.136660     108.50     229.25        10       0         260000.0            530000.0      120.75         1.000000           100.000000
                                    Asian        Male Not Hispanic or Latino         353    629532.577904    237492.511098        445000.0        785000.0                73.269368                15.981136                64.91200                80.00000                 44.074349                  3.851978                      NaN                      NaN        9.099575e+05       438428.315000           625000.0          1105000.0  198.201133  148.756729     130.00     227.00       329      24         340000.0            480000.0       97.00         0.932011            93.201133
                Black or African American      Female     Hispanic or Latino           1    935000.000000              NaN        935000.0        935000.0                89.950000                      NaN                89.95000                89.95000                 43.000000                       NaN                     43.0                     43.0        1.035000e+06                 NaN          1035000.0          1035000.0  287.000000         NaN     287.00     287.00         1       0              0.0                 0.0        0.00         1.000000           100.000000
                Black or African American      Female Not Hispanic or Latino          37    473648.648649    179863.561904        385000.0        585000.0                84.355324                19.931344                80.00000                95.00000                 42.724138                  4.316882                      NaN                      NaN        5.893243e+05       203763.759461           465000.0           655000.0  145.540541   55.102730     110.00     178.00        31       6         200000.0            190000.0       68.00         0.837838            83.783784
                Black or African American        Male     Hispanic or Latino           7    513571.428571    192304.322315        390000.0        640000.0                76.202714                17.181519                67.40300                86.00000                 46.500000                  2.880972                      NaN                      NaN        7.235714e+05       270827.655618           635000.0           855000.0  144.714286   43.622297     117.50     178.00         5       2         250000.0            220000.0       60.50         0.714286            71.428571
                Black or African American        Male Not Hispanic or Latino          37    483378.378378    235153.773725        325000.0        655000.0                81.082730                20.986646                80.00000                95.00000                 44.086957                  3.871963                      NaN                      NaN        6.531081e+05       307714.133553           465000.0           775000.0  173.513514  118.606404      99.00     194.00        34       3         330000.0            310000.0       95.00         0.918919            91.891892
Native Hawaiian or Other Pacific Islander      Female Not Hispanic or Latino           2    785000.000000    509116.882454        605000.0        965000.0                62.670000                 5.359869                60.77500                64.56500                 49.000000                       NaN                      NaN                      NaN        1.230000e+06       714177.848998           977500.0          1482500.0   70.500000   96.873629      36.25     104.75         1       1         360000.0            505000.0       68.50         0.500000            50.000000
Native Hawaiian or Other Pacific Islander        Male     Hispanic or Latino           1    855000.000000              NaN        855000.0        855000.0                79.480000                      NaN                79.48000                79.48000                       NaN                       NaN                      NaN                      NaN        1.075000e+06                 NaN          1075000.0          1075000.0  367.000000         NaN     367.00     367.00         1       0              0.0                 0.0        0.00         1.000000           100.000000
Native Hawaiian or Other Pacific Islander        Male Not Hispanic or Latino           3    491666.666667    120138.808606        430000.0        550000.0                85.666667                 9.814955                80.00000                88.50000                 41.500000                  2.121320                      NaN                      NaN        5.916667e+05       186100.331363           505000.0           690000.0  178.666667   80.039574     132.50     203.50         3       0         120000.0            185000.0       71.00         1.000000           100.000000
                                    White      Female     Hispanic or Latino         173    420086.705202    188391.658141        305000.0        525000.0                81.125318                18.749273                75.00000                95.00000                 44.281690                  4.077905                      NaN                      NaN        5.567341e+05       296089.629037           385000.0           675000.0  124.786127   62.987037      82.00     147.00       154      19         220000.0            290000.0       65.00         0.890173            89.017341
                                    White      Female Not Hispanic or Latino         348    464712.643678    224292.491625        305000.0        605000.0                71.135974                21.713608                58.78975                88.63250                 43.906250                  4.129165                      NaN                      NaN        6.917241e+05       355155.790459           452500.0           837500.0  157.514368  126.995075      91.75     187.25       330      18         300000.0            385000.0       95.50         0.948276            94.827586
                                    White        Male     Hispanic or Latino         247    483137.651822    213480.100554        345000.0        610000.0                83.911251                15.553607                80.00000                95.00000                 44.642105                  3.703040                      NaN                      NaN        5.988462e+05       272283.673766           435000.0           730000.0  166.044534  147.265157      89.00     183.50       217      30         265000.0            295000.0       94.50         0.878543            87.854251
                                    White        Male Not Hispanic or Latino         493    550557.809331    260537.170243        345000.0        725000.0                75.835237                20.869849                66.66700                90.00000                 43.742331                  3.997829                      NaN                      NaN        7.772718e+05       468683.191614           495000.0           965000.0  209.239351  228.251545     108.00     230.00       454      39         380000.0            470000.0      122.00         0.920892            92.089249