                             derived_race derived_sex      derived_ethnicity  total_apps  avg_loan_amount  std_loan_amount  Q1_loan_amount  Q3_loan_amount  avg_loan_to_value_ratio  std_loan_to_value_ratio  Q1_loan_to_value_ratio  Q3_loan_to_value_ratio  avg_debt_to_income_ratio  std_debt_to_income_ratio  Q1_debt_to_income_ratio  Q3_debt_to_income_ratio  avg_property_value  std_property_value  Q1_property_value  Q3_property_value  avg_income  std_income  Q1_income  Q3_income  accepted  denied  iqr_loan_amount  iqr_property_value  iqr_income  acceptance_rate  acceptance_rate_pct
                 2 or more minority races      Female     Hispanic or Latino           1     95000.000000              NaN         95000.0         95000.0                59.560000                      NaN                59.56000                59.56000                 41.000000                       NaN                    41.00                    41.00        1.650000e+05                 NaN           165000.0           165000.0   57.000000         NaN      57.00      57.00         1       0              0.0                 0.0        0.00         1.000000           100.000000
                 2 or more minority races      Female Not Hispanic or Latino           4    512500.000000    207585.323823        445000.0        607500.0                79.973000                12.291579                76.22300                83.75000                 36.000000                       NaN                      NaN                      NaN        6.400000e+05       231876.403859           610000.0           770000.0  196.250000  132.879331      98.00     291.25         3       1         162500.0            160000.0      193.25         0.750000            75.000000
                 2 or more minority races        Male     Hispanic or Latino           1    935000.000000              NaN        935000.0        935000.0                90.000000                      NaN                90.00000                90.00000                       NaN                       NaN                      NaN                      NaN        1.245000e+06                 NaN          1245000.0          1245000.0  560.000000         NaN     560.00     560.00         1       0              0.0                 0.0        0.00         1.000000           100.000000
         American Indian or Alaska Native      Female     Hispanic or Latino           2    455000.000000     98994.949366        420000.0        490000.0                86.545000                 4.886108                84.81750                88.27250                 48.500000                  0.707107                    48.25                    48.75        5.300000e+05       148492.424049           477500.0           582500.0  127.000000   24.041631     118.50     135.50         2       0          70000.0            105000.0       17.00         1.000000           100.000000
         American Indian or Alaska Native      Female Not Hispanic or Latino           3    518333.333333     41633.319989        495000.0        535000.0                81.633333                 7.583095                77.50000                84.95000                       NaN                       NaN                      NaN                      NaN        6.383333e+05       110604.400154           580000.0           690000.0  236.666667  111.500374     173.50     279.00         3       0          40000.0            110000.0      105.50         1.000000           100.000000
         American Indian or Alaska Native        Male     Hispanic or Latino          10    458000.000000    207688.334878        340000.0        627500.0                85.120300                19.073893                81.25000                95.00000                 43.571429                  3.690399                      NaN                      NaN        5.270000e+05       210597.034906           370000.0           657500.0  142.800000   76.150144      79.25     206.25        10       0         287500.0            287500.0      127.00         1.000000           100.000000
         American Indian or Alaska Native        Male Not Hispanic or Latino           6    406666.666667    268210.116637        190000.0        565000.0                71.994333                28.762618                48.05825                89.40000                 43.000000                  0.000000                      NaN                      NaN        7.516667e+05       446034.378346           445000.0          1055000.0  146.833333   93.796411      83.50     200.50         5       1         375000.0            610000.0      117.00         0.833333            83.333333
                                    Asian      Female     Hispanic or Latino           5    375000.000000    114017.542510        325000.0        405000.0                57.284400                28.725234                31.07000                80.00000                 42.000000                  6.055301                      NaN                      NaN        7.390000e+05       237128.657062           605000.0           925000.0  109.400000   34.077852      93.00     144.00         5       0          80000.0            320000.0       51.00         1.000000           100.000000
                                    Asian      Female Not Hispanic or Latino         253    558873.517787    228323.808913        385000.0        705000.0                71.144891                19.505901                60.95900                80.00000                 43.518519                  4.161107                      NaN                      NaN        8.351976e+05       389013.251695           575000.0           995000.0  212.727273  483.950395     116.00     217.00       230      23         320000.0            420000.0      101.00         0.909091            90.909091
                                    Asian        Male     Hispanic or Latino          12    494166.666667    198606.890539        405000.0        580000.0                83.433500                15.781508                78.75000                93.74975                 45.333333                  2.000000                      NaN                      NaN        6.083333e+05       232509.367684           492500.0           700000.0  147.166667   76.612168      86.75     182.75        11       1         175000.0            207500.0       96.00         0.916667            91.666667
                                    Asian        Male Not Hispanic or Latino         370    612432.432432    236381.144675        445000.0        765000.0                74.591135                30.894632                64.93250                83.84250                 43.794118                  3.964078                      NaN                      NaN        8.889189e+05       404184.137809           615000.0          1090000.0  189.972973  112.847569     125.00     229.75       346      24         320000.0            475000.0      104.75         0.935135            93.513514
                Black or African American      Female Not Hispanic or Latino          40    502500.000000    167511.959007        402500.0        592500.0                84.747900                14.148345                80.00000                95.00000                 44.500000                  3.765634                      NaN                      NaN        6.300000e+05       235437.399813           465000.0           717500.0  148.375000   63.297299     103.00     170.00        37       3         190000.0            252500.0       67.00         0.925000            92.500000
                Black or African American        Male     Hispanic or Latino           7    492142.857143     93043.768502        430000.0        540000.0                82.924286                16.342771                72.58500                95.00000                 45.600000                  3.049590                      NaN                      NaN        6.421429e+05       131746.509848           545000.0           730000.0  171.571429   55.235427     146.00     186.00         7       0         110000.0            185000.0       40.00         1.000000           100.000000
                Black or African American        Male Not Hispanic or Latino          32    572812.500000    302566.808138        360000.0        765000.0                77.502103                21.896744                76.45575                94.79750                 44.090909                  3.778499                      NaN                      NaN        7.740625e+05       393039.104802           502500.0          1015000.0  176.062500  136.146254      89.00     230.25        26       6         405000.0            512500.0      141.25         0.812500            81.250000
Native Hawaiian or Other Pacific Islander      Female     Hispanic or Latino           1    445000.000000              NaN        445000.0        445000.0                90.000000                      NaN                90.00000                90.00000                 39.000000                       NaN                    39.00                    39.00        4.950000e+05                 NaN           495000.0           495000.0  207.000000         NaN     207.00     207.00         1       0              0.0                 0.0        0.00         1.000000           100.000000
Native Hawaiian or Other Pacific Islander      Female Not Hispanic or Latino           2    475000.000000     56568.542495        455000.0        495000.0                77.500000                 3.535534                76.25000                78.75000                 46.000000                  2.828427                    45.00                    47.00        6.100000e+05        49497.474683           592500.0           627500.0  192.000000    4.242641     190.50     193.50         2       0          40000.0             35000.0        3.00         1.000000           100.000000
Native Hawaiian or Other Pacific Islander        Male Not Hispanic or Latino           4    405000.000000    262424.592344        252500.0        502500.0                87.332500                12.083414                80.49750                97.00000                 45.666667                  2.886751                      NaN                      NaN        5.025000e+05       397607.427831           292500.0           595000.0  111.250000   90.948245      54.00     130.25         2       2         250000.0            302500.0       76.25         0.500000            50.000000
                                    White      Female     Hispanic or Latino         156    417628.205128    190022.450896        265000.0        525000.0                79.744761                18.892345                75.00000                95.00000                 44.221311                  3.923888                      NaN                      NaN        5.587821e+05       275553.034410           375000.0           697500.0  134.000000   96.672443      72.00     170.25       134      22         260000.0            322500.0       98.25         0.858974            85.897436
                                    White      Female Not Hispanic or Latino         352    498039.772727    241300.178598        335000.0        637500.0                72.927509                19.700794                61.44725                90.00000                 44.065891                  3.932247                      NaN                      NaN        7.192614e+05       363445.869636           475000.0           877500.0  168.014205  139.938478      99.75     197.50       326      26         302500.0            402500.0       97.75         0.926136            92.613636
                                    White        Male     Hispanic or Latino         271    464594.095941    187330.717168        330000.0        575000.0                84.217948                14.925535                80.00000                95.00000                 44.733010                  3.783350                      NaN                      NaN        5.704244e+05       245140.369458           395000.0           690000.0  145.324723  100.935025      88.00     165.00       245      26         245000.0            295000.0       77.00         0.904059            90.405904
                                    White        Male Not Hispanic or Latino         468    551474.358974    252036.173487        375000.0        717500.0                74.221184                18.564847                65.81100                86.36250                 43.787582                  3.982417                      NaN                      NaN        8.205556e+05       542533.819697           522500.0           975000.0  226.782051  356.477778     118.00     244.25       439      29         342500.0            452500.0      126.25         0.938034            93.803419