                             derived_race derived_sex      derived_ethnicity  total_apps  avg_loan_amount  std_loan_amount  Q1_loan_amount  Q3_loan_amount  avg_loan_to_value_ratio  std_loan_to_value_ratio  Q1_loan_to_value_ratio  Q3_loan_to_value_ratio  avg_debt_to_income_ratio  std_debt_to_income_ratio  Q1_debt_to_income_ratio  Q3_debt_to_income_ratio  avg_property_value  std_property_value  Q1_property_value  Q3_property_value  avg_income  std_income  Q1_income  Q3_income  accepted  denied  iqr_loan_amount  iqr_property_value  iqr_income  acceptance_rate  acceptance_rate_pct
                 2 or more minority races      Female     Hispanic or Latino           1    605000.000000              NaN        605000.0        605000.0                85.374000                      NaN                 85.3740                 85.3740                 45.000000                       NaN                    45.00                    45.00       705000.000000                 NaN           705000.0           705000.0  138.000000         NaN     138.00     138.00         1       0              0.0                 0.0        0.00         1.000000           100.000000
                 2 or more minority races        Male Not Hispanic or Latino           3    488333.333333     51316.014394        460000.0        510000.0                78.333333                17.559423                 70.0000                 87.5000                 40.000000                  2.828427                      NaN                      NaN       658333.333333       221885.856542           535000.0           750000.0  195.666667   91.358269     143.50     228.50         3       0          50000.0            215000.0       85.00         1.000000           100.000000
         American Indian or Alaska Native      Female     Hispanic or Latino           4    397500.000000     88081.401745        365000.0        452500.0                83.250000                19.720970                 74.5000                 93.7500                 44.000000                       NaN                      NaN                      NaN       510000.000000        66080.758672           465000.0           560000.0  142.250000   31.573987     121.00     161.25         4       0          87500.0             95000.0       40.25         1.000000           100.000000
         American Indian or Alaska Native      Female Not Hispanic or Latino           2    550000.000000    176776.695297        487500.0        612500.0                62.500000                10.606602                 58.7500                 66.2500                 37.000000                       NaN                      NaN                      NaN       875000.000000       127279.220614           830000.0           920000.0  201.000000   97.580736     166.50     235.50         2       0         125000.0             90000.0       69.00         1.000000           100.000000
         American Indian or Alaska Native        Male     Hispanic or Latino          13    496538.461538    202313.541887        405000.0        615000.0                82.302385                16.030119                 80.0000                 95.0000                 45.800000                  1.932184                      NaN                      NaN       590384.615385       207509.653776           505000.0           725000.0  160.461538   96.263194      98.00     174.00         9       4         210000.0            220000.0       76.00         0.692308            69.230769
         American Indian or Alaska Native        Male Not Hispanic or Latino           3    438333.333333    253245.598843        295000.0        535000.0                86.746333                 7.612755                 82.6195                 90.1195                 40.500000                  4.949747                      NaN                      NaN       528333.333333       342101.349505           335000.0           660000.0  156.666667  105.158610     102.50     207.50         3       0         240000.0            325000.0      105.00         1.000000           100.000000
                                    Asian      Female     Hispanic or Latino           7    477857.142857    264746.059820        275000.0        595000.0                70.178000                20.082519                 56.2030                 83.4200                 44.800000                  5.215362                      NaN                      NaN       709285.714286       339600.605754           525000.0           915000.0  141.142857  121.477609      74.50     171.00         6       1         320000.0            390000.0       96.50         0.857143            85.714286
                                    Asian      Female Not Hispanic or Latino         234    539316.239316    180278.047032        405000.0        655000.0                71.676850                17.218116                 60.0000                 80.0000                 43.790960                  4.074077                      NaN                      NaN       802692.307692       365288.726102           555000.0           935000.0  166.153846   84.756973     116.00     197.50       214      20         250000.0            380000.0       81.50         0.914530            91.452991
                                    Asian        Male     Hispanic or Latino          12    555833.333333    200474.815164        422500.0        650000.0                85.471500                 8.545828                 80.0000                 91.2500                 42.600000                  4.526465                      NaN                      NaN       668333.333333       302454.604658           512500.0           722500.0  138.083333   66.800188     104.25     157.25        10       2         227500.0            210000.0       53.00         0.833333            83.333333
                                    Asian        Male Not Hispanic or Latino         377    624018.567639    245589.482273        435000.0        765000.0                72.846844                18.383699                 65.5170                 85.0000                 43.875445                  4.102543                      NaN                      NaN       914787.798408       462926.580227           625000.0          1105000.0  205.485411  158.548856     130.00     250.00       353      24         330000.0            480000.0      120.00         0.936340            93.633952
                Black or African American      Female     Hispanic or Latino           1    405000.000000              NaN        405000.0        405000.0                83.000000                      NaN                 83.0000                 83.0000                       NaN                       NaN                      NaN                      NaN       505000.000000                 NaN           505000.0           505000.0   84.000000         NaN      84.00      84.00         1       0              0.0                 0.0        0.00         1.000000           100.000000
                Black or African American      Female Not Hispanic or Latino          45    531000.000000    230003.952535        385000.0        635000.0                85.511400                12.862541                 79.0000                 95.0000                 45.107143                  3.467727                      NaN                      NaN       663222.222222       265871.541854           475000.0           785000.0  175.444444   98.779726     110.00     191.00        35      10         250000.0            310000.0       81.00         0.777778            77.777778
                Black or African American        Male     Hispanic or Latino           3    361666.666667    133166.562370        305000.0        435000.0                74.942667                22.086056                 63.9140                 86.0000                 42.333333                  6.027714                    39.50                    45.50       535000.000000       283548.937575           425000.0           695000.0  178.333333  133.117742     105.50     236.00         3       0         130000.0            270000.0      130.50         1.000000           100.000000
                Black or African American        Male Not Hispanic or Latino          35    525000.000000    233389.349019        365000.0        610000.0                86.328200                14.344388                 80.0000                 95.0000                 45.592593                  2.938593                      NaN                      NaN       645000.000000       361231.553569           420000.0           710000.0  167.428571  101.982491     103.00     201.00        32       3         245000.0            290000.0       98.00         0.914286            91.428571
Native Hawaiian or Other Pacific Islander      Female Not Hispanic or Latino           4    542500.000000    407625.236379        322500.0        605000.0                79.115000                18.975411                 64.8450                 92.5000                 47.000000                  2.828427                      NaN                      NaN       750000.000000       658559.033041           415000.0           790000.0   61.000000   41.093390      52.25      81.25         3       1         282500.0            375000.0       29.00         0.750000            75.000000
Native Hawaiian or Other Pacific Islander        Male Not Hispanic or Latino           2    870000.000000    275771.644663        772500.0        967500.0                98.143000                 4.444873                 96.5715                 99.7145                 44.500000                  3.535534                    43.25                    45.75       915000.000000       296984.848098           810000.0          1020000.0  231.000000   33.941125     219.00     243.00         1       1         195000.0            210000.0       24.00         0.500000            50.000000
                                    White      Female     Hispanic or Latino         189    419126.984127    215465.613493        255000.0        545000.0                78.917598                20.215075                 75.0000                 95.0000                 44.335404                  4.104790                      NaN                      NaN       571296.296296       337632.617029           365000.0           705000.0  126.465608   73.907973      77.00     156.00       176      13         290000.0            340000.0       79.00         0.931217            93.121693
                                    White      Female Not Hispanic or Latino         338    480739.644970    238042.618237        315000.0        615000.0                70.388030                21.121182                 58.3630                 85.0000                 43.173913                  4.102956                      NaN                      NaN       724201.183432       370970.674453           457500.0           915000.0  175.408284  175.644009      95.00     214.75       316      22         300000.0            457500.0      119.75         0.934911            93.491124
                                    White        Male     Hispanic or Latino         266    464736.842105    200671.340979        327500.0        592500.0                82.156827                16.158839                 80.0000                 95.0000                 43.930851                  4.121225                      NaN                      NaN       588759.398496       252900.462197           415000.0           725000.0  163.120301  127.818624      93.25     186.00       240      26         265000.0            310000.0       92.75         0.902256            90.225564
                                    White        Male Not Hispanic or Latino         461    546691.973970    269236.764482        345000.0        725000.0                72.307991                20.825188                 61.6560                 89.1490                 43.930921                  4.040043                      NaN                      NaN       808145.336226       430209.603269           535000.0           955000.0  202.212581  155.933062     109.00     239.00       431      30         380000.0            420000.0      130.00         0.934924            93.492408