                             derived_race derived_sex      derived_ethnicity  total_apps  avg_loan_amount  std_loan_amount  Q1_loan_amount  Q3_loan_amount  avg_loan_to_value_ratio  std_loan_to_value_ratio  Q1_loan_to_value_ratio  Q3_loan_to_value_ratio  avg_debt_to_income_ratio  std_debt_to_income_ratio  Q1_debt_to_income_ratio  Q3_debt_to_income_ratio  avg_property_value  std_property_value  Q1_property_value  Q3_property_value  avg_income  std_income  Q1_income  Q3_income  accepted  denied  iqr_loan_amount  iqr_property_value  iqr_income  acceptance_rate  acceptance_rate_pct
                 2 or more minority races      Female Not Hispanic or Latino           4    547500.000000    312449.995999        350000.0        642500.0                83.750000                 4.787136                80.00000                86.25000                 44.250000                  4.500000                    41.25                    48.00       650000.000000       359675.779928           437500.0           732500.0  139.000000   78.896557      79.75     182.25         4       0         292500.0            295000.0      102.50         1.000000           100.000000
                 2 or more minority races        Male     Hispanic or Latino           1    665000.000000              NaN        665000.0        665000.0                80.000000                      NaN                80.00000                80.00000                 49.000000                       NaN                    49.00                    49.00       835000.000000                 NaN           835000.0           835000.0  180.000000         NaN     180.00     180.00         1       0              0.0                 0.0        0.00         1.000000           100.000000
                 2 or more minority races        Male Not Hispanic or Latino           1    505000.000000              NaN        505000.0        505000.0                97.000000                      NaN                97.00000                97.00000                 42.000000                       NaN                    42.00                    42.00       525000.000000                 NaN           525000.0           525000.0  129.000000         NaN     129.00     129.00         1       0              0.0                 0.0        0.00         1.000000           100.000000
         American Indian or Alaska Native      Female     Hispanic or Latino           6    495000.000000    212602.916255        352500.0        545000.0                85.619667                 9.728559                80.00000                87.49550                 45.000000                  2.449490                      NaN                      NaN       621666.666667       257578.467009           447500.0           680000.0  230.833333  253.912124     106.50     170.00         6       0         192500.0            232500.0       63.50         1.000000           100.000000
         American Indian or Alaska Native      Female Not Hispanic or Latino           5    431000.000000    180222.085217        245000.0        545000.0                91.654800                12.954548                95.00000                95.00000                 48.000000                  1.414214                      NaN                      NaN       479000.000000       158839.541676           355000.0           575000.0  145.800000   56.166716     105.00     179.00         4       1         300000.0            220000.0       74.00         0.800000            80.000000
         American Indian or Alaska Native        Male     Hispanic or Latino          10    442000.000000    206830.580159        320000.0        590000.0                87.504200                 9.532712                80.00000                94.30000                 42.000000                  4.690416                      NaN                      NaN       509000.000000       235287.058718           425000.0           605000.0  123.400000   47.359617      92.50     145.50         8       2         270000.0            180000.0       53.00         0.800000            80.000000
         American Indian or Alaska Native        Male Not Hispanic or Latino           4    587500.000000    193455.421222        517500.0        720000.0                75.473000                19.478506                71.72500                86.24750                 43.000000                  3.605551                      NaN                      NaN       770000.000000        82663.978451           720000.0           820000.0  172.500000   43.669211     140.75     190.25         4       0         202500.0            100000.0       49.50         1.000000           100.000000
                                    Asian      Female     Hispanic or Latino           6    476666.666667    206631.717475        320000.0        550000.0                79.043500                21.342834                74.15825                94.32750                 46.166667                  3.188521                    44.50                    48.75       613333.333333       214141.697637           442500.0           750000.0  118.000000   48.887626      76.75     140.25         6       0         230000.0            307500.0       63.50         1.000000           100.000000
                                    Asian      Female Not Hispanic or Latino         234    557606.837607    225916.443867        395000.0        705000.0                71.833932                18.407631                58.13200                80.00000                 43.847953                  4.032257                      NaN                      NaN       817094.017094       351676.999750           575000.0           972500.0  171.311966  108.640017     114.00     203.75       214      20         310000.0            397500.0       89.75         0.914530            91.452991
                                    Asian        Male     Hispanic or Latino          11    577727.272727    261613.872304        360000.0        765000.0                75.696636                25.873761                75.21650                91.50250                 43.400000                  4.452215                      NaN                      NaN       842272.727273       347018.469511           545000.0          1110000.0  162.818182   78.329839     105.50     206.50        11       0         405000.0            565000.0      101.00         1.000000           100.000000
                                    Asian        Male Not Hispanic or Latino         406    646305.418719    239005.181658        467500.0        765000.0                73.607749                17.142166                66.93025                84.87100                 43.806020                  4.052818                      NaN                      NaN       929285.714286       410561.021937           665000.0          1155000.0  200.751232  119.833793     136.00     239.75       373      33         297500.0            490000.0      103.75         0.918719            91.871921
                Black or African American      Female     Hispanic or Latino           5    615000.000000    253278.502838        405000.0        815000.0                87.070000                10.773091                83.00000                95.00000                 43.000000                       NaN                      NaN                      NaN       699000.000000       239123.399106           505000.0           865000.0  208.200000  141.298266      84.00     287.00         4       1         410000.0            360000.0      203.00         0.800000            80.000000
                Black or African American      Female Not Hispanic or Latino          58    469655.172414    229180.198138        350000.0        622500.0                91.620517                31.319029                83.27825                97.00000                 44.590909                  4.150193                      NaN                      NaN       571206.896552       222464.880621           432500.0           705000.0  142.793103   60.286380      94.75     189.50        49       9         272500.0            272500.0       94.75         0.844828            84.482759
                Black or African American        Male     Hispanic or Latino           4    585000.000000    291547.594742        472500.0        672500.0                82.500000                18.484228                71.25000                96.25000                 46.000000                  2.828427                      NaN                      NaN       697500.000000       242950.612265           547500.0           800000.0  123.750000   17.075811     114.25     126.50         3       1         200000.0            252500.0       12.25         0.750000            75.000000
                Black or African American        Male Not Hispanic or Latino          29    547758.620690    275847.998410        345000.0        725000.0                82.478483                17.202145                76.76900                95.00000                 43.450000                  3.913203                      NaN                      NaN       688448.275862       332729.790221           505000.0           775000.0  182.172414  139.883898     100.00     222.00        24       5         380000.0            270000.0      122.00         0.827586            82.758621
Native Hawaiian or Other Pacific Islander      Female     Hispanic or Latino           2    340000.000000     35355.339059        327500.0        352500.0                59.015000                39.576767                45.02250                73.00750                 47.000000                  0.000000                    47.00                    47.00       765000.000000       565685.424949           565000.0           965000.0  209.500000  190.211724     142.25     276.75         1       1          25000.0            400000.0      134.50         0.500000            50.000000
Native Hawaiian or Other Pacific Islander      Female Not Hispanic or Latino           2    495000.000000    141421.356237        445000.0        545000.0                77.000000                 4.242641                75.50000                78.50000                 40.000000                       NaN                      NaN                      NaN       635000.000000       141421.356237           585000.0           685000.0  151.000000    8.485281     148.00     154.00         2       0         100000.0            100000.0        6.00         1.000000           100.000000
Native Hawaiian or Other Pacific Islander        Male Not Hispanic or Latino           1    225000.000000              NaN        225000.0        225000.0                96.000000                      NaN                96.00000                96.00000                 37.000000                       NaN                    37.00                    37.00       235000.000000                 NaN           235000.0           235000.0   56.000000         NaN      56.00      56.00         1       0              0.0                 0.0        0.00         1.000000           100.000000
                                    White      Female     Hispanic or Latino         172    423662.790698    213179.665624        282500.0        565000.0                80.049404                19.765449                74.29750                95.00000                 44.869231                  3.950053                      NaN                      NaN       565755.813953       291918.455170           375000.0           707500.0  155.750000  366.484422      80.00     150.50       146      26         282500.0            332500.0       70.50         0.848837            84.883721
                                    White      Female Not Hispanic or Latino         354    465395.480226    246272.751399        285000.0        625000.0                71.904644                20.947234                59.49250                86.54025                 43.725738                  4.079285                      NaN                      NaN       683107.344633       359579.672468           447500.0           845000.0  161.169492  117.970369      91.00     208.00       322      32         340000.0            397500.0      117.00         0.909605            90.960452
                                    White        Male     Hispanic or Latino         252    473055.555556    191612.441085        345000.0        585000.0                83.724206                14.530199                80.00000                95.00000                 44.566138                  3.819340                      NaN                      NaN       588650.793651       241037.277620           415000.0           715000.0  150.988095  100.484860      94.00     176.00       228      24         240000.0            300000.0       82.00         0.904762            90.476190
                                    White        Male Not Hispanic or Latino         433    548856.812933    237398.414544        375000.0        715000.0                76.132443                17.206475                68.86900                90.00000                 43.818182                  3.943703                      NaN                      NaN       766177.829099       386647.207686           505000.0           965000.0  201.577367  149.080047     109.00     242.00       403      30         340000.0            460000.0      133.00         0.930716            93.071594