                             derived_race derived_sex      derived_ethnicity  total_apps  avg_loan_amount  std_loan_amount  Q1_loan_amount  Q3_loan_amount  avg_loan_to_value_ratio  std_loan_to_value_ratio  Q1_loan_to_value_ratio  Q3_loan_to_value_ratio  avg_debt_to_income_ratio  std_debt_to_income_ratio  Q1_debt_to_income_ratio  Q3_debt_to_income_ratio  avg_property_value  std_property_value  Q1_property_value  Q3_property_value  avg_income  std_income  Q1_income  Q3_income  accepted  denied  iqr_loan_amount  iqr_property_value  iqr_income  acceptance_rate  acceptance_rate_pct
                 2 or more minority races      Female Not Hispanic or Latino           2    455000.000000     98994.949366        420000.0        490000.0                95.000000                 7.071068                92.50000                97.50000                 40.500000                  2.121320                    39.75                    41.25       535000.000000        70710.678119           510000.0           560000.0  162.500000    0.707107     162.25     162.75         2       0          70000.0             50000.0        0.50         1.000000           100.000000
                 2 or more minority races        Male     Hispanic or Latino           3    538333.333333    105987.420637        490000.0        595000.0                79.932000                15.102115                72.39800                87.50000                 43.000000                  0.000000                      NaN                      NaN       701666.666667       246644.143116           560000.0           785000.0  142.666667   25.716402     128.00     152.00         3       0         105000.0            225000.0       24.00         1.000000           100.000000
                 2 or more minority races        Male Not Hispanic or Latino           5    533000.000000    149231.363996        415000.0        645000.0                85.282800                26.806434                80.00000               100.00000                 45.500000                  2.516611                      NaN                      NaN       681000.000000       252051.582022           525000.0           805000.0  233.200000   66.315157     232.00     269.00         4       1         230000.0            280000.0       37.00         0.800000            80.000000
         American Indian or Alaska Native      Female     Hispanic or Latino           4    400000.000000    268638.542779        232500.0        522500.0                84.354750                 8.709500                80.00000                84.35475                       NaN                       NaN                      NaN                      NaN       460000.000000       261470.202254           295000.0           610000.0  166.250000   61.277375     127.50     180.25         3       1         290000.0            315000.0       52.75         0.750000            75.000000
         American Indian or Alaska Native      Female Not Hispanic or Latino           3    491666.666667     64291.005073        455000.0        515000.0                88.333333                 7.637626                85.00000                92.50000                 43.666667                  6.806859                    41.00                    47.50       561666.666667        65064.070986           530000.0           595000.0  153.000000   28.513155     138.50     167.00         3       0          60000.0             65000.0       28.50         1.000000           100.000000
         American Indian or Alaska Native        Male     Hispanic or Latino          12    481666.666667    174060.247320        385000.0        590000.0                88.446667                 8.457038                80.00000                95.50000                 42.000000                  4.949747                      NaN                      NaN       559166.666667       227933.735719           432500.0           720000.0  168.333333  137.781997      90.00     185.25        10       2         205000.0            287500.0       95.25         0.833333            83.333333
         American Indian or Alaska Native        Male Not Hispanic or Latino           6    521666.666667    205977.345033        372500.0        677500.0                80.927167                11.152124                75.23775                89.90950                 42.833333                  5.455884                    38.00                    47.75       656666.666667       256547.591426           510000.0           812500.0  128.666667   47.238402      99.75     159.75         5       1         305000.0            302500.0       60.00         0.833333            83.333333
                                    Asian      Female     Hispanic or Latino           4    370000.000000    124766.448481        295000.0        390000.0                82.437250                22.851807                80.68725                95.00000                 46.500000                  2.380476                    46.00                    48.00       470000.000000       144798.710860           350000.0           590000.0   97.000000   28.717010      83.75     102.75         4       0          95000.0            240000.0       19.00         1.000000           100.000000
                                    Asian      Female Not Hispanic or Latino         225    569000.000000    215586.823743        395000.0        695000.0                72.829938                17.459753                65.00000                80.00000                 43.351190                  4.052263                      NaN                      NaN       826377.777778       368633.291997           575000.0           975000.0  189.524444  133.775767     117.00     222.00       207      18         300000.0            400000.0      105.00         0.920000            92.000000
                                    Asian        Male     Hispanic or Latino          11    533181.818182    248508.276796        350000.0        660000.0                75.748455                19.942384                67.50000                90.00000                 43.142857                  3.387653                      NaN                      NaN       739545.454545       369252.315805           510000.0           850000.0  127.818182   65.280653      96.50     155.00         8       3         310000.0            340000.0       58.50         0.727273            72.727273
                                    Asian        Male Not Hispanic or Latino         358    620837.988827    228256.690014        455000.0        765000.0                73.176542                16.903223                64.84775                80.00000                 43.400810                  4.138516                      NaN                      NaN       902178.770950       413923.126324           635000.0          1085000.0  228.198324  387.663716     140.25     251.50       337      21         310000.0            450000.0      111.25         0.941341            94.134078
                Black or African American      Female     Hispanic or Latino           5    471000.000000    197560.117433        335000.0        495000.0                78.939200                25.376990                62.40600                95.00000                 42.666667                  4.725816                      NaN                      NaN       645000.000000       221472.345904           485000.0           795000.0  178.000000  117.243337      76.00     286.00         5       0         160000.0            310000.0      210.00         1.000000           100.000000
                Black or African American      Female Not Hispanic or Latino          50    506400.000000    216059.421154        347500.0        660000.0                89.600600                11.562468                85.00000                96.71825                 44.684211                  2.941826                      NaN                      NaN       590200.000000       231624.608329           432500.0           742500.0  153.520000   79.884417      98.50     180.75        43       7         312500.0            310000.0       82.25         0.860000            86.000000
                Black or African American        Male     Hispanic or Latino           4    600000.000000    179350.680698        467500.0        727500.0                86.595750                19.720266                84.90125                96.25000                 46.500000                  3.535534                      NaN                      NaN       737500.000000       150858.653492           682500.0           845000.0  185.500000   75.971486     132.50     237.00         2       2         260000.0            162500.0      104.50         0.500000            50.000000
                Black or African American        Male Not Hispanic or Latino          43    516395.348837    239131.179335        405000.0        665000.0                79.899302                21.765204                76.91650                95.00000                 44.689655                  4.544254                      NaN                      NaN       745697.674419       633104.201718           465000.0           785000.0  183.116279  198.452370     109.00     176.00        35       8         260000.0            320000.0       67.00         0.813953            81.395349
Native Hawaiian or Other Pacific Islander      Female Not Hispanic or Latino           1    425000.000000              NaN        425000.0        425000.0                95.000000                      NaN                95.00000                95.00000                 46.000000                       NaN                    46.00                    46.00       445000.000000                 NaN           445000.0           445000.0  153.000000         NaN     153.00     153.00         1       0              0.0                 0.0        0.00         1.000000           100.000000
Native Hawaiian or Other Pacific Islander        Male Not Hispanic or Latino           4    485000.000000    107393.357957        430000.0        495000.0                81.476000                16.586409                74.72600                91.75000                 41.500000                  6.557439                    36.00                    46.00       615000.000000       182391.520271           472500.0           752500.0  131.500000   32.827834     110.75     157.75         4       0          65000.0            280000.0       47.00         1.000000           100.000000
                                    White      Female     Hispanic or Latino         157    450414.012739    195275.907523        325000.0        535000.0                83.549032                16.795914                80.00000                95.00000                 44.221239                  3.790812                      NaN                      NaN       563343.949045       231768.139925           405000.0           685000.0  138.082803   79.173047      84.00     176.00       142      15         210000.0            280000.0       92.00         0.904459            90.445860
                                    White      Female Not Hispanic or Latino         340    484264.705882    227898.674481        325000.0        625000.0                72.625624                18.922345                62.69950                84.83350                 43.859574                  4.039530                      NaN                      NaN       695911.764706       333351.698696           475000.0           865000.0  167.208824  132.204255     100.00     200.00       307      33         300000.0            390000.0      100.00         0.902941            90.294118
                                    White        Male     Hispanic or Latino         264    472462.121212    204081.915459        325000.0        605000.0                83.965311                13.999922                80.00000                95.00000                 44.182796                  3.824378                      NaN                      NaN       586098.484848       267996.236278           385000.0           735000.0  167.136364  177.756670      85.00     182.00       244      20         280000.0            350000.0       97.00         0.924242            92.424242
                                    White        Male Not Hispanic or Latino         499    553837.675351    256737.821404        355000.0        745000.0                74.247030                18.689803                66.55850                88.55300                 43.422857                  4.070094                      NaN                      NaN       784739.478958       430076.732979           515000.0           975000.0  194.925852  164.314349     118.00     235.00       466      33         390000.0            460000.0      117.00         0.933868            93.386774