                             derived_race derived_sex      derived_ethnicity  total_apps  avg_loan_amount  std_loan_amount  Q1_loan_amount  Q3_loan_amount  avg_loan_to_value_ratio  std_loan_to_value_ratio  Q1_loan_to_value_ratio  Q3_loan_to_value_ratio  avg_debt_to_income_ratio  std_debt_to_income_ratio  Q1_debt_to_income_ratio  Q3_debt_to_income_ratio  avg_property_value  std_property_value  Q1_property_value  Q3_property_value  avg_income  std_income  Q1_income  Q3_income  accepted  denied  iqr_loan_amount  iqr_property_value  iqr_income  acceptance_rate  acceptance_rate_pct
                 2 or more minority races      Female     Hispanic or Latino           1    265000.000000              NaN        265000.0        265000.0                95.000000                      NaN                95.00000                95.00000                 39.000000                       NaN                     39.0                     39.0        2.850000e+05                 NaN           285000.0           285000.0  101.000000         NaN     101.00     101.00         0       1              0.0                 0.0        0.00         0.000000             0.000000
                 2 or more minority races      Female Not Hispanic or Latino           5    543000.000000    274535.972142        475000.0        505000.0                66.130400                26.644110                58.00000                83.70000                 48.000000                  0.000000                      NaN                      NaN        9.830000e+05       249739.864659           855000.0          1175000.0  169.800000   75.915743     128.00     240.00         4       1          30000.0            320000.0      112.00         0.800000            80.000000
                 2 or more minority races        Male     Hispanic or Latino           1    425000.000000              NaN        425000.0        425000.0                80.000000                      NaN                80.00000                80.00000                       NaN                       NaN                      NaN                      NaN        5.350000e+05                 NaN           535000.0           535000.0  124.000000         NaN     124.00     124.00         1       0              0.0                 0.0        0.00         1.000000           100.000000
                 2 or more minority races        Male Not Hispanic or Latino           3    428333.333333     70237.691686        395000.0        465000.0                78.149667                32.649735                68.72450                97.00000                 42.000000                  2.828427                      NaN                      NaN        6.083333e+05       225018.517757           480000.0           690000.0  126.666667   21.197484     117.00     138.00         2       1          70000.0            210000.0       21.00         0.666667            66.666667
         American Indian or Alaska Native      Female     Hispanic or Latino           5    343000.000000    109407.495173        325000.0        385000.0                85.934400                10.961091                80.00000                95.00000                 46.800000                  3.346640                     47.0                     49.0        3.970000e+05       128724.512040           345000.0           425000.0  125.000000   35.965261     111.00     144.00         5       0          60000.0             80000.0       33.00         1.000000           100.000000
         American Indian or Alaska Native      Female Not Hispanic or Latino           5    471000.000000    227002.202632        375000.0        615000.0                74.901600                13.182033                70.00000                80.00000                 44.400000                  4.878524                     42.0                     47.0        6.370000e+05       282966.429104           535000.0           785000.0  117.200000   51.949013      91.00     160.00         5       0         240000.0            250000.0       69.00         1.000000           100.000000
         American Indian or Alaska Native        Male     Hispanic or Latino          11    417727.272727    259387.390175        250000.0        510000.0                78.752545                36.868264                64.00000                95.00000                 45.857143                  2.911390                      NaN                      NaN        6.140909e+05       365388.958384           380000.0           755000.0  181.818182  126.747638     111.50     215.50         9       2         260000.0            375000.0      104.00         0.818182            81.818182
         American Indian or Alaska Native        Male Not Hispanic or Latino           4    232500.000000     87702.147446        187500.0        270000.0                80.432750                23.748199                75.38900                91.66125                 46.500000                  3.535534                      NaN                      NaN        3.225000e+05       129967.944766           235000.0           417500.0   74.500000   13.329166      63.50      85.50         4       0          82500.0            182500.0       22.00         1.000000           100.000000
                                    Asian      Female     Hispanic or Latino           4    352500.000000    192764.969155        212500.0        500000.0                70.088000                30.102120                66.33800                86.25000                 42.333333                  3.785939                      NaN                      NaN        5.800000e+05       290344.622819           485000.0           685000.0  102.750000   33.875999      87.25     116.00         4       0         287500.0            200000.0       28.75         1.000000           100.000000
                                    Asian      Female Not Hispanic or Latino         223    577421.524664    227931.279914        405000.0        715000.0                72.569552                18.180118                61.33550                85.00000                 43.311688                  4.455326                      NaN                      NaN        8.450000e+05       389812.844906           585000.0           985000.0  188.008969   97.074597     125.50     226.00       210      13         310000.0            400000.0      100.50         0.941704            94.170404
                                    Asian        Male     Hispanic or Latino           9    571666.666667    141067.359797        555000.0        625000.0                84.810333                 5.025148                80.00000                89.99900                 45.571429                  5.223573                      NaN                      NaN        7.461111e+05       119000.466852           665000.0           835000.0  162.555556   82.400108     112.00     156.00         8       1          70000.0            170000.0       44.00         0.888889            88.888889
                                    Asian        Male Not Hispanic or Latino         357    634243.697479    237906.929909        455000.0        775000.0                73.604744                17.058428                65.00000                84.99900                 43.656250                  4.173563                      NaN                      NaN        9.333473e+05       487815.368836           625000.0          1185000.0  208.114846  138.301721     127.00     251.00       333      24         320000.0            560000.0      124.00         0.932773            93.277311
                Black or African American      Female     Hispanic or Latino           2    545000.000000    155563.491861        490000.0        600000.0                89.995000                 0.007071                89.99250                89.99750                 45.000000                  5.656854                     43.0                     47.0        6.050000e+05       169705.627485           545000.0           665000.0  199.500000  140.714249     149.75     249.25         2       0         110000.0            120000.0       99.50         1.000000           100.000000
                Black or African American      Female Not Hispanic or Latino          53    504811.320755    200187.321565        395000.0        635000.0                80.639679                19.372812                75.00000                95.00000                 45.525000                  3.775681                      NaN                      NaN        6.561321e+05       271078.049911           495000.0           795000.0  153.735849   88.454497      88.00     214.00        46       7         240000.0            300000.0      126.00         0.867925            86.792453
                Black or African American        Male     Hispanic or Latino           1    555000.000000              NaN        555000.0        555000.0                79.971000                      NaN                79.97100                79.97100                       NaN                       NaN                      NaN                      NaN        6.950000e+05                 NaN           695000.0           695000.0  200.000000         NaN     200.00     200.00         1       0              0.0                 0.0        0.00         1.000000           100.000000
                Black or African American        Male Not Hispanic or Latino          38    537105.263158    211713.190677        400000.0        645000.0                82.651816                17.911143                78.97325                95.00000                 44.857143                  3.341260                      NaN                      NaN        6.971053e+05       319341.873019           500000.0           815000.0  178.710526  115.950341     109.25     209.25        32       6         245000.0            315000.0      100.00         0.842105            84.210526
Native Hawaiian or Other Pacific Islander      Female     Hispanic or Latino           2    355000.000000     14142.135624        350000.0        360000.0                64.515000                47.354941                47.77250                81.25750                 47.000000                       NaN                      NaN                      NaN        7.650000e+05       565685.424949           565000.0           965000.0  223.000000  171.119841     162.50     283.50         0       2          10000.0            400000.0      121.00         0.000000             0.000000
Native Hawaiian or Other Pacific Islander      Female Not Hispanic or Latino           6    431666.666667    172240.142437        317500.0        552500.0                57.401833                22.761798                37.92050                78.49925                 45.000000                  4.242641                      NaN                      NaN        8.516667e+05       493342.342260           582500.0           842500.0  186.666667   80.554743     143.50     246.25         6       0         235000.0            260000.0      102.75         1.000000           100.000000
Native Hawaiian or Other Pacific Islander        Male     Hispanic or Latino           1    945000.000000              NaN        945000.0        945000.0                90.000000                      NaN                90.00000                90.00000                 48.000000                       NaN                     48.0                     48.0        1.055000e+06                 NaN          1055000.0          1055000.0  246.000000         NaN     246.00     246.00         1       0              0.0                 0.0        0.00         1.000000           100.000000
Native Hawaiian or Other Pacific Islander        Male Not Hispanic or Latino           1    715000.000000              NaN        715000.0        715000.0                95.000000                      NaN                95.00000                95.00000                 36.000000                       NaN                     36.0                     36.0        7.550000e+05                 NaN           755000.0           755000.0  194.000000         NaN     194.00     194.00         1       0              0.0                 0.0        0.00         1.000000           100.000000
                                    White      Female     Hispanic or Latino         159    447201.257862    218978.201906        305000.0        570000.0                81.631057                19.433405                80.00000                95.00000                 45.000000                  3.643175                      NaN                      NaN        5.765723e+05       265211.963453           390000.0           715000.0  168.000000  362.710210      81.50     173.00       146      13         265000.0            325000.0       91.50         0.918239            91.823899
                                    White      Female Not Hispanic or Latino         347    483097.982709    235096.491496        315000.0        620000.0                71.947381                20.297381                61.95000                85.00000                 43.624473                  4.035635                      NaN                      NaN        7.185447e+05       361550.690638           465000.0           905000.0  166.930836  118.461578      98.00     201.00       330      17         305000.0            440000.0      103.00         0.951009            95.100865
                                    White        Male     Hispanic or Latino         284    476197.183099    218078.607393        325000.0        587500.0                82.804993                16.626215                80.00000                95.00000                 44.474886                  3.765251                      NaN                      NaN        6.042606e+05       281036.350140           405000.0           735000.0  157.697183  118.176097      94.50     183.25       261      23         262500.0            330000.0       88.75         0.919014            91.901408
                                    White        Male Not Hispanic or Latino         478    541736.401674    246291.184497        347500.0        705000.0                73.715539                17.872806                65.24025                85.00000                 43.449231                  4.001702                      NaN                      NaN        7.879498e+05       433704.584063           495000.0           982500.0  197.658996  144.637807     115.00     235.00       452      26         357500.0            487500.0      120.00         0.945607            94.560669