                             derived_race derived_sex      derived_ethnicity  total_apps  avg_loan_amount  std_loan_amount  Q1_loan_amount  Q3_loan_amount  avg_loan_to_value_ratio  std_loan_to_value_ratio  Q1_loan_to_value_ratio  Q3_loan_to_value_ratio  avg_debt_to_income_ratio  std_debt_to_income_ratio  Q1_debt_to_income_ratio  Q3_debt_to_income_ratio  avg_property_value  std_property_value  Q1_property_value  Q3_property_value  avg_income  std_income  Q1_income  Q3_income  accepted  denied  iqr_loan_amount  iqr_property_value  iqr_income  acceptance_rate  acceptance_rate_pct
                 2 or more minority races      Female     Hispanic or Latino           2    350000.000000    360624.458405        222500.0        477500.0                72.467000                18.253254                66.01350                78.92050                 43.000000                  2.828427                    42.00                    44.00        4.350000e+05       381837.661841           300000.0           570000.0   97.500000   57.275649      77.25     117.75         2       0         255000.0            270000.0       40.50         1.000000           100.000000
                 2 or more minority races      Female Not Hispanic or Latino           2    475000.000000    127279.220614        430000.0        520000.0                90.000000                14.142136                85.00000                95.00000                 42.000000                       NaN                      NaN                      NaN        6.000000e+05       162634.559673           542500.0           657500.0  251.000000  125.865007     206.50     295.50         2       0          90000.0            115000.0       89.00         1.000000           100.000000
                 2 or more minority races        Male     Hispanic or Latino           1    955000.000000              NaN        955000.0        955000.0                71.719000                      NaN                71.71900                71.71900                 39.000000                       NaN                    39.00                    39.00        1.325000e+06                 NaN          1325000.0          1325000.0  242.000000         NaN     242.00     242.00         1       0              0.0                 0.0        0.00         1.000000           100.000000
                 2 or more minority races        Male Not Hispanic or Latino           2    325000.000000     42426.406871        310000.0        340000.0                69.224500                40.694702                54.83675                83.61225                 44.000000                       NaN                      NaN                      NaN        5.850000e+05       395979.797464           445000.0           725000.0  112.500000   47.376154      95.75     129.25         2       0          30000.0            280000.0       33.50         1.000000           100.000000
         American Indian or Alaska Native      Female     Hispanic or Latino           2    405000.000000     70710.678119        380000.0        430000.0                95.000000                 0.000000                95.00000                95.00000                 48.000000                  1.414214                    47.50                    48.50        4.250000e+05        70710.678119           400000.0           450000.0  130.500000   41.719300     115.75     145.25         2       0          50000.0             50000.0       29.50         1.000000           100.000000
         American Indian or Alaska Native      Female Not Hispanic or Latino           2    300000.000000     77781.745931        272500.0        327500.0                66.570000                 4.143646                65.10500                68.03500                 42.500000                  7.778175                    39.75                    45.25        4.550000e+05       141421.356237           405000.0           505000.0  108.000000    8.485281     105.00     111.00         2       0          55000.0            100000.0        6.00         1.000000           100.000000
         American Indian or Alaska Native        Male     Hispanic or Latino           9    346111.111111    186845.152763        175000.0        425000.0                64.579111                29.579552                44.50000                80.00000                 43.571429                  4.314979                      NaN                      NaN        5.861111e+05       237404.951741           435000.0           675000.0  117.555556   62.189451      84.00     129.00         9       0         250000.0            240000.0       45.00         1.000000           100.000000
                                    Asian      Female     Hispanic or Latino           7    565000.000000    217868.461845        380000.0        780000.0                66.174286                24.742308                45.23000                85.75000                 44.666667                  3.386247                      NaN                      NaN        9.121429e+05       285932.059862           845000.0          1110000.0  286.142857  378.223668     100.00     208.50         7       0         400000.0            265000.0      108.50         1.000000           100.000000
                                    Asian      Female Not Hispanic or Latino         242    551818.181818    211546.861685        405000.0        672500.0                74.479909                17.534258                67.52850                87.36100                 44.022599                  3.831619                      NaN                      NaN        7.896281e+05       354778.971160           545000.0           925000.0  169.272727   90.730507     118.50     193.00       229      13         267500.0            380000.0       74.50         0.946281            94.628099
                                    Asian        Male     Hispanic or Latino           8    375000.000000     96953.597148        282500.0        460000.0                70.783125                19.456004                55.07375                83.37500                 42.166667                  4.262237                      NaN                      NaN        5.712500e+05       226837.733067           442500.0           692500.0  155.000000  111.465562      86.75     183.25         6       2         177500.0            250000.0       96.50         0.750000            75.000000
                                    Asian        Male Not Hispanic or Latino         369    630907.859079    242427.268717        455000.0        785000.0                72.811412                17.076892                65.00200                80.00000                 43.619403                  4.179126                      NaN                      NaN        9.127507e+05       399186.785657           635000.0          1155000.0  211.192412  166.362812     132.00     250.00       344      25         330000.0            520000.0      118.00         0.932249            93.224932
                Black or African American      Female     Hispanic or Latino           2    140000.000000     91923.881554        107500.0        172500.0                96.945000                 2.750645                95.97250                97.91750                 45.000000                       NaN                      NaN                      NaN        1.450000e+05        84852.813742           115000.0           175000.0   65.500000    3.535534      64.25      66.75         0       2          65000.0             60000.0        2.50         0.000000             0.000000
                Black or African American      Female Not Hispanic or Latino          36    530555.555556    212729.801048        400000.0        642500.0                85.134028                14.774399                80.00000                95.00000                 45.517241                  2.759667                      NaN                      NaN        6.816667e+05       343045.186528           500000.0           752500.0  152.222222   82.214045     104.50     196.25        31       5         242500.0            252500.0       91.75         0.861111            86.111111
                Black or African American        Male     Hispanic or Latino           3    491666.666667     45092.497528        470000.0        515000.0                76.676667                12.569154                70.01500                82.50000                 45.000000                  5.656854                      NaN                      NaN        6.583333e+05       145716.619963           575000.0           710000.0  130.000000    8.000000     126.00     134.00         3       0          45000.0            135000.0        8.00         1.000000           100.000000
                Black or African American        Male Not Hispanic or Latino          33    571363.636364    193323.210289        405000.0        725000.0                86.191545                13.699420                80.00000                97.00000                 44.360000                  4.211888                      NaN                      NaN        7.037879e+05       295621.776682           525000.0           785000.0  214.212121  300.659770     107.00     206.00        28       5         320000.0            260000.0       99.00         0.848485            84.848485
Native Hawaiian or Other Pacific Islander      Female Not Hispanic or Latino           3    485000.000000    170587.221092        390000.0        555000.0                87.666667                12.503333                81.50000                94.00000                 43.000000                  2.645751                    42.00                    44.50        5.750000e+05       220000.000000           465000.0           685000.0  153.666667   67.352308     132.50     192.50         3       0         165000.0            220000.0       60.00         1.000000           100.000000
Native Hawaiian or Other Pacific Islander        Male Not Hispanic or Latino           6    578333.333333    271563.375047        410000.0        747500.0                76.729667                17.024784                69.34450                87.50000                 43.250000                  6.130525                      NaN                      NaN        8.033333e+05       422819.898617           555000.0           942500.0  221.500000  167.766206     153.50     223.75         6       0         337500.0            387500.0       70.25         1.000000           100.000000
                                    White      Female     Hispanic or Latino         157    433407.643312    186841.182916        305000.0        525000.0                81.530745                18.630112                78.27400                95.00000                 44.914062                  3.924539                      NaN                      NaN        5.505414e+05       221545.836273           385000.0           665000.0  122.917197   65.044360      79.00     149.00       141      16         220000.0            280000.0       70.00         0.898089            89.808917
                                    White      Female Not Hispanic or Latino         354    469887.005650    237851.844525        297500.0        632500.0                70.539181                21.583290                58.02225                85.00000                 43.955102                  3.982804                      NaN                      NaN        7.130508e+05       410226.756491           447500.0           855000.0  155.861582   88.906773      96.00     198.25       338      16         335000.0            407500.0      102.25         0.954802            95.480226
                                    White        Male     Hispanic or Latino         273    461703.296703    203789.764859        315000.0        585000.0                82.401623                16.846552                80.00000                95.00000                 44.009804                  4.072000                      NaN                      NaN        5.850000e+05       285442.123525           405000.0           705000.0  153.355311  134.320136      89.00     169.00       256      17         270000.0            300000.0       80.00         0.937729            93.772894
                                    White        Male Not Hispanic or Latino         487    556375.770021    272673.013879        345000.0        735000.0                74.307669                18.860833                63.02550                89.98200                 43.563467                  4.054538                      NaN                      NaN        8.116735e+05       496214.914047           505000.0          1015000.0  226.312115  282.420172     118.00     258.50       462      25         390000.0            510000.0      140.50         0.948665            94.866530