                             derived_race derived_sex      derived_ethnicity  total_apps  avg_loan_amount  std_loan_amount  Q1_loan_amount  Q3_loan_amount  avg_loan_to_value_ratio  std_loan_to_value_ratio  Q1_loan_to_value_ratio  Q3_loan_to_value_ratio  avg_debt_to_income_ratio  std_debt_to_income_ratio  Q1_debt_to_income_ratio  Q3_debt_to_income_ratio  avg_property_value  std_property_value  Q1_property_value  Q3_property_value  avg_income  std_income  Q1_income  Q3_income  accepted  denied  iqr_loan_amount  iqr_property_value  iqr_income  acceptance_rate  acceptance_rate_pct
                 2 or more minority races      Female     Hispanic or Latino           1    455000.000000              NaN        455000.0        455000.0                80.000000                      NaN                80.00000                80.00000                 47.000000                       NaN                    47.00                    47.00       575000.000000                 NaN           575000.0           575000.0  102.000000         NaN     102.00     102.00         1       0              0.0                 0.0        0.00         1.000000           100.000000
                 2 or more minority races      Female Not Hispanic or Latino           2    410000.000000    134350.288425        362500.0        457500.0                69.305500                39.165938                55.45825                83.15275                 43.000000                  2.828427                    42.00                    44.00       635000.000000       155563.491861           580000.0           690000.0   98.000000   31.112698      87.00     109.00         2       0          95000.0            110000.0       22.00         1.000000           100.000000
                 2 or more minority races        Male     Hispanic or Latino           3    465000.000000    181934.053987        360000.0        520000.0                81.048667                34.194622                69.39650               100.67650                 42.000000                  5.656854                      NaN                      NaN       751666.666667       289194.283023           640000.0           915000.0  186.666667   16.502525     178.50     195.00         3       0         160000.0            275000.0       16.50         1.000000           100.000000
                 2 or more minority races        Male Not Hispanic or Latino           5    527000.000000    162542.302186        405000.0        705000.0                77.692000                29.541565                80.00000                96.55000                 45.250000                  5.560276                      NaN                      NaN       819000.000000       448475.194409           435000.0           875000.0  150.400000   53.668426      96.00     180.00         5       0         300000.0            440000.0       84.00         1.000000           100.000000
         American Indian or Alaska Native      Female     Hispanic or Latino           4    450000.000000    137719.521734        405000.0        535000.0                75.522500                 7.079456                69.75000                80.77250                 39.500000                  2.121320                      NaN                      NaN       595000.000000       186010.752377           515000.0           680000.0  126.750000   48.023432     102.00     156.75         4       0         130000.0            165000.0       54.75         1.000000           100.000000
         American Indian or Alaska Native      Female Not Hispanic or Latino           5    321000.000000    178129.166618        225000.0        435000.0                66.706800                41.359953                32.66000                95.00000                 41.333333                  4.041452                      NaN                      NaN       581000.000000       373403.267259           415000.0           535000.0  129.600000   72.029855     105.00     152.00         5       0         210000.0            120000.0       47.00         1.000000           100.000000
         American Indian or Alaska Native        Male     Hispanic or Latino          10    557000.000000    223547.161318        482500.0        602500.0                77.796900                19.821996                77.53250                92.54625                 44.833333                  4.996666                      NaN                      NaN       714000.000000       247002.024283           615000.0           697500.0  145.500000   51.284067     109.25     175.75         8       2         120000.0             82500.0       66.50         0.800000            80.000000
         American Indian or Alaska Native        Male Not Hispanic or Latino           4    562500.000000    210930.478278        510000.0        697500.0                82.065750                 7.828109                78.75000                83.31575                 48.000000                  1.000000                      NaN                      NaN       675000.000000       229056.033901           637500.0           777500.0  228.500000  212.242786     128.25     255.75         4       0         187500.0            140000.0      127.50         1.000000           100.000000
                                    Asian      Female     Hispanic or Latino          11    410454.545455    153190.315383        290000.0        545000.0                81.512182                20.076907                79.17850                94.70000                 44.428571                  4.540820                      NaN                      NaN       512272.727273       157739.716564           420000.0           615000.0  110.727273   40.909879      81.00     138.50        10       1         255000.0            195000.0       57.50         0.909091            90.909091
                                    Asian      Female Not Hispanic or Latino         244    550491.803279    218487.514909        395000.0        675000.0                71.997766                19.370565                61.03625                85.23250                 43.652174                  3.907216                      NaN                      NaN       828647.540984       416362.129145           545000.0           955000.0  182.188525  109.505159     120.75     208.50       227      17         280000.0            410000.0       87.75         0.930328            93.032787
                                    Asian        Male     Hispanic or Latino           9    473888.888889    189700.055643        315000.0        605000.0                80.109333                16.444258                66.67000                91.22400                 45.750000                  4.234214                      NaN                      NaN       603888.888889       250970.339106           435000.0           685000.0  122.777778   57.867905      80.00     146.00         9       0         290000.0            250000.0       66.00         1.000000           100.000000
                                    Asian        Male Not Hispanic or Latino         367    607970.027248    240420.071073        425000.0        760000.0                74.291703                17.337009                66.81800                86.68200                 43.734848                  4.152712                      NaN                      NaN       858460.490463       389132.091502           595000.0          1035000.0  233.972752  709.328101     123.50     244.00       342      25         335000.0            440000.0      120.50         0.931880            93.188011
                Black or African American      Female     Hispanic or Latino           4    457500.000000    308477.443800        385000.0        597500.0                95.000000                 4.082483                93.75000                96.25000                 44.666667                  6.658328                      NaN                      NaN       645000.000000       109848.380355           587500.0           682500.0  164.250000   37.571044     152.00     175.75         4       0         212500.0             95000.0       23.75         1.000000           100.000000
                Black or African American      Female Not Hispanic or Latino          43    461511.627907    215438.464542        305000.0        615000.0                81.686302                18.878285                73.63300                96.83350                 43.870968                  4.121019                      NaN                      NaN       636162.790698       294813.979302           440000.0           745000.0  132.046512   68.527698      82.00     172.50        33      10         310000.0            305000.0       90.50         0.767442            76.744186
                Black or African American        Male     Hispanic or Latino           6    636666.666667    225691.529896        505000.0        785000.0                84.018500                14.284469                78.50000                94.77775                 43.500000                  7.778175                      NaN                      NaN       790000.000000       363744.415765           530000.0          1092500.0  183.833333   84.629585     121.00     235.75         4       2         280000.0            562500.0      114.75         0.666667            66.666667
                Black or African American        Male Not Hispanic or Latino          38    440789.473684    173292.933980        365000.0        587500.0                81.938316                18.871714                76.73675                95.00000                 43.916667                  4.577038                      NaN                      NaN       553947.368421       204341.916348           410000.0           705000.0  133.052632   66.546041      84.50     163.50        32       6         222500.0            295000.0       79.00         0.842105            84.210526
Native Hawaiian or Other Pacific Islander      Female     Hispanic or Latino           2    290000.000000    148492.424049        237500.0        342500.0                87.500000                10.606602                83.75000                91.25000                 42.000000                       NaN                      NaN                      NaN       330000.000000       134350.288425           282500.0           377500.0  108.000000   33.941125      96.00     120.00         2       0         105000.0             95000.0       24.00         1.000000           100.000000
Native Hawaiian or Other Pacific Islander      Female Not Hispanic or Latino           2    480000.000000     49497.474683        462500.0        497500.0                87.124500                10.075565                83.56225                90.68675                 46.500000                  2.121320                    45.75                    47.25       550000.000000       134350.288425           502500.0           597500.0  155.000000   56.568542     135.00     175.00         1       1          35000.0             95000.0       40.00         0.500000            50.000000
Native Hawaiian or Other Pacific Islander        Male     Hispanic or Latino           2    350000.000000    304055.915910        242500.0        457500.0                74.461500                31.874252                63.19225                85.73075                 49.000000                       NaN                      NaN                      NaN       420000.000000       219203.102168           342500.0           497500.0   88.000000   43.840620      72.50     103.50         2       0         215000.0            155000.0       31.00         1.000000           100.000000
Native Hawaiian or Other Pacific Islander        Male Not Hispanic or Latino           4    465000.000000     76157.731059        432500.0        507500.0                78.748750                14.359521                75.00000                83.74875                 40.000000                  1.732051                      NaN                      NaN       602500.000000       140801.278403           500000.0           702500.0  174.250000   61.445776     132.50     197.75         4       0          75000.0            202500.0       65.25         1.000000           100.000000
                                    White      Female     Hispanic or Latino         177    436129.943503    180321.272810        305000.0        545000.0                79.967653                17.955582                75.00000                95.00000                 43.917910                  3.793640                      NaN                      NaN       571497.175141       239407.747565           405000.0           715000.0  139.485876  101.727248      88.00     165.00       158      19         240000.0            310000.0       77.00         0.892655            89.265537
                                    White      Female Not Hispanic or Latino         336    466994.047619    231226.218547        305000.0        605000.0                72.421795                20.152167                60.00000                88.04875                 43.723214                  4.102301                      NaN                      NaN       678303.571429       339665.476502           435000.0           835000.0  164.011905  104.027837      95.75     197.25       319      17         300000.0            400000.0      101.50         0.949405            94.940476
                                    White        Male     Hispanic or Latino         266    436090.225564    197116.801258        295000.0        555000.0                84.399643                15.914814                80.00000                95.00000                 44.510101                  4.062631                      NaN                      NaN       533609.022556       240405.203051           375000.0           662500.0  149.030075  127.247519      86.25     169.75       232      34         260000.0            287500.0       83.50         0.872180            87.218045
                                    White        Male Not Hispanic or Latino         455    548692.307692    251225.178155        355000.0        725000.0                74.591976                19.115474                66.10250                89.86600                 43.986928                  4.031006                      NaN                      NaN       798406.593407       525002.244132           505000.0           965000.0  207.134066  260.272438     111.50     240.50       418      37         370000.0            460000.0      129.00         0.918681            91.868132