                             derived_race derived_sex      derived_ethnicity  total_apps  avg_loan_amount  std_loan_amount  Q1_loan_amount  Q3_loan_amount  avg_loan_to_value_ratio  std_loan_to_value_ratio  Q1_loan_to_value_ratio  Q3_loan_to_value_ratio  avg_debt_to_income_ratio  std_debt_to_income_ratio  Q1_debt_to_income_ratio  Q3_debt_to_income_ratio  avg_property_value  std_property_value  Q1_property_value  Q3_property_value  avg_income  std_income  Q1_income  Q3_income  accepted  denied  iqr_loan_amount  iqr_property_value  iqr_income  acceptance_rate  acceptance_rate_pct
                 2 or more minority races      Female     Hispanic or Latino           2    460000.000000      7071.067812        457500.0        462500.0                89.348500                13.220775                84.67425                94.02275                 47.000000                       NaN                      NaN                      NaN        5.250000e+05        70710.678119           500000.0           550000.0   51.000000   72.124892      25.50      76.50         1       1           5000.0             50000.0       51.00         0.500000            50.000000
                 2 or more minority races      Female Not Hispanic or Latino           5    491000.000000    171842.951558        365000.0        555000.0                75.909000                20.543385                80.00000                83.70000                 42.333333                  5.507571                      NaN                      NaN        7.110000e+05       389653.692399           455000.0           765000.0  153.600000   73.646453     111.00     175.00         4       1         190000.0            310000.0       64.00         0.800000            80.000000
                 2 or more minority races        Male     Hispanic or Latino           1    935000.000000              NaN        935000.0        935000.0                90.000000                      NaN                90.00000                90.00000                       NaN                       NaN                      NaN                      NaN        1.245000e+06                 NaN          1245000.0          1245000.0  560.000000         NaN     560.00     560.00         1       0              0.0                 0.0        0.00         1.000000           100.000000
                 2 or more minority races        Male Not Hispanic or Latino           5    549000.000000    200324.736366        575000.0        635000.0                69.066000                33.470685                75.00000                90.00000                 43.250000                  4.645787                      NaN                      NaN        9.950000e+05       531366.163770           755000.0           845000.0  169.800000   40.929207     144.00     170.00         5       0          60000.0             90000.0       26.00         1.000000           100.000000
         American Indian or Alaska Native      Female     Hispanic or Latino           5    395000.000000    152315.462117        285000.0        415000.0                88.544800                 9.730880                80.00000                90.00000                 45.750000                  1.500000                      NaN                      NaN        4.810000e+05       145876.660230           405000.0           515000.0  143.800000   73.950659      80.00     173.00         4       1         130000.0            110000.0       93.00         0.800000            80.000000
         American Indian or Alaska Native      Female Not Hispanic or Latino           4    402500.000000    291132.844821        262500.0        610000.0                93.485000                11.511483                91.86000                99.62500                 43.000000                  6.244998                      NaN                      NaN        5.400000e+05       229419.557434           355000.0           710000.0  133.250000   62.318403      92.25     157.00         4       0         347500.0            355000.0       64.75         1.000000           100.000000
         American Indian or Alaska Native        Male     Hispanic or Latino           9    446111.111111    148782.092710        315000.0        545000.0                82.560444                16.853485                70.00000                95.00000                 45.000000                  3.380617                      NaN                      NaN        5.416667e+05       123895.116934           515000.0           625000.0  128.333333   34.910600      94.00     148.00         9       0         230000.0            110000.0       54.00         1.000000           100.000000
         American Indian or Alaska Native        Male Not Hispanic or Latino           5    493000.000000    153525.242224        395000.0        585000.0                70.877200                27.284524                70.00000                84.59300                 42.750000                  2.500000                      NaN                      NaN        8.210000e+05       305826.748340           605000.0           995000.0  227.200000  179.478968     150.00     200.00         5       0         190000.0            390000.0       50.00         1.000000           100.000000
                                    Asian      Female     Hispanic or Latino           7    565000.000000    267457.161679        415000.0        655000.0                70.320714                20.958724                65.16950                80.00000                 45.750000                  3.304038                      NaN                      NaN        8.335714e+05       347679.381587           595000.0          1040000.0  137.857143   71.419952      91.50     155.00         6       1         240000.0            445000.0       63.50         0.857143            85.714286
                                    Asian      Female Not Hispanic or Latino         202    542326.732673    214756.097170        405000.0        635000.0                70.912619                20.772870                60.60550                85.00000                 43.634328                  4.164911                      NaN                      NaN        8.298515e+05       433964.975227           597500.0           912500.0  177.554455  114.751254     112.00     218.75       180      22         230000.0            315000.0      106.75         0.891089            89.108911
                                    Asian        Male     Hispanic or Latino           9    502777.777778    154092.324418        355000.0        565000.0                85.321667                 8.345277                80.00000                91.78100                 44.000000                  3.840573                     40.0                     47.0        5.916667e+05       172988.438920           445000.0           745000.0  148.555556   61.069860     110.00     160.00         8       1         210000.0            300000.0       50.00         0.888889            88.888889
                                    Asian        Male Not Hispanic or Latino         353    627662.889518    240856.054262        455000.0        765000.0                74.178218                17.872285                65.00000                85.00000                 44.095436                  3.991034                      NaN                      NaN        9.147734e+05       453267.749833           615000.0          1105000.0  230.209632  388.234160     136.00     240.00       319      34         310000.0            490000.0      104.00         0.903683            90.368272
                Black or African American      Female     Hispanic or Latino           6    345000.000000    151393.526942        247500.0        480000.0                79.587333                22.370717                65.39300                95.00000                 45.200000                  4.438468                      NaN                      NaN        4.566667e+05       223644.062444           305000.0           527500.0   95.666667   33.672937      76.50     110.25         6       0         232500.0            222500.0       33.75         1.000000           100.000000
                Black or African American      Female Not Hispanic or Latino          39    465256.410256    217962.903404        325000.0        595000.0                79.884154                21.156750                77.85100                95.00000                 43.461538                  4.216451                      NaN                      NaN        6.216667e+05       230072.452356           500000.0           695000.0  146.897436   70.677472      94.50     177.50        30       9         270000.0            195000.0       83.00         0.769231            76.923077
                Black or African American        Male Not Hispanic or Latino          51    520686.274510    237371.058910        365000.0        670000.0                87.456427                15.381366                80.00000                95.96050                 44.820513                  3.919397                      NaN                      NaN        6.234314e+05       301273.115621           395000.0           750000.0  199.019608  252.857944      88.00     223.00        46       5         305000.0            355000.0      135.00         0.901961            90.196078
Native Hawaiian or Other Pacific Islander      Female     Hispanic or Latino           1    515000.000000              NaN        515000.0        515000.0                90.430000                      NaN                90.43000                90.43000                 46.000000                       NaN                     46.0                     46.0        5.850000e+05                 NaN           585000.0           585000.0  129.000000         NaN     129.00     129.00         1       0              0.0                 0.0        0.00         1.000000           100.000000
Native Hawaiian or Other Pacific Islander        Male     Hispanic or Latino           1    445000.000000              NaN        445000.0        445000.0                80.000000                      NaN                80.00000                80.00000                 38.000000                       NaN                     38.0                     38.0        5.650000e+05                 NaN           565000.0           565000.0  299.000000         NaN     299.00     299.00         1       0              0.0                 0.0        0.00         1.000000           100.000000
Native Hawaiian or Other Pacific Islander        Male Not Hispanic or Latino           6    613333.333333    217017.664412        492500.0        692500.0                85.455000                15.206648                78.18250                95.00000                 43.750000                  6.396614                      NaN                      NaN        7.150000e+05       186440.338983           647500.0           755000.0  200.500000   78.257907     139.75     242.75         6       0         200000.0            107500.0      103.00         1.000000           100.000000
                                    White      Female     Hispanic or Latino         157    454299.363057    205305.009649        295000.0        585000.0                82.560471                22.781295                79.99000                95.00000                 44.870968                  3.857139                      NaN                      NaN        5.871019e+05       286522.097969           395000.0           725000.0  138.388535   92.515117      85.00     158.00       142      15         290000.0            330000.0       73.00         0.904459            90.445860
                                    White      Female Not Hispanic or Latino         369    482777.777778    255727.743399        305000.0        655000.0                70.590989                21.171640                57.00000                85.00000                 43.780769                  4.218228                      NaN                      NaN        7.181165e+05       381961.172015           455000.0           885000.0  168.238482  118.044748      95.00     206.00       345      24         350000.0            430000.0      111.00         0.934959            93.495935
                                    White        Male     Hispanic or Latino         273    450897.435897    190069.696275        315000.0        575000.0                82.193293                15.868171                80.00000                95.00000                 43.778894                  3.877070                      NaN                      NaN        5.678938e+05       231888.141132           385000.0           715000.0  151.673993  118.176307      92.00     169.00       249      24         260000.0            330000.0       77.00         0.912088            91.208791
                                    White        Male Not Hispanic or Latino         490    561204.081633    245629.026781        375000.0        722500.0                75.343571                18.611230                69.68125                89.83475                 43.922619                  3.897947                      NaN                      NaN        8.016122e+05       435652.382781           525000.0           975000.0  197.548980  129.562259     116.00     246.75       471      19         347500.0            450000.0      130.75         0.961224            96.122449