                             derived_race derived_sex      derived_ethnicity  total_apps  avg_loan_amount  std_loan_amount  Q1_loan_amount  Q3_loan_amount  avg_loan_to_value_ratio  std_loan_to_value_ratio  Q1_loan_to_value_ratio  Q3_loan_to_value_ratio  avg_debt_to_income_ratio  std_debt_to_income_ratio  Q1_debt_to_income_ratio  Q3_debt_to_income_ratio  avg_property_value  std_property_value  Q1_property_value  Q3_property_value  avg_income  std_income  Q1_income  Q3_income  accepted  denied  iqr_loan_amount  iqr_property_value  iqr_income  acceptance_rate  acceptance_rate_pct
                 2 or more minority races      Female     Hispanic or Latino           3    421666.666667    284487.843911        325000.0        585000.0                78.186667                17.789450                69.78000                87.50000                 41.000000                       NaN                      NaN                      NaN       505000.000000       307896.086367           375000.0           675000.0   95.666667   35.246749      80.50     115.00         2       1         260000.0            300000.0       34.50         0.666667            66.666667
                 2 or more minority races      Female Not Hispanic or Latino           5    493000.000000    149899.966644        405000.0        525000.0                87.620000                 8.295903                85.00000                95.00000                 45.333333                  1.527525                      NaN                      NaN       555000.000000       128062.484749           465000.0           615000.0  147.800000   42.961611     129.00     160.00         5       0         120000.0            150000.0       31.00         1.000000           100.000000
                 2 or more minority races        Male Not Hispanic or Latino           2    430000.000000    205060.966544        357500.0        502500.0                92.500000                 3.535534                91.25000                93.75000                 41.500000                  4.949747                    39.75                    43.25       465000.000000       240416.305603           380000.0           550000.0  134.000000    8.485281     131.00     137.00         2       0         145000.0            170000.0        6.00         1.000000           100.000000
         American Indian or Alaska Native      Female     Hispanic or Latino           1    295000.000000              NaN        295000.0        295000.0                97.000000                      NaN                97.00000                97.00000                 49.000000                       NaN                    49.00                    49.00       305000.000000                 NaN           305000.0           305000.0   94.000000         NaN      94.00      94.00         1       0              0.0                 0.0        0.00         1.000000           100.000000
         American Indian or Alaska Native      Female Not Hispanic or Latino           3    338333.333333    132035.348802        280000.0        410000.0                85.611667                31.501229                73.50000               103.41750                 45.000000                       NaN                      NaN                      NaN       481666.666667       372334.974631           270000.0           620000.0  238.333333  262.054066      87.50     324.00         2       1         130000.0            350000.0      236.50         0.666667            66.666667
         American Indian or Alaska Native        Male     Hispanic or Latino          13    498076.923077    174803.919454        345000.0        635000.0                84.523231                16.350171                80.00000                95.00000                 43.636364                  3.981777                      NaN                      NaN       606538.461538       193943.555098           425000.0           765000.0  162.153846  104.490706      91.00     161.00        13       0         290000.0            340000.0       70.00         1.000000           100.000000
         American Indian or Alaska Native        Male Not Hispanic or Latino           1    105000.000000              NaN        105000.0        105000.0               100.000000                      NaN               100.00000               100.00000                 49.000000                       NaN                    49.00                    49.00       115000.000000                 NaN           115000.0           115000.0   33.000000         NaN      33.00      33.00         1       0              0.0                 0.0        0.00         1.000000           100.000000
                                    Asian      Female     Hispanic or Latino           8    620000.000000    261424.668199        440000.0        867500.0                73.897750                18.017075                66.96075                83.75000                 45.250000                  3.304038                      NaN                      NaN       840000.000000       318971.561652           597500.0           972500.0  243.375000  208.258725     136.75     238.25         7       1         427500.0            375000.0      101.50         0.875000            87.500000
                                    Asian      Female Not Hispanic or Latino         218    558211.009174    212279.186370        405000.0        692500.0                72.668615                17.574549                65.05750                80.00000                 43.548193                  4.294545                      NaN                      NaN       797522.935780       307962.775186           575000.0           942500.0  178.096330  122.068821     116.50     213.50       207      11         287500.0            367500.0       97.00         0.949541            94.954128
                                    Asian        Male     Hispanic or Latino          14    564285.714286    158330.923444        422500.0        667500.0                79.988000                16.513594                76.13250                91.33325                 42.166667                  4.086193                      NaN                      NaN       748571.428571       280263.808220           587500.0           937500.0  170.857143   57.759258     152.75     194.25        14       0         245000.0            350000.0       41.50         1.000000           100.000000
                                    Asian        Male Not Hispanic or Latino         375    645026.666667    236125.701440        485000.0        775000.0                73.451949                16.567132                65.00000                80.20850                 43.674074                  4.152895                      NaN                      NaN       927506.666667       412595.293590           635000.0          1150000.0  219.554667  278.171842     135.00     251.00       356      19         290000.0            515000.0      116.00         0.949333            94.933333
                Black or African American      Female     Hispanic or Latino           3    661666.666667    238607.068909        525000.0        745000.0                91.513000                 7.823488                87.26950                94.97500                 42.500000                  0.707107                      NaN                      NaN       771666.666667       234591.844132           640000.0           865000.0  201.333333   74.325859     158.50     225.00         3       0         220000.0            225000.0       66.50         1.000000           100.000000
                Black or African American      Female Not Hispanic or Latino          42    524047.619048    224725.409939        377500.0        685000.0                87.258167                14.541295                80.00000                95.21750                 45.000000                  3.447079                      NaN                      NaN       692380.952381       308561.252359           482500.0           815000.0  166.785714   86.228153     108.25     222.50        36       6         307500.0            332500.0      114.25         0.857143            85.714286
                Black or African American        Male     Hispanic or Latino           4    465000.000000    343996.124009        250000.0        665000.0                66.250000                38.160844                62.50000                83.75000                 42.000000                       NaN                      NaN                      NaN       727500.000000       299374.347598           565000.0           877500.0  214.500000  205.396365      94.50     270.00         4       0         415000.0            312500.0      175.50         1.000000           100.000000
                Black or African American        Male Not Hispanic or Latino          43    502674.418605    202388.560863        380000.0        625000.0                88.325884                10.692062                80.00000                97.00000                 44.151515                  4.316547                      NaN                      NaN       583837.209302       231096.859742           440000.0           730000.0  151.441860   82.156443      98.00     187.00        37       6         245000.0            290000.0       89.00         0.860465            86.046512
Native Hawaiian or Other Pacific Islander      Female Not Hispanic or Latino           6    521666.666667    182172.079822        495000.0        597500.0                60.821833                18.138943                50.17000                77.13275                 42.750000                  4.991660                      NaN                      NaN       880000.000000       360152.745373           640000.0          1047500.0  201.833333   99.062438     134.25     253.50         6       0         102500.0            407500.0      119.25         1.000000           100.000000
Native Hawaiian or Other Pacific Islander        Male     Hispanic or Latino           3    445000.000000    370270.171631        240000.0        600000.0                75.641000                21.866816                65.96150                87.50000                 36.000000                       NaN                      NaN                      NaN       535000.000000       331511.689085           350000.0           670000.0  157.000000  102.058807     105.00     207.00         3       0         360000.0            320000.0      102.00         1.000000           100.000000
Native Hawaiian or Other Pacific Islander        Male Not Hispanic or Latino           3    788333.333333    176162.803490        690000.0        860000.0                91.666667                 2.886751                90.00000                92.50000                 40.000000                  2.000000                    39.00                    41.00       861666.666667       213853.532431           745000.0           955000.0  334.666667   98.398848     278.00     366.50         3       0         170000.0            210000.0       88.50         1.000000           100.000000
                                    White      Female     Hispanic or Latino         155    464290.322581    216234.329595        315000.0        595000.0                83.378348                16.024892                80.00000                95.00000                 44.293651                  3.937649                      NaN                      NaN       582935.483871       268397.594136           385000.0           735000.0  139.774194  112.292727      83.50     168.50       137      18         280000.0            350000.0       85.00         0.883871            88.387097
                                    White      Female Not Hispanic or Latino         344    469244.186047    234346.703662        305000.0        605000.0                72.566817                20.387203                58.77125                90.00000                 43.769841                  3.936068                      NaN                      NaN       697325.581395       412868.580927           435000.0           855000.0  156.084302   86.069376      91.00     200.25       321      23         300000.0            420000.0      109.25         0.933140            93.313953
                                    White        Male     Hispanic or Latino         273    469175.824176    194210.691008        325000.0        605000.0                82.654402                16.261764                80.00000                95.00000                 44.401869                  3.801062                      NaN                      NaN       595073.260073       250102.909222           415000.0           735000.0  157.655678  144.100399      92.00     174.00       250      23         280000.0            320000.0       82.00         0.915751            91.575092
                                    White        Male Not Hispanic or Latino         481    540114.345114    248446.081973        345000.0        705000.0                74.867611                18.588758                68.00000                88.03500                 43.687697                  3.868929                      NaN                      NaN       764189.189189       410154.909211           505000.0           915000.0  208.715177  219.120714     115.00     240.00       434      47         360000.0            410000.0      125.00         0.902287            90.228690