                             derived_race derived_sex      derived_ethnicity  total_apps  avg_loan_amount  std_loan_amount  Q1_loan_amount  Q3_loan_amount  avg_loan_to_value_ratio  std_loan_to_value_ratio  Q1_loan_to_value_ratio  Q3_loan_to_value_ratio  avg_debt_to_income_ratio  std_debt_to_income_ratio  Q1_debt_to_income_ratio  Q3_debt_to_income_ratio  avg_property_value  std_property_value  Q1_property_value  Q3_property_value  avg_income  std_income  Q1_income  Q3_income  accepted  denied  iqr_loan_amount  iqr_property_value  iqr_income  acceptance_rate  acceptance_rate_pct
                 2 or more minority races      Female     Hispanic or Latino           2    485000.000000    282842.712475        385000.0        585000.0                89.570000                13.534024                84.78500                94.35500                 41.000000                  1.414214                    40.50                    41.50       715000.000000       197989.898732           645000.0           785000.0  170.000000  106.066017     132.50     207.50         2       0         200000.0            140000.0       75.00         1.000000           100.000000
                 2 or more minority races      Female Not Hispanic or Latino           2    450000.000000     91923.881554        417500.0        482500.0                82.446000                24.825105                73.66900                91.22300                 42.000000                       NaN                      NaN                      NaN       635000.000000       212132.034356           560000.0           710000.0  218.500000   79.903066     190.25     246.75         2       0          65000.0            150000.0       56.50         1.000000           100.000000
                 2 or more minority races        Male     Hispanic or Latino           1    435000.000000              NaN        435000.0        435000.0                87.001000                      NaN                87.00100                87.00100                 44.000000                       NaN                    44.00                    44.00       495000.000000                 NaN           495000.0           495000.0  259.000000         NaN     259.00     259.00         1       0              0.0                 0.0        0.00         1.000000           100.000000
                 2 or more minority races        Male Not Hispanic or Latino           1    575000.000000              NaN        575000.0        575000.0                90.000000                      NaN                90.00000                90.00000                 45.000000                       NaN                    45.00                    45.00       635000.000000                 NaN           635000.0           635000.0  140.000000         NaN     140.00     140.00         1       0              0.0                 0.0        0.00         1.000000           100.000000
         American Indian or Alaska Native      Female     Hispanic or Latino           5    401000.000000     65421.708935        365000.0        455000.0                94.800000                 6.340347                90.00000                95.00000                 45.500000                  1.732051                      NaN                      NaN       445000.000000        88881.944173           405000.0           475000.0  111.600000   23.891421     101.00     125.00         5       0          90000.0             70000.0       24.00         1.000000           100.000000
         American Indian or Alaska Native      Female Not Hispanic or Latino           4    547500.000000    228673.712234        440000.0        697500.0                72.952500                 4.855137                69.87500                74.23250                 46.500000                  2.121320                      NaN                      NaN       752500.000000       325102.547924           557500.0           990000.0  186.750000   68.863996     160.50     213.75         4       0         257500.0            432500.0       53.25         1.000000           100.000000
         American Indian or Alaska Native        Male     Hispanic or Latino           4    442500.000000    257989.017854        340000.0        617500.0                85.033250                 8.939949                78.75000                92.38325                 42.500000                  2.121320                      NaN                      NaN       530000.000000       318486.001786           415000.0           730000.0  141.000000   41.239140     122.75     166.75         3       1         277500.0            315000.0       44.00         0.750000            75.000000
         American Indian or Alaska Native        Male Not Hispanic or Latino           3    351666.666667     51316.014394        330000.0        380000.0                84.910000                 8.739239                79.86500                87.50000                 46.000000                  3.605551                    44.50                    48.00       428333.333333        47258.156263           410000.0           455000.0  104.666667   47.184037      77.50     120.00         3       0          50000.0             45000.0       42.50         1.000000           100.000000
                                    Asian      Female     Hispanic or Latino           4    422500.000000    125000.000000        355000.0        447500.0                76.657250                14.392148                68.01225                83.75000                 46.750000                  3.201562                    46.50                    48.25       552500.000000       106887.791632           462500.0           645000.0  102.500000   29.804921      83.25     121.75         4       0          92500.0            182500.0       38.50         1.000000           100.000000
                                    Asian      Female Not Hispanic or Latino         234    577564.102564    230186.167784        405000.0        702500.0                72.766752                18.397907                62.87450                85.00000                 43.711765                  4.135913                      NaN                      NaN       848974.358974       396570.079136           577500.0           985000.0  188.615385  122.980395     120.25     232.00       215      19         297500.0            407500.0      111.75         0.918803            91.880342
                                    Asian        Male     Hispanic or Latino           8    481250.000000    190032.891890        330000.0        577500.0                75.142500                16.613056                67.51750                82.50000                 48.000000                  1.000000                      NaN                      NaN       641250.000000       239041.986748           565000.0           690000.0  149.750000   56.258968     114.75     183.00         7       1         247500.0            125000.0       68.25         0.875000            87.500000
                                    Asian        Male Not Hispanic or Latino         360    625166.666667    248684.505522        445000.0        775000.0                73.690458                18.055009                65.65700                85.00000                 43.782258                  4.026351                      NaN                      NaN       908027.777778       444680.724005           605000.0          1117500.0  232.797222  417.481553     130.00     243.25       334      26         330000.0            512500.0      113.25         0.927778            92.777778
                Black or African American      Female Not Hispanic or Latino          55    488272.727273    169586.147074        375000.0        560000.0                82.246764                18.603451                76.49000                95.00000                 45.450000                  3.210160                      NaN                      NaN       621181.818182       222731.285609           470000.0           705000.0  153.381818   90.313547     108.00     176.50        46       9         185000.0            235000.0       68.50         0.836364            83.636364
                Black or African American        Male     Hispanic or Latino           3    635000.000000    199749.843554        570000.0        750000.0                89.337667                 1.147195                89.00650                90.00000                 46.000000                  1.000000                    45.50                    46.50       711666.666667       222785.397487           640000.0           840000.0  156.666667   61.744096     127.50     189.00         3       0         180000.0            200000.0       61.50         1.000000           100.000000
                Black or African American        Male Not Hispanic or Latino          38    536578.947368    208359.438858        435000.0        625000.0                84.310105                15.132584                80.00000                95.00000                 43.206897                  4.514891                      NaN                      NaN       633157.894737       225206.875023           497500.0           740000.0  205.210526  273.071237     111.00     215.00        32       6         190000.0            242500.0      104.00         0.842105            84.210526
Native Hawaiian or Other Pacific Islander      Female Not Hispanic or Latino           2    425000.000000    254558.441227        335000.0        515000.0                80.000000                 0.000000                80.00000                80.00000                 38.000000                  2.828427                    37.00                    39.00       645000.000000       155563.491861           590000.0           700000.0  115.000000   83.438600      85.50     144.50         2       0         180000.0            110000.0       59.00         1.000000           100.000000
Native Hawaiian or Other Pacific Islander        Male     Hispanic or Latino           2    295000.000000    169705.627485        235000.0        355000.0                92.335500                 3.317038                91.16275                93.50825                 41.500000                  6.363961                    39.25                    43.75       320000.000000       190918.830920           252500.0           387500.0   83.000000   39.597980      69.00      97.00         2       0         120000.0            135000.0       28.00         1.000000           100.000000
Native Hawaiian or Other Pacific Islander        Male Not Hispanic or Latino           4    512500.000000    138894.444333        435000.0        542500.0                81.360500                23.398814                72.25000                96.45650                 42.000000                  1.414214                      NaN                      NaN       655000.000000       147648.230602           580000.0           735000.0  156.250000   66.969520     117.25     191.00         3       1         107500.0            155000.0       73.75         0.750000            75.000000
                                    White      Female     Hispanic or Latino         167    458353.293413    207604.265511        315000.0        585000.0                80.373843                18.023273                77.57900                95.00000                 44.488372                  3.806073                      NaN                      NaN       591047.904192       283742.115402           405000.0           710000.0  149.592814  115.880555      84.50     177.50       151      16         270000.0            305000.0       93.00         0.904192            90.419162
                                    White      Female Not Hispanic or Latino         377    488103.448276    243270.430936        305000.0        645000.0                70.734241                21.093486                58.62100                85.00000                 43.612546                  4.001998                      NaN                      NaN       727254.641910       383106.644347           475000.0           895000.0  164.339523  103.353846     100.00     202.00       359      18         340000.0            420000.0      102.00         0.952255            95.225464
                                    White        Male     Hispanic or Latino         268    481417.910448    215056.487606        332500.0        595000.0                82.200549                16.234913                78.16050                95.00000                 44.369792                  3.826571                      NaN                      NaN       605746.268657       283001.904060           415000.0           725000.0  162.701493  170.532391      88.75     182.25       242      26         262500.0            310000.0       93.50         0.902985            90.298507
                                    White        Male Not Hispanic or Latino         456    537236.842105    257563.044330        335000.0        725000.0                75.167349                18.015271                68.63900                89.92375                 43.139073                  4.040558                      NaN                      NaN       745043.859649       378841.493494           475000.0           917500.0  193.747807  166.320966     109.00     233.00       420      36         390000.0            442500.0      124.00         0.921053            92.105263