                             derived_race derived_sex      derived_ethnicity  total_apps  avg_loan_amount  std_loan_amount  Q1_loan_amount  Q3_loan_amount  avg_loan_to_value_ratio  std_loan_to_value_ratio  Q1_loan_to_value_ratio  Q3_loan_to_value_ratio  avg_debt_to_income_ratio  std_debt_to_income_ratio  Q1_debt_to_income_ratio  Q3_debt_to_income_ratio  avg_property_value  std_property_value  Q1_property_value  Q3_property_value  avg_income  std_income  Q1_income  Q3_income  accepted  denied  iqr_loan_amount  iqr_property_value  iqr_income  acceptance_rate  acceptance_rate_pct
                 2 or more minority races      Female     Hispanic or Latino           2    580000.000000     63639.610307        557500.0        602500.0                84.185000                15.294720                78.77750                89.59250                 44.500000                  6.363961                    42.25                    46.75        7.050000e+05       197989.898732           635000.0           775000.0  141.500000    2.121320     140.75     142.25         2       0          45000.0            140000.0        1.50         1.000000           100.000000
                 2 or more minority races      Female Not Hispanic or Latino           3    405000.000000    165227.116419        325000.0        490000.0                80.000000                 0.000000                80.00000                80.00000                 36.000000                       NaN                      NaN                      NaN        5.083333e+05       210079.350088           405000.0           615000.0  169.666667  149.700813      84.50     225.00         3       0         165000.0            210000.0      140.50         1.000000           100.000000
                 2 or more minority races        Male     Hispanic or Latino           2    400000.000000     49497.474683        382500.0        417500.0                83.500500                 4.950455                81.75025                85.25075                 44.000000                       NaN                      NaN                      NaN        4.750000e+05        28284.271247           465000.0           485000.0  227.000000   45.254834     211.00     243.00         2       0          35000.0             20000.0       32.00         1.000000           100.000000
                 2 or more minority races        Male Not Hispanic or Latino           4    762500.000000    459374.574830        400000.0       1052500.0                72.999750                23.573786                66.36225                84.13750                 45.500000                  4.949747                      NaN                      NaN        1.065000e+06       557554.182718           757500.0          1342500.0  220.750000  119.948253     133.50     304.25         3       1         652500.0            585000.0      170.75         0.750000            75.000000
         American Indian or Alaska Native      Female     Hispanic or Latino           8    416250.000000    250396.114758        302500.0        582500.0               123.101625               134.356432                77.00000                82.25000                 46.750000                  1.707825                      NaN                      NaN        5.587500e+05       336661.657200           380000.0           762500.0  383.375000  644.809150     100.25     207.25         6       2         280000.0            382500.0      107.00         0.750000            75.000000
         American Indian or Alaska Native      Female Not Hispanic or Latino           3    351666.666667    321299.444963        200000.0        520000.0                97.333333                 2.516611                96.00000                98.50000                 44.000000                  6.928203                    42.00                    48.00        4.716667e+05       189032.625050           365000.0           545000.0  142.666667   76.035080     104.00     180.00         3       0         320000.0            180000.0       76.00         1.000000           100.000000
         American Indian or Alaska Native        Male     Hispanic or Latino          12    530000.000000    241679.727965        420000.0        607500.0                88.110250                 8.388644                80.00000                95.50000                 41.125000                  3.870677                      NaN                      NaN        6.175000e+05       313923.123189           482500.0           682500.0  165.083333   79.413141      97.25     215.75        10       2         187500.0            200000.0      118.50         0.833333            83.333333
         American Indian or Alaska Native        Male Not Hispanic or Latino           4    407500.000000     35000.000000        387500.0        430000.0                83.750000                 7.500000                80.00000                83.75000                 45.000000                  1.732051                      NaN                      NaN        4.900000e+05        47958.315233           460000.0           510000.0  115.500000   25.980762     108.00     126.00         4       0          42500.0             50000.0       18.00         1.000000           100.000000
                                    Asian      Female     Hispanic or Latino           5    527000.000000    238997.907941        355000.0        665000.0                77.633200                14.310471                74.02300                80.00000                 43.000000                  4.320494                      NaN                      NaN        6.550000e+05       220113.607031           485000.0           815000.0  144.400000   61.699271      89.00     188.00         5       0         310000.0            330000.0       99.00         1.000000           100.000000
                                    Asian      Female Not Hispanic or Latino         233    568562.231760    228727.206775        405000.0        715000.0                73.329047                17.266791                64.43800                84.45500                 43.593023                  4.056265                      NaN                      NaN        8.323391e+05       471002.920293           555000.0          1005000.0  176.858369   86.744778     119.00     215.00       219      14         310000.0            450000.0       96.00         0.939914            93.991416
                                    Asian        Male     Hispanic or Latino           8    452500.000000    136250.819133        405000.0        465000.0                79.790750                19.717861                80.00000                89.92500                 44.000000                  5.033223                      NaN                      NaN        6.337500e+05       261885.334777           482500.0           620000.0  158.375000   71.205813      99.50     182.25         7       1          60000.0            137500.0       82.75         0.875000            87.500000
                                    Asian        Male Not Hispanic or Latino         352    636619.318182    250141.709060        445000.0        785000.0                73.666790                17.379603                66.26325                80.00000                 43.227092                  4.000028                      NaN                      NaN        9.054830e+05       384393.620588           632500.0          1145000.0  213.803977  161.651197     137.00     244.00       323      29         340000.0            512500.0      107.00         0.917614            91.761364
                Black or African American      Female     Hispanic or Latino           5    531000.000000    401845.741548        365000.0        505000.0                76.972600                25.491535                83.00000                90.00000                 47.333333                  2.081666                      NaN                      NaN        6.670000e+05       386872.071879           505000.0           535000.0  277.400000  419.719311      83.00     129.00         5       0         140000.0             30000.0       46.00         1.000000           100.000000
                Black or African American      Female Not Hispanic or Latino          43    527790.697674    212225.459419        380000.0        630000.0                84.673628                14.101947                80.00000                96.00000                 44.700000                  3.887646                      NaN                      NaN        6.580233e+05       284291.390451           480000.0           800000.0  161.813953  103.437641      90.00     182.50        38       5         250000.0            320000.0       92.50         0.883721            88.372093
                Black or African American        Male     Hispanic or Latino           2    870000.000000      7071.067812        867500.0        872500.0                87.500000                 3.535534                86.25000                88.75000                 44.500000                  0.707107                    44.25                    44.75        9.950000e+05        42426.406871           980000.0          1010000.0  312.000000   52.325902     293.50     330.50         2       0           5000.0             30000.0       37.00         1.000000           100.000000
                Black or African American        Male Not Hispanic or Latino          25    590200.000000    242952.670288        415000.0        745000.0                84.969720                14.943435                80.00000                95.00000                 44.444444                  3.014128                      NaN                      NaN        7.186000e+05       305994.008656           505000.0           845000.0  205.640000  144.741689     100.00     229.00        20       5         330000.0            340000.0      129.00         0.800000            80.000000
Native Hawaiian or Other Pacific Islander      Female     Hispanic or Latino           2    280000.000000    106066.017178        242500.0        317500.0                86.120000                13.831009                81.23000                91.01000                       NaN                       NaN                      NaN                      NaN        3.150000e+05        70710.678119           290000.0           340000.0   74.000000   65.053824      51.00      97.00         0       2          75000.0             50000.0       46.00         0.000000             0.000000
Native Hawaiian or Other Pacific Islander      Female Not Hispanic or Latino           8    455000.000000    142628.388278        377500.0        462500.0                92.500000                 7.071068                90.00000                95.00000                 44.857143                  3.848314                      NaN                      NaN        5.050000e+05       156204.993518           412500.0           500000.0  135.375000   37.969678     102.25     166.00         6       2          85000.0             87500.0       63.75         0.750000            75.000000
Native Hawaiian or Other Pacific Islander        Male     Hispanic or Latino           3    448333.333333    104083.299973        390000.0        490000.0                90.666667                 9.291573                87.50000                96.00000                 44.500000                  6.363961                      NaN                      NaN        4.983333e+05       105987.420637           450000.0           555000.0  145.333333   34.933270     126.50     161.00         3       0         100000.0            105000.0       34.50         1.000000           100.000000
Native Hawaiian or Other Pacific Islander        Male Not Hispanic or Latino           3    581666.666667    190350.553804        490000.0        680000.0                91.099000                 1.189333                90.47100                91.65350                 41.333333                  1.527525                    40.50                    42.00        6.416667e+05       205993.527406           545000.0           750000.0  158.666667   87.305975     112.00     198.50         3       0         190000.0            205000.0       86.50         1.000000           100.000000
                                    White      Female     Hispanic or Latino         159    443679.245283    195195.822505        315000.0        545000.0                81.513664                17.948587                75.00000                95.00000                 44.694656                  3.786399                      NaN                      NaN        5.639308e+05       236248.611797           410000.0           680000.0  137.018868  103.090379      79.00     159.50       146      13         230000.0            270000.0       80.50         0.918239            91.823899
                                    White      Female Not Hispanic or Latino         354    484124.293785    237496.554507        315000.0        625000.0                70.436508                21.563541                59.47675                85.29475                 44.007968                  4.067424                      NaN                      NaN        7.411582e+05       407175.634791           485000.0           865000.0  163.048023  106.026457      96.00     199.50       332      22         310000.0            380000.0      103.50         0.937853            93.785311
                                    White        Male     Hispanic or Latino         294    457687.074830    210879.656175        325000.0        585000.0                82.297714                16.656910                78.53150                95.00000                 44.469194                  3.899053                      NaN                      NaN        5.818707e+05       261979.346087           397500.0           715000.0  155.687075  135.106471      90.25     171.75       256      38         260000.0            317500.0       81.50         0.870748            87.074830
                                    White        Male Not Hispanic or Latino         466    561652.360515    242728.122088        395000.0        712500.0                74.930842                18.389744                66.84425                89.80450                 43.755853                  3.893368                      NaN                      NaN        8.120815e+05       451805.055737           525000.0           985000.0  234.070815  295.752231     119.25     250.00       431      35         317500.0            460000.0      130.75         0.924893            92.489270