                             derived_race derived_sex      derived_ethnicity  total_apps  avg_loan_amount  std_loan_amount  Q1_loan_amount  Q3_loan_amount  avg_loan_to_value_ratio  std_loan_to_value_ratio  Q1_loan_to_value_ratio  Q3_loan_to_value_ratio  avg_debt_to_income_ratio  std_debt_to_income_ratio  Q1_debt_to_income_ratio  Q3_debt_to_income_ratio  avg_property_value  std_property_value  Q1_property_value  Q3_property_value  avg_income  std_income  Q1_income  Q3_income  accepted  denied  iqr_loan_amount  iqr_property_value  iqr_income  acceptance_rate  acceptance_rate_pct
                 2 or more minority races      Female     Hispanic or Latino           2    330000.000000     35355.339059        317500.0        342500.0                88.500000                12.020815                84.25000                92.75000                 45.000000                  1.414214                     44.5                     45.5       375000.000000        14142.135624           370000.0           380000.0   91.500000    7.778175      88.75      94.25         1       1          25000.0             10000.0        5.50         0.500000            50.000000
                 2 or more minority races      Female Not Hispanic or Latino           2    635000.000000    141421.356237        585000.0        685000.0                85.000000                 7.071068                82.50000                87.50000                       NaN                       NaN                      NaN                      NaN       750000.000000       106066.017178           712500.0           787500.0  209.000000   52.325902     190.50     227.50         2       0         100000.0             75000.0       37.00         1.000000           100.000000
                 2 or more minority races        Male     Hispanic or Latino           1    105000.000000              NaN        105000.0        105000.0                95.000000                      NaN                95.00000                95.00000                 38.000000                       NaN                     38.0                     38.0       105000.000000                 NaN           105000.0           105000.0   31.000000         NaN      31.00      31.00         1       0              0.0                 0.0        0.00         1.000000           100.000000
                 2 or more minority races        Male Not Hispanic or Latino           2    450000.000000     35355.339059        437500.0        462500.0                90.875000                15.379572                85.43750                96.31250                 48.000000                       NaN                      NaN                      NaN       505000.000000       127279.220614           460000.0           550000.0  207.500000  130.814755     161.25     253.75         2       0          25000.0             90000.0       92.50         1.000000           100.000000
         American Indian or Alaska Native      Female     Hispanic or Latino           4    407500.000000    237539.470404        252500.0        515000.0                63.653750                20.105461                52.90375                79.25000                 47.000000                  2.828427                      NaN                      NaN       610000.000000       212994.522621           482500.0           647500.0  132.250000   46.807229     112.75     159.00         4       0         262500.0            165000.0       46.25         1.000000           100.000000
         American Indian or Alaska Native      Female Not Hispanic or Latino           5    297000.000000    138275.088140        245000.0        325000.0                64.934400                24.922896                52.91900                75.00000                 44.666667                  3.511885                      NaN                      NaN       453000.000000       158018.986201           335000.0           605000.0  105.000000   10.344080     102.00     112.00         5       0          80000.0            270000.0       10.00         1.000000           100.000000
         American Indian or Alaska Native        Male     Hispanic or Latino           9    319444.444444    205433.146736        145000.0        395000.0                79.292222                22.988434                80.00000                91.34900                 43.833333                  6.177918                      NaN                      NaN       406111.111111       203312.840497           325000.0           485000.0  140.777778  116.755918      85.00     106.00         6       3         250000.0            160000.0       21.00         0.666667            66.666667
         American Indian or Alaska Native        Male Not Hispanic or Latino           5    527000.000000    216956.216781        395000.0        605000.0                63.752600                29.613194                39.41400                93.81200                 45.000000                  4.847680                     42.0                     49.0       917000.000000       368469.808804           785000.0          1025000.0  149.400000   56.411878     120.00     175.00         5       0         210000.0            240000.0       55.00         1.000000           100.000000
                                    Asian      Female     Hispanic or Latino           6    451666.666667    264398.688852        370000.0        630000.0                91.957833                14.343840                89.31375                95.00000                 44.600000                  2.880972                      NaN                      NaN       525000.000000       277416.654150           505000.0           690000.0  137.333333   81.274022      85.00     157.50         5       1         260000.0            185000.0       72.50         0.833333            83.333333
                                    Asian      Female Not Hispanic or Latino         233    595386.266094    231978.607404        435000.0        735000.0                71.672802                17.633967                62.24300                80.00000                 43.846591                  4.240524                      NaN                      NaN       883841.201717       413870.435771           625000.0          1065000.0  193.446352  128.974763     127.00     223.00       222      11         300000.0            440000.0       96.00         0.952790            95.278970
                                    Asian        Male     Hispanic or Latino           7    705000.000000    264323.034688        555000.0        855000.0                85.150000                 7.918386                79.72500                92.50000                 46.400000                  2.302173                      NaN                      NaN       840714.285714       357064.753364           640000.0           990000.0  205.714286   71.985448     159.00     224.50         7       0         300000.0            350000.0       65.50         1.000000           100.000000
                                    Asian        Male Not Hispanic or Latino         365    623082.191781    230140.052523        455000.0        765000.0                73.831534                16.461623                66.60700                80.00000                 43.593750                  3.986128                      NaN                      NaN       892095.890411       393389.475255           645000.0          1095000.0  212.479452  190.409976     133.00     237.00       340      25         310000.0            450000.0      104.00         0.931507            93.150685
                Black or African American      Female     Hispanic or Latino           3    631666.666667    270616.579931        480000.0        740000.0                87.316667                11.233914                82.47500                93.47500                 43.666667                  5.033223                     41.0                     46.0       728333.333333       305013.660896           575000.0           880000.0  175.333333   96.862445     119.50     206.00         3       0         260000.0            305000.0       86.50         1.000000           100.000000
                Black or African American      Female Not Hispanic or Latino          54    497592.592593    230701.842909        332500.0        625000.0                85.065222                17.872316                79.25000                97.00000                 44.340909                  3.935191                      NaN                      NaN       623703.703704       283901.699014           457500.0           737500.0  140.833333   65.343144      95.50     171.00        49       5         292500.0            280000.0       75.50         0.907407            90.740741
                Black or African American        Male     Hispanic or Latino           3    428333.333333    180369.990113        335000.0        515000.0                92.333333                10.785793                88.50000                98.50000                 45.000000                  1.414214                      NaN                      NaN       518333.333333       250066.657780           395000.0           645000.0  120.333333   53.407240      90.50     142.00         1       2         180000.0            250000.0       51.50         0.333333            33.333333
                Black or African American        Male Not Hispanic or Latino          32    568750.000000    233745.795201        415000.0        680000.0                85.613656                13.976099                80.00000                95.00000                 44.576923                  3.931138                      NaN                      NaN       682500.000000       258806.192278           505000.0           830000.0  164.031250   96.116691      88.75     202.25        28       4         265000.0            325000.0      113.50         0.875000            87.500000
Native Hawaiian or Other Pacific Islander      Female Not Hispanic or Latino           2    645000.000000     56568.542495        625000.0        665000.0                79.999500                 0.000707                79.99925                79.99975                 36.000000                       NaN                      NaN                      NaN       805000.000000        70710.678119           780000.0           830000.0  235.000000   86.267027     204.50     265.50         2       0          40000.0             50000.0       61.00         1.000000           100.000000
Native Hawaiian or Other Pacific Islander        Male     Hispanic or Latino           2    355000.000000     14142.135624        350000.0        360000.0                88.500000                12.020815                84.25000                92.75000                 49.000000                       NaN                      NaN                      NaN       410000.000000        35355.339059           397500.0           422500.0  133.500000   27.577164     123.75     143.25         2       0          10000.0             25000.0       19.50         1.000000           100.000000
Native Hawaiian or Other Pacific Islander        Male Not Hispanic or Latino           4    600000.000000    117898.261226        515000.0        645000.0                79.978500                24.584225                70.91750                96.25000                 48.500000                  0.707107                      NaN                      NaN       815000.000000       275439.043468           605000.0          1005000.0  178.750000   36.809193     154.00     191.25         4       0         130000.0            400000.0       37.25         1.000000           100.000000
                                    White      Female     Hispanic or Latino         158    435569.620253    182754.032851        315000.0        525000.0                81.380614                17.005611                75.29750                95.00000                 44.620155                  3.608137                      NaN                      NaN       560126.582278       258806.022193           407500.0           655000.0  141.854430  161.996690      85.25     152.25       150       8         210000.0            247500.0       67.00         0.949367            94.936709
                                    White      Female Not Hispanic or Latino         331    484728.096677    249126.203436        305000.0        625000.0                71.901997                20.730773                60.00000                86.57450                 43.722449                  4.037289                      NaN                      NaN       706873.111782       343877.350716           470000.0           885000.0  165.256798  124.154952      93.50     198.50       310      21         320000.0            415000.0      105.00         0.936556            93.655589
                                    White        Male     Hispanic or Latino         291    466924.398625    198863.341890        325000.0        590000.0                82.906804                16.331037                80.00000                95.00000                 44.328638                  3.944781                      NaN                      NaN       584862.542955       244624.938121           415000.0           730000.0  166.597938  148.553531      95.00     184.00       256      35         265000.0            315000.0       89.00         0.879725            87.972509
                                    White        Male Not Hispanic or Latino         479    549551.148225    257192.268477        360000.0        725000.0                74.092875                19.107790                66.26050                89.00000                 43.957516                  3.993621                      NaN                      NaN       802494.780793       455987.579973           515000.0           985000.0  217.586639  215.104675     113.00     244.50       441      38         365000.0            470000.0      131.50         0.920668            92.066806