                             derived_race derived_sex      derived_ethnicity  total_apps  avg_loan_amount  std_loan_amount  Q1_loan_amount  Q3_loan_amount  avg_loan_to_value_ratio  std_loan_to_value_ratio  Q1_loan_to_value_ratio  Q3_loan_to_value_ratio  avg_debt_to_income_ratio  std_debt_to_income_ratio  Q1_debt_to_income_ratio  Q3_debt_to_income_ratio  avg_property_value  std_property_value  Q1_property_value  Q3_property_value  avg_income  std_income  Q1_income  Q3_income  accepted  denied  iqr_loan_amount  iqr_property_value  iqr_income  acceptance_rate  acceptance_rate_pct
                 2 or more minority races      Female     Hispanic or Latino           1    985000.000000              NaN        985000.0        985000.0                80.000000                      NaN                80.00000                 80.0000                 41.000000                       NaN                    41.00                    41.00        1.225000e+06                 NaN          1225000.0          1225000.0  249.000000         NaN     249.00     249.00         1       0              0.0                 0.0        0.00         1.000000           100.000000
                 2 or more minority races      Female Not Hispanic or Latino           3    431666.666667     73711.147958        390000.0        460000.0                79.299333                14.070091                72.44600                 86.5030                 44.500000                  6.363961                      NaN                      NaN        5.616667e+05       193993.127026           450000.0           625000.0  161.666667   99.445127     105.00     198.00         3       0          70000.0            175000.0       93.00         1.000000           100.000000
                 2 or more minority races        Male     Hispanic or Latino           1    355000.000000              NaN        355000.0        355000.0                41.793000                      NaN                41.79300                 41.7930                       NaN                       NaN                      NaN                      NaN        8.550000e+05                 NaN           855000.0           855000.0  187.000000         NaN     187.00     187.00         1       0              0.0                 0.0        0.00         1.000000           100.000000
                 2 or more minority races        Male Not Hispanic or Latino           3    708333.333333    274286.954362        610000.0        865000.0                77.272667                 2.601738                75.90900                 78.5000                 47.666667                  1.527525                    47.00                    48.50        9.283333e+05       377403.409276           800000.0          1145000.0  144.333333   55.581772     124.00     176.00         3       0         255000.0            345000.0       52.00         1.000000           100.000000
         American Indian or Alaska Native      Female     Hispanic or Latino           8    485000.000000    286406.304799        340000.0        502500.0                88.172250                10.814342                82.52175                 93.2500                 44.333333                  5.278889                      NaN                      NaN        5.900000e+05       383889.865159           365000.0           635000.0  120.625000   78.389025      79.25     134.25         6       2         162500.0            270000.0       55.00         0.750000            75.000000
         American Indian or Alaska Native      Female Not Hispanic or Latino           4    432500.000000    101447.851957        350000.0        517500.0                83.039750                15.269542                76.96975                 86.0700                 45.000000                  4.582576                      NaN                      NaN        5.250000e+05        96263.527188           482500.0           537500.0  102.250000   31.920474      87.00     115.25         3       1         167500.0             55000.0       28.25         0.750000            75.000000
         American Indian or Alaska Native        Male     Hispanic or Latino          12    390000.000000    182183.723452        292500.0        477500.0                86.944333                10.099898                80.00000                 95.0000                 42.888889                  4.044887                      NaN                      NaN        4.533333e+05       216578.070464           332500.0           520000.0  112.500000   52.948517      83.75     151.00        10       2         185000.0            187500.0       67.25         0.833333            83.333333
         American Indian or Alaska Native        Male Not Hispanic or Latino           3    278333.333333    140118.997047        210000.0        350000.0                77.908333                11.515861                72.74500                 84.1175                 42.000000                       NaN                      NaN                      NaN        3.883333e+05       231804.515343           265000.0           495000.0  114.333333   52.080067      87.50     139.50         3       0         140000.0            230000.0       52.00         1.000000           100.000000
                                    Asian      Female     Hispanic or Latino           2    485000.000000     28284.271247        475000.0        495000.0                76.278000                29.305333                65.91700                 86.6390                       NaN                       NaN                      NaN                      NaN        6.900000e+05       304055.915910           582500.0           797500.0   70.500000   34.648232      58.25      82.75         0       2          20000.0            215000.0       24.50         0.000000             0.000000
                                    Asian      Female Not Hispanic or Latino         229    573471.615721    231779.586252        405000.0        725000.0                72.115205                18.478787                61.83200                 80.0000                 43.909091                  4.130225                      NaN                      NaN        8.522052e+05       520231.946219           595000.0           955000.0  194.004367  179.738980     124.00     217.00       213      16         320000.0            360000.0       93.00         0.930131            93.013100
                                    Asian        Male     Hispanic or Latino          10    677000.000000    218367.681777        507500.0        765000.0                83.146000                13.054433                76.25000                 94.6705                 45.300000                  2.710064                    43.50                    47.75        8.490000e+05       386528.711022           650000.0           815000.0  174.500000   51.835745     131.25     209.75        10       0         257500.0            165000.0       78.50         1.000000           100.000000
                                    Asian        Male Not Hispanic or Latino         384    633072.916667    232259.724287        465000.0        765000.0                76.199990                19.542614                69.87675                 85.0000                 43.888889                  4.053401                      NaN                      NaN        8.792969e+05       369738.493983           632500.0          1087500.0  209.526042  146.188527     136.75     245.50       357      27         300000.0            455000.0      108.75         0.929688            92.968750
                Black or African American      Female     Hispanic or Latino           4    327500.000000    173469.497799        285000.0        432500.0                90.676500                13.949516                88.85000                 96.8265                 46.333333                  2.309401                      NaN                      NaN        4.825000e+05       314788.288643           385000.0           592500.0   90.250000   42.366457      58.75     122.00         2       2         147500.0            207500.0       63.25         0.500000            50.000000
                Black or African American      Female Not Hispanic or Latino          40    495000.000000    199987.179076        372500.0        567500.0                84.715000                19.353713                80.00000                 97.0000                 43.677419                  4.578115                      NaN                      NaN        6.417500e+05       268656.557995           515000.0           760000.0  148.925000   59.623342     108.75     188.00        34       6         195000.0            245000.0       79.25         0.850000            85.000000
                Black or African American        Male     Hispanic or Latino           2    530000.000000    120208.152802        487500.0        572500.0                77.500000                 3.535534                76.25000                 78.7500                       NaN                       NaN                      NaN                      NaN        6.800000e+05       120208.152802           637500.0           722500.0  159.000000   29.698485     148.50     169.50         2       0          85000.0             85000.0       21.00         1.000000           100.000000
                Black or African American        Male Not Hispanic or Latino          33    539545.454545    241804.297277        405000.0        615000.0                80.882727                16.159869                80.00000                 95.0000                 44.666667                  4.019185                      NaN                      NaN        6.919697e+05       315133.749863           485000.0           875000.0  150.727273   74.068496     103.00     164.00        29       4         210000.0            390000.0       61.00         0.878788            87.878788
Native Hawaiian or Other Pacific Islander      Female Not Hispanic or Latino           4    507500.000000    135000.000000        457500.0        555000.0                81.632750                 9.744648                77.13275                 88.5000                 43.500000                  3.316625                    42.25                    44.25        6.350000e+05       177576.274692           580000.0           735000.0  162.000000   40.702170     136.25     195.25         4       0          97500.0            155000.0       59.00         1.000000           100.000000
Native Hawaiian or Other Pacific Islander        Male     Hispanic or Latino           3    338333.333333     40414.518843        320000.0        360000.0                88.720333                 8.988083                84.58050                 93.5000                 40.000000                  5.656854                      NaN                      NaN        3.883333e+05        85049.005481           345000.0           430000.0   76.333333   16.921387      67.00      83.50         2       1          40000.0             85000.0       16.50         0.666667            66.666667
Native Hawaiian or Other Pacific Islander        Male Not Hispanic or Latino           2    695000.000000    113137.084990        655000.0        735000.0                71.500000                 2.121320                70.75000                 72.2500                 43.500000                  2.121320                    42.75                    44.25        9.700000e+05       134350.288425           922500.0          1017500.0  196.500000   51.618795     178.25     214.75         2       0          80000.0             95000.0       36.50         1.000000           100.000000
                                    White      Female     Hispanic or Latino         155    423838.709677    196508.335102        275000.0        545000.0                80.430877                17.557106                72.93700                 95.0000                 44.313559                  4.221838                      NaN                      NaN        5.470645e+05       236370.545482           370000.0           685000.0  128.503226   80.318067      79.00     156.50       140      15         270000.0            315000.0       77.50         0.903226            90.322581
                                    White      Female Not Hispanic or Latino         355    486408.450704    240764.412213        315000.0        645000.0                72.148454                19.792080                58.92500                 85.0000                 43.782787                  3.857272                      NaN                      NaN        7.069718e+05       350841.682543           445000.0           885000.0  174.828169  194.621322      92.50     206.50       333      22         330000.0            440000.0      114.00         0.938028            93.802817
                                    White        Male     Hispanic or Latino         281    470658.362989    188801.702501        335000.0        575000.0                83.631969                14.520003                80.00000                 95.0000                 44.449761                  3.807711                      NaN                      NaN        5.867082e+05       254573.733854           425000.0           705000.0  155.825623  163.096405      94.00     170.00       252      29         240000.0            280000.0       76.00         0.896797            89.679715
                                    White        Male Not Hispanic or Latino         461    541616.052061    253712.954208        345000.0        705000.0                73.845009                19.174878                65.00000                 89.6800                 43.750842                  4.189579                      NaN                      NaN        7.912039e+05       436941.088540           505000.0           985000.0  206.861171  235.604150     110.00     236.00       421      40         360000.0            480000.0      126.00         0.913232            91.323210