                             derived_race derived_sex      derived_ethnicity  total_apps  avg_loan_amount  std_loan_amount  Q1_loan_amount  Q3_loan_amount  avg_loan_to_value_ratio  std_loan_to_value_ratio  Q1_loan_to_value_ratio  Q3_loan_to_value_ratio  avg_debt_to_income_ratio  std_debt_to_income_ratio  Q1_debt_to_income_ratio  Q3_debt_to_income_ratio  avg_property_value  std_property_value  Q1_property_value  Q3_property_value  avg_income  std_income  Q1_income  Q3_income  accepted  denied  iqr_loan_amount  iqr_property_value  iqr_income  acceptance_rate  acceptance_rate_pct
                 2 or more minority races      Female     Hispanic or Latino           1    385000.000000              NaN        385000.0        385000.0                80.000000                      NaN                80.00000                80.00000                       NaN                       NaN                      NaN                      NaN       485000.000000                 NaN           485000.0           485000.0  130.000000         NaN     130.00     130.00         1       0              0.0                 0.0        0.00         1.000000           100.000000
                 2 or more minority races      Female Not Hispanic or Latino           3    398333.333333    104083.299973        340000.0        440000.0                67.167667                26.767150                53.25150                79.94600                 47.000000                  2.828427                      NaN                      NaN       638333.333333       220302.821891           565000.0           765000.0  140.666667  116.362938      73.50     175.50         2       1         100000.0            200000.0      102.00         0.666667            66.666667
                 2 or more minority races        Male     Hispanic or Latino           1    405000.000000              NaN        405000.0        405000.0                80.000000                      NaN                80.00000                80.00000                       NaN                       NaN                      NaN                      NaN       505000.000000                 NaN           505000.0           505000.0  123.000000         NaN     123.00     123.00         1       0              0.0                 0.0        0.00         1.000000           100.000000
                 2 or more minority races        Male Not Hispanic or Latino           3    571666.666667    231156.512634        500000.0        705000.0                90.360333                 8.988577                87.50000                95.54050                 42.500000                  6.363961                      NaN                      NaN       621666.666667       205020.324196           560000.0           740000.0  209.666667  126.638593     143.00     269.00         2       1         205000.0            180000.0      126.00         0.666667            66.666667
         American Indian or Alaska Native      Female     Hispanic or Latino           3    501666.666667    119303.534454        435000.0        550000.0                91.666667                10.408330                87.50000                97.50000                 43.500000                  4.949747                      NaN                      NaN       558333.333333       122202.018532           505000.0           625000.0  168.333333   47.961790     153.50     196.00         3       0         115000.0            120000.0       42.50         1.000000           100.000000
         American Indian or Alaska Native      Female Not Hispanic or Latino           1    445000.000000              NaN        445000.0        445000.0                80.000000                      NaN                80.00000                80.00000                 36.000000                       NaN                     36.0                     36.0       565000.000000                 NaN           565000.0           565000.0  152.000000         NaN     152.00     152.00         1       0              0.0                 0.0        0.00         1.000000           100.000000
         American Indian or Alaska Native        Male     Hispanic or Latino           8    431250.000000    203816.268802        340000.0        520000.0                90.283000                 7.454917                83.75000                96.31050                 48.000000                  1.000000                      NaN                      NaN       476250.000000       208219.492706           422500.0           567500.0  127.625000   77.191668      87.25     124.75         6       2         180000.0            145000.0       37.50         0.750000            75.000000
         American Indian or Alaska Native        Male Not Hispanic or Latino           8    542500.000000    283385.149324        387500.0        735000.0                85.981125                 8.227410                79.96225                92.00000                 45.200000                  2.774887                      NaN                      NaN       665000.000000       384484.813001           472500.0           920000.0  167.375000  101.325413     120.25     179.00         7       1         347500.0            447500.0       58.75         0.875000            87.500000
                                    Asian      Female     Hispanic or Latino           7    409285.714286    133023.449419        305000.0        485000.0                72.130571                16.713303                64.92650                80.00000                 43.000000                  5.887841                      NaN                      NaN       577857.142857       154673.234672           490000.0           700000.0  131.571429   35.122913     115.00     156.00         7       0         180000.0            210000.0       41.00         1.000000           100.000000
                                    Asian      Female Not Hispanic or Latino         233    557317.596567    203537.132275        425000.0        665000.0                72.845511                18.611799                62.50000                85.00000                 44.030303                  3.884654                      NaN                      NaN       808476.394850       330552.594543           595000.0           945000.0  177.248927   88.377608     122.00     212.00       217      16         240000.0            350000.0       90.00         0.931330            93.133047
                                    Asian        Male     Hispanic or Latino          14    524285.714286    253603.697065        310000.0        587500.0                78.854500                18.578324                77.45000                90.00000                 44.571429                  2.992053                      NaN                      NaN       699285.714286       355088.597519           470000.0           817500.0  322.714286  606.946130      84.00     276.75        11       3         277500.0            347500.0      192.75         0.785714            78.571429
                                    Asian        Male Not Hispanic or Latino         364    641263.736264    236184.773125        465000.0        765000.0                74.630470                17.740617                70.00000                85.00000                 43.765873                  4.109646                      NaN                      NaN       930219.780220       509151.193448           605000.0          1125000.0  231.571429  410.616278     137.00     247.25       337      27         300000.0            520000.0      110.25         0.925824            92.582418
                Black or African American      Female     Hispanic or Latino           2    410000.000000    289913.780286        307500.0        512500.0                86.945000                16.892781                80.97250                92.91750                 39.000000                       NaN                      NaN                      NaN       515000.000000       438406.204336           360000.0           670000.0  144.000000  107.480231     106.00     182.00         1       1         205000.0            310000.0       76.00         0.500000            50.000000
                Black or African American      Female Not Hispanic or Latino          48    512708.333333    214607.405866        385000.0        645000.0                84.976979                17.895836                80.00000                96.85000                 45.487179                  3.177816                      NaN                      NaN       690833.333333       279237.817756           475000.0           802500.0  171.437500  102.784821     108.00     205.00        45       3         260000.0            327500.0       97.00         0.937500            93.750000
                Black or African American        Male     Hispanic or Latino           3    391666.666667    119303.534454        350000.0        460000.0                71.666667                10.408330                67.50000                77.50000                 44.000000                       NaN                      NaN                      NaN       551666.666667        75055.534995           530000.0           595000.0  122.000000   13.892444     114.00     126.50         3       0         110000.0             65000.0       12.50         1.000000           100.000000
                Black or African American        Male Not Hispanic or Latino          26    513846.153846    211477.221905        340000.0        625000.0                85.378808                17.214661                80.00000                95.00000                 44.083333                  3.798360                      NaN                      NaN       623846.153846       228688.905250           487500.0           730000.0  157.769231   68.816456     109.00     183.50        24       2         285000.0            242500.0       74.50         0.923077            92.307692
Native Hawaiian or Other Pacific Islander      Female Not Hispanic or Latino           1    385000.000000              NaN        385000.0        385000.0                75.000000                      NaN                75.00000                75.00000                 47.000000                       NaN                     47.0                     47.0       515000.000000                 NaN           515000.0           515000.0  116.000000         NaN     116.00     116.00         1       0              0.0                 0.0        0.00         1.000000           100.000000
Native Hawaiian or Other Pacific Islander        Male     Hispanic or Latino           4    512500.000000     86168.439698        497500.0        565000.0                96.068250                 1.238534                95.00000                97.06825                 46.000000                  5.196152                      NaN                      NaN       532500.000000        86554.414484           517500.0           580000.0  126.750000   39.246019     107.75     135.00         3       1          67500.0             62500.0       27.25         0.750000            75.000000
Native Hawaiian or Other Pacific Islander        Male Not Hispanic or Latino           3    695000.000000    300499.584026        550000.0        850000.0                91.984000                 2.654952                90.47600                92.97600                 39.666667                  3.511885                     38.0                     41.5       758333.333333       335012.437580           590000.0           925000.0  181.333333   96.624704     136.50     232.50         3       0         300000.0            335000.0       96.00         1.000000           100.000000
                                    White      Female     Hispanic or Latino         168    438750.000000    208251.021664        302500.0        555000.0                81.477696                16.769400                75.00000                95.00000                 44.369231                  3.920011                      NaN                      NaN       564166.666667       261113.269905           415000.0           660000.0  160.238095  166.709839      83.00     176.25       148      20         252500.0            245000.0       93.25         0.880952            88.095238
                                    White      Female Not Hispanic or Latino         353    468597.733711    235779.238029        295000.0        605000.0                71.005907                20.445283                58.00000                85.00000                 43.964844                  4.215138                      NaN                      NaN       699249.291785       375784.127398           455000.0           835000.0  167.631728  194.156027      92.00     189.00       324      29         310000.0            380000.0       97.00         0.917847            91.784703
                                    White        Male     Hispanic or Latino         287    463641.114983    198488.783876        335000.0        595000.0                82.707895                17.724910                80.00000                95.00000                 44.000000                  3.883532                      NaN                      NaN       575975.609756       239842.072378           405000.0           730000.0  143.675958   84.743398      89.50     172.00       254      33         260000.0            325000.0       82.50         0.885017            88.501742
                                    White        Male Not Hispanic or Latino         459    541753.812636    260867.143070        345000.0        725000.0                74.018904                18.437946                67.69000                85.00000                 43.368078                  4.047676                      NaN                      NaN       760969.498911       389884.776319           495000.0           960000.0  217.450980  292.683711     114.00     236.50       433      26         380000.0            465000.0      122.50         0.943355            94.335512