                             derived_race derived_sex      derived_ethnicity  total_apps  avg_loan_amount  std_loan_amount  Q1_loan_amount  Q3_loan_amount  avg_loan_to_value_ratio  std_loan_to_value_ratio  Q1_loan_to_value_ratio  Q3_loan_to_value_ratio  avg_debt_to_income_ratio  std_debt_to_income_ratio  Q1_debt_to_income_ratio  Q3_debt_to_income_ratio  avg_property_value  std_property_value  Q1_property_value  Q3_property_value  avg_income  std_income  Q1_income  Q3_income  accepted  denied  iqr_loan_amount  iqr_property_value  iqr_income  acceptance_rate  acceptance_rate_pct
                 2 or more minority races      Female     Hispanic or Latino           2    185000.000000    113137.084990        145000.0        225000.0                95.225000                 0.318198                95.11250                 95.3375                 39.000000                       NaN                      NaN                      NaN        2.000000e+05       120208.152802           157500.0           242500.0   86.000000   21.213203      78.50      93.50         0       2          80000.0             85000.0       15.00         0.000000             0.000000
                 2 or more minority races      Female Not Hispanic or Latino           5    453000.000000    102567.051240        405000.0        525000.0                84.601200                10.164901                80.00000                 93.0060                 46.500000                  2.380476                      NaN                      NaN        5.410000e+05       124418.648120           435000.0           615000.0  133.400000   58.790305      89.00     169.00         5       0         120000.0            180000.0       80.00         1.000000           100.000000
                 2 or more minority races        Male     Hispanic or Latino           2    655000.000000    311126.983722        545000.0        765000.0                90.043000                 4.302038                88.52200                 91.5640                 46.000000                  2.828427                    45.00                    47.00        7.200000e+05       318198.051534           607500.0           832500.0  266.500000   10.606602     262.75     270.25         2       0         220000.0            225000.0        7.50         1.000000           100.000000
                 2 or more minority races        Male Not Hispanic or Latino           1    295000.000000              NaN        295000.0        295000.0                98.000000                      NaN                98.00000                 98.0000                 44.000000                       NaN                    44.00                    44.00        3.050000e+05                 NaN           305000.0           305000.0   79.000000         NaN      79.00      79.00         1       0              0.0                 0.0        0.00         1.000000           100.000000
         American Indian or Alaska Native      Female     Hispanic or Latino           6    391666.666667    169666.339227        282500.0        500000.0                75.946500                19.699080                63.50000                 90.9650                 48.250000                  0.957427                      NaN                      NaN        4.983333e+05       123720.114236           400000.0           587500.0  128.166667   33.736726     111.75     146.50         6       0         217500.0            187500.0       34.75         1.000000           100.000000
         American Indian or Alaska Native      Female Not Hispanic or Latino           4    510000.000000    194336.477962        372500.0        607500.0                83.470000                14.851384                75.97000                 95.0000                 43.000000                  4.163332                    41.00                    45.00        6.650000e+05       389957.262616           392500.0           822500.0  253.250000  197.439231     132.00     303.75         4       0         235000.0            430000.0      171.75         1.000000           100.000000
         American Indian or Alaska Native        Male     Hispanic or Latino          13    377307.692308    147995.148916        305000.0        425000.0                78.873769                21.462894                76.70400                 95.0000                 43.909091                  4.134115                      NaN                      NaN        4.957692e+05       155909.243817           405000.0           585000.0  121.538462   71.348459      83.00     117.00        11       2         120000.0            180000.0       34.00         0.846154            84.615385
         American Indian or Alaska Native        Male Not Hispanic or Latino           2    530000.000000    530330.085890        342500.0        717500.0                61.856000                43.738797                46.39200                 77.3200                 46.000000                  1.414214                    45.50                    46.50        7.300000e+05       346482.322781           607500.0           852500.0  182.500000  171.826948     121.75     243.25         1       1         375000.0            245000.0      121.50         0.500000            50.000000
                                    Asian      Female     Hispanic or Latino           6    320000.000000    187483.332593        255000.0        440000.0                82.849833                30.378749                82.27125                 96.7500                 43.000000                  1.870829                      NaN                      NaN        5.033333e+05       302946.639966           440000.0           627500.0   92.333333   22.923060      76.75     101.75         5       1         185000.0            187500.0       25.00         0.833333            83.333333
                                    Asian      Female Not Hispanic or Latino         219    558013.698630    222263.284645        395000.0        695000.0                71.905516                19.260198                59.93750                 85.0000                 44.629371                  3.832181                      NaN                      NaN        8.192009e+05       352681.309737           570000.0           995000.0  181.420091  101.718341     115.00     222.00       201      18         300000.0            425000.0      107.00         0.917808            91.780822
                                    Asian        Male     Hispanic or Latino          13    510384.615385    204353.263762        415000.0        645000.0                74.629000                19.308439                75.00000                 89.9860                 43.777778                  5.356720                      NaN                      NaN        6.696154e+05       218541.200716           565000.0           755000.0  190.923077  157.589901      99.00     186.00        12       1         230000.0            190000.0       87.00         0.923077            92.307692
                                    Asian        Male Not Hispanic or Latino         356    610337.078652    233295.192024        442500.0        745000.0                74.527023                17.639597                67.77100                 85.0000                 43.672199                  4.059507                      NaN                      NaN        8.752247e+05       391978.664346           605000.0          1035000.0  194.595506  106.052601     125.25     227.00       327      29         302500.0            430000.0      101.75         0.918539            91.853933
                Black or African American      Female     Hispanic or Latino           2    430000.000000    502045.814642        252500.0        607500.0                80.551000                20.433972                73.32650                 87.7755                 47.000000                  2.828427                    46.00                    48.00        6.350000e+05       777817.459305           360000.0           910000.0  101.500000   54.447222      82.25     120.75         1       1         355000.0            550000.0       38.50         0.500000            50.000000
                Black or African American      Female Not Hispanic or Latino          39    488589.743590    206416.635135        365000.0        615000.0                85.355538                15.321515                79.24450                 95.0000                 44.884615                  3.265908                      NaN                      NaN        6.065385e+05       232430.390955           445000.0           745000.0  153.589744   82.272883      98.00     181.50        32       7         250000.0            300000.0       83.50         0.820513            82.051282
                Black or African American        Male     Hispanic or Latino           4    425000.000000    106770.782520        387500.0        452500.0                88.750000                10.307764                80.00000                 96.2500                 41.000000                  3.000000                      NaN                      NaN        5.025000e+05        92150.239645           480000.0           542500.0  104.250000   49.889044      81.00     120.75         2       2          65000.0             62500.0       39.75         0.500000            50.000000
                Black or African American        Male Not Hispanic or Latino          32    502812.500000    196333.067483        357500.0        587500.0                83.580094                16.326575                80.00000                 95.0000                 43.681818                  4.213203                      NaN                      NaN        6.343750e+05       248634.172255           452500.0           815000.0  171.343750   98.728239     105.00     194.00        24       8         230000.0            362500.0       89.00         0.750000            75.000000
Native Hawaiian or Other Pacific Islander      Female Not Hispanic or Latino           4    542500.000000    190153.446809        405000.0        672500.0                82.670000                21.841450                80.17000                 92.5000                 44.500000                  5.916080                    42.75                    48.25        7.575000e+05       507567.729471           445000.0           907500.0  170.500000   99.574093      91.75     241.75         4       0         267500.0            462500.0      150.00         1.000000           100.000000
Native Hawaiian or Other Pacific Islander        Male     Hispanic or Latino           1    645000.000000              NaN        645000.0        645000.0                50.000000                      NaN                50.00000                 50.0000                       NaN                       NaN                      NaN                      NaN        1.285000e+06                 NaN          1285000.0          1285000.0 2199.000000         NaN    2199.00    2199.00         1       0              0.0                 0.0        0.00         1.000000           100.000000
Native Hawaiian or Other Pacific Islander        Male Not Hispanic or Latino           6    548333.333333    264398.688852        380000.0        680000.0                91.721667                 5.014062                90.00000                 95.0000                 42.200000                  4.381780                      NaN                      NaN        6.000000e+05       296900.656786           400000.0           747500.0  211.666667  139.284840     131.50     261.00         5       1         300000.0            347500.0      129.50         0.833333            83.333333
                                    White      Female     Hispanic or Latino         186    431935.483871    205033.329206        275000.0        565000.0                81.234220                17.268505                75.13900                 95.0000                 45.028169                  3.816618                      NaN                      NaN        5.655914e+05       278767.896735           385000.0           695000.0  172.973118  352.353162      74.25     161.50       165      21         290000.0            310000.0       87.25         0.887097            88.709677
                                    White      Female Not Hispanic or Latino         377    471976.127321    232290.587372        305000.0        625000.0                70.890341                22.321179                56.25000                 88.0000                 43.696498                  4.189984                      NaN                      NaN        7.227454e+05       434996.281332           465000.0           885000.0  166.657825  123.804892      94.00     202.00       347      30         320000.0            420000.0      108.00         0.920424            92.042440
                                    White        Male     Hispanic or Latino         273    480421.245421    194782.840590        345000.0        615000.0                84.459564                12.948175                80.00000                 95.0000                 44.105769                  4.136367                      NaN                      NaN        5.837912e+05       233695.543349           415000.0           745000.0  162.787546  145.865693      89.00     180.00       245      28         270000.0            330000.0       91.00         0.897436            89.743590
                                    White        Male Not Hispanic or Latino         447    535693.512304    269077.834819        345000.0        705000.0                73.563338                19.716511                64.90250                 89.7880                 43.532646                  3.949876                      NaN                      NaN        7.837248e+05       439189.462253           485000.0           985000.0  220.067114  339.170381     107.00     238.50       420      27         360000.0            500000.0      131.50         0.939597            93.959732