                             derived_race derived_sex      derived_ethnicity  total_apps  avg_loan_amount  std_loan_amount  Q1_loan_amount  Q3_loan_amount  avg_loan_to_value_ratio  std_loan_to_value_ratio  Q1_loan_to_value_ratio  Q3_loan_to_value_ratio  avg_debt_to_income_ratio  std_debt_to_income_ratio  Q1_debt_to_income_ratio  Q3_debt_to_income_ratio  avg_property_value  std_property_value  Q1_property_value  Q3_property_value  avg_income  std_income  Q1_income  Q3_income  accepted  denied  iqr_loan_amount  iqr_property_value  iqr_income  acceptance_rate  acceptance_rate_pct
                 2 or more minority races      Female     Hispanic or Latino           1    355000.000000              NaN        355000.0        355000.0                97.000000                      NaN                97.00000                97.00000                 44.000000                       NaN                     44.0                     44.0        3.650000e+05                 NaN           365000.0           365000.0   97.000000         NaN      97.00      97.00         1       0              0.0                 0.0        0.00         1.000000           100.000000
                 2 or more minority races      Female Not Hispanic or Latino           1    825000.000000              NaN        825000.0        825000.0                90.000000                      NaN                90.00000                90.00000                 44.000000                       NaN                     44.0                     44.0        9.250000e+05                 NaN           925000.0           925000.0  224.000000         NaN     224.00     224.00         1       0              0.0                 0.0        0.00         1.000000           100.000000
                 2 or more minority races        Male     Hispanic or Latino           1    405000.000000              NaN        405000.0        405000.0                80.000000                      NaN                80.00000                80.00000                       NaN                       NaN                      NaN                      NaN        5.050000e+05                 NaN           505000.0           505000.0  123.000000         NaN     123.00     123.00         1       0              0.0                 0.0        0.00         1.000000           100.000000
                 2 or more minority races        Male Not Hispanic or Latino           3    561666.666667    406980.753026        340000.0        740000.0                59.443333                42.721068                45.16500                84.00000                 47.000000                  2.828427                      NaN                      NaN        1.228333e+06       673003.219408           875000.0          1545000.0  250.000000   91.847700     222.00     303.00         3       0         400000.0            670000.0       81.00         1.000000           100.000000
         American Indian or Alaska Native      Female     Hispanic or Latino           1    525000.000000              NaN        525000.0        525000.0                85.000000                      NaN                85.00000                85.00000                 41.000000                       NaN                     41.0                     41.0        6.150000e+05                 NaN           615000.0           615000.0  235.000000         NaN     235.00     235.00         1       0              0.0                 0.0        0.00         1.000000           100.000000
         American Indian or Alaska Native      Female Not Hispanic or Latino           4    577500.000000     59651.767227        542500.0        590000.0                85.436000                 8.512758                79.18600                91.25000                 44.000000                  6.244998                      NaN                      NaN        6.850000e+05       133666.251038           595000.0           745000.0  168.500000   56.358969     133.00     184.00         4       0          47500.0            150000.0       51.00         1.000000           100.000000
         American Indian or Alaska Native        Male     Hispanic or Latino           5    493000.000000    144118.007202        425000.0        555000.0                81.286000                22.245591                80.00000                95.00000                 39.500000                  4.949747                      NaN                      NaN        6.530000e+05       269573.737593           525000.0           775000.0  174.800000   70.687340     144.00     220.00         5       0         130000.0            250000.0       76.00         1.000000           100.000000
         American Indian or Alaska Native        Male Not Hispanic or Latino           4    405000.000000    265706.605112        315000.0        500000.0                92.067500                 9.299725                88.25000                96.81750                 44.666667                  2.081666                      NaN                      NaN        5.550000e+05       238467.328300           427500.0           597500.0  106.250000   54.938602      95.00     129.75         4       0         185000.0            170000.0       34.75         1.000000           100.000000
                                    Asian      Female     Hispanic or Latino           4    455000.000000    191136.949158        405000.0        535000.0                74.459000                25.686824                61.24050                94.25000                 43.500000                  4.949747                      NaN                      NaN        7.125000e+05       430610.032396           445000.0          1007500.0   98.750000   22.808989      85.75     116.00         3       1         130000.0            562500.0       30.25         0.750000            75.000000
                                    Asian      Female Not Hispanic or Latino         244    567090.163934    213940.436467        415000.0        695000.0                71.228155                17.854345                61.98625                80.00000                 43.563953                  3.953159                      NaN                      NaN        8.463934e+05       398954.014231           605000.0           987500.0  173.221311   84.616298     119.75     206.50       224      20         280000.0            382500.0       86.75         0.918033            91.803279
                                    Asian        Male     Hispanic or Latino          11    519545.454545    243818.114026        350000.0        625000.0                74.313727                24.016207                70.70150                90.00000                 44.142857                  3.891382                      NaN                      NaN        7.904545e+05       410155.181276           485000.0          1020000.0  148.636364   98.297785      75.00     189.00        10       1         275000.0            535000.0      114.00         0.909091            90.909091
                                    Asian        Male Not Hispanic or Latino         355    627112.676056    259148.516048        435000.0        780000.0                74.044211                17.250551                65.75650                85.00000                 43.482353                  4.179850                      NaN                      NaN        8.999296e+05       392898.375467           605000.0          1135000.0  202.073239  157.288645     125.50     241.50       329      26         345000.0            530000.0      116.00         0.926761            92.676056
                Black or African American      Female     Hispanic or Latino           4    422500.000000    132759.180474        405000.0        497500.0                73.640750                25.351783                69.39075                84.25000                 47.333333                  1.527525                      NaN                      NaN        5.800000e+05        38729.833462           570000.0           600000.0  111.500000   22.427661      99.50     113.50         4       0          92500.0             30000.0       14.00         1.000000           100.000000
                Black or African American      Female Not Hispanic or Latino          40    494250.000000    217637.519154        360000.0        612500.0                83.785525                13.772314                75.00000                95.10625                 44.000000                  4.069398                      NaN                      NaN        6.247500e+05       336486.274342           440000.0           727500.0  146.525000   85.491936      92.50     180.25        32       8         252500.0            287500.0       87.75         0.800000            80.000000
                Black or African American        Male     Hispanic or Latino           3    548333.333333    164418.166069        455000.0        610000.0                90.000000                 8.660254                87.50000                95.00000                 45.000000                  2.828427                      NaN                      NaN        6.150000e+05       145258.390463           540000.0           685000.0  222.666667   61.978491     187.00     243.00         3       0         155000.0            145000.0       56.00         1.000000           100.000000
                Black or African American        Male Not Hispanic or Latino          38    527368.421053    219820.986266        417500.0        652500.0                84.753395                18.959709                80.00000                95.00000                 44.444444                  3.775766                      NaN                      NaN        6.378947e+05       226225.287075           517500.0           725000.0  172.289474  111.362061     109.25     195.25        35       3         235000.0            207500.0       86.00         0.921053            92.105263
Native Hawaiian or Other Pacific Islander      Female     Hispanic or Latino           2    270000.000000     91923.881554        237500.0        302500.0                83.170000                 9.659079                79.75500                86.58500                 49.000000                       NaN                      NaN                      NaN        3.150000e+05        70710.678119           290000.0           340000.0   85.500000   81.317280      56.75     114.25         1       1          65000.0             50000.0       57.50         0.500000            50.000000
Native Hawaiian or Other Pacific Islander      Female Not Hispanic or Latino           3    535000.000000     52915.026221        505000.0        555000.0                85.000000                 8.660254                80.00000                87.50000                 42.000000                  2.828427                      NaN                      NaN        6.316667e+05        96090.235369           580000.0           675000.0  141.000000    8.717798     138.00     146.00         3       0          50000.0             95000.0        8.00         1.000000           100.000000
Native Hawaiian or Other Pacific Islander        Male Not Hispanic or Latino           3    458333.333333     49328.828623        430000.0        475000.0                61.480000                17.375807                52.22000                69.45200                 38.500000                  3.535534                      NaN                      NaN        7.950000e+05       304466.746953           630000.0           930000.0  149.666667   11.015141     146.00     156.00         3       0          45000.0            300000.0       10.00         1.000000           100.000000
                                    White      Female     Hispanic or Latino         158    430506.329114    197260.045213        315000.0        525000.0                80.041437                18.943705                73.11000                95.00000                 44.699187                  3.392216                      NaN                      NaN        5.562025e+05       259738.618235           405000.0           655000.0  140.531646  109.913728      81.00     165.75       139      19         210000.0            250000.0       84.75         0.879747            87.974684
                                    White      Female Not Hispanic or Latino         341    477932.551320    249138.913818        305000.0        645000.0                69.335613                21.884097                54.85800                85.00000                 43.662393                  4.070373                      NaN                      NaN        7.392229e+05       398701.270530           465000.0           895000.0  169.263930  123.138185      97.00     203.00       320      21         340000.0            430000.0      106.00         0.938416            93.841642
                                    White        Male     Hispanic or Latino         283    462915.194346    195990.573343        335000.0        575000.0                83.782996                16.312397                80.00000                95.00000                 44.553488                  4.225609                      NaN                      NaN        5.784276e+05       269201.440994           395000.0           675000.0  148.014134  100.993433      86.00     174.50       253      30         240000.0            280000.0       88.50         0.893993            89.399293
                                    White        Male Not Hispanic or Latino         491    564775.967413    257506.391268        375000.0        745000.0                72.882000                18.838302                63.73350                85.00000                 43.622356                  4.187208                      NaN                      NaN        8.255499e+05       488778.885628           545000.0          1005000.0  210.521385  148.950783     120.00     255.50       464      27         370000.0            460000.0      135.50         0.945010            94.501018