                             derived_race derived_sex      derived_ethnicity  total_apps  avg_loan_amount  std_loan_amount  Q1_loan_amount  Q3_loan_amount  avg_loan_to_value_ratio  std_loan_to_value_ratio  Q1_loan_to_value_ratio  Q3_loan_to_value_ratio  avg_debt_to_income_ratio  std_debt_to_income_ratio  Q1_debt_to_income_ratio  Q3_debt_to_income_ratio  avg_property_value  std_property_value  Q1_property_value  Q3_property_value  avg_income  std_income  Q1_income  Q3_income  accepted  denied  iqr_loan_amount  iqr_property_value  iqr_income  acceptance_rate  acceptance_rate_pct
                 2 or more minority races      Female     Hispanic or Latino           2    470000.000000    233345.237792        387500.0        552500.0                80.000000                 0.000000                80.00000                80.00000                 47.500000                  2.121320                    46.75                    48.25        5.850000e+05       282842.712475           485000.0           685000.0  111.000000   35.355339      98.50     123.50         1       1         165000.0            200000.0       25.00         0.500000            50.000000
                 2 or more minority races      Female Not Hispanic or Latino           3    285000.000000    141067.359797        220000.0        360000.0                65.246000                25.554678                57.86900                80.00000                 48.333333                  0.577350                    48.00                    48.50        4.283333e+05        75055.534995           385000.0           450000.0   77.000000   48.877398      51.00      99.50         3       0         140000.0             65000.0       48.50         1.000000           100.000000
                 2 or more minority races        Male     Hispanic or Latino           1    875000.000000              NaN        875000.0        875000.0                93.085000                      NaN                93.08500                93.08500                 48.000000                       NaN                    48.00                    48.00        9.450000e+05                 NaN           945000.0           945000.0  274.000000         NaN     274.00     274.00         1       0              0.0                 0.0        0.00         1.000000           100.000000
                 2 or more minority races        Male Not Hispanic or Latino           3    595000.000000    391279.950930        370000.0        725000.0                58.303333                34.353399                39.95500                74.00000                 48.000000                       NaN                      NaN                      NaN        1.088333e+06       445234.020862           870000.0          1315000.0  196.666667   37.527767     175.00     207.50         3       0         355000.0            445000.0       32.50         1.000000           100.000000
         American Indian or Alaska Native      Female     Hispanic or Latino          11    437727.272727    181719.063892        320000.0        505000.0                84.086909                19.457580                79.07550                96.20950                 42.888889                  4.314060                      NaN                      NaN        5.259091e+05       168905.568023           370000.0           615000.0  112.000000   42.156850      84.00     133.50        10       1         185000.0            245000.0       49.50         0.909091            90.909091
         American Indian or Alaska Native      Female Not Hispanic or Latino           4    440000.000000    288039.349164        412500.0        572500.0                95.875000                 4.767512                93.75000                98.12500                 40.666667                  7.234178                      NaN                      NaN        5.475000e+05       155429.512427           512500.0           625000.0  144.250000   60.466933     105.75     176.50         4       0         160000.0            112500.0       70.75         1.000000           100.000000
         American Indian or Alaska Native        Male     Hispanic or Latino           7    515000.000000    205993.527406        355000.0        695000.0                72.073857                21.576319                55.83000                87.50000                 42.500000                  5.507571                      NaN                      NaN        7.050000e+05       190000.000000           595000.0           750000.0  173.571429   78.669895     123.50     222.50         4       3         340000.0            155000.0       99.00         0.571429            57.142857
         American Indian or Alaska Native        Male Not Hispanic or Latino           8    366250.000000    167795.581416        290000.0        417500.0                85.160125                 8.531513                80.00000                88.95275                 45.250000                  2.500000                      NaN                      NaN        4.387500e+05       186695.894821           367500.0           522500.0  234.375000  194.220006      79.75     335.00         8       0         127500.0            155000.0      255.25         1.000000           100.000000
                                    Asian      Female     Hispanic or Latino           7    405000.000000    181842.422626        320000.0        460000.0                60.770714                19.125397                42.84950                76.73100                 46.750000                  1.892969                      NaN                      NaN        6.764286e+05       261178.647125           510000.0           820000.0  122.142857   46.297691      94.00     149.50         7       0         140000.0            310000.0       55.50         1.000000           100.000000
                                    Asian      Female Not Hispanic or Latino         236    587245.762712    222852.968853        425000.0        745000.0                72.427401                17.343063                64.57675                80.00000                 43.463277                  3.806403                      NaN                      NaN        8.539831e+05       386773.648315           595000.0          1040000.0  185.584746  100.616891     127.00     216.25       223      13         320000.0            445000.0       89.25         0.944915            94.491525
                                    Asian        Male     Hispanic or Latino          10    642000.000000    284411.673459        450000.0        805000.0                76.041800                11.012565                67.04325                80.00000                 44.000000                  4.213075                      NaN                      NaN        8.590000e+05       375801.365972           575000.0          1192500.0  205.100000   86.822232     142.50     267.75        10       0         355000.0            617500.0      125.25         1.000000           100.000000
                                    Asian        Male Not Hispanic or Latino         354    628107.344633    242608.475320        445000.0        765000.0                72.818737                18.104530                65.00000                80.00000                 43.508065                  4.156836                      NaN                      NaN        9.267232e+05       435784.756204           607500.0          1155000.0  207.135593  112.911125     130.00     260.75       328      26         320000.0            547500.0      130.75         0.926554            92.655367
                Black or African American      Female     Hispanic or Latino           2    510000.000000    148492.424049        457500.0        562500.0                79.000000                 5.656854                77.00000                81.00000                 39.000000                       NaN                      NaN                      NaN        6.650000e+05       226274.169980           585000.0           745000.0  152.000000   96.166522     118.00     186.00         2       0         105000.0            160000.0       68.00         1.000000           100.000000
                Black or African American      Female Not Hispanic or Latino          51    492450.980392    227612.329519        330000.0        660000.0                82.477667                19.416766                80.00000                95.00000                 43.945946                  4.142905                      NaN                      NaN        6.210784e+05       268373.459428           470000.0           780000.0  149.372549   69.475740      94.50     193.50        46       5         330000.0            310000.0       99.00         0.901961            90.196078
                Black or African American        Male     Hispanic or Latino           1    415000.000000              NaN        415000.0        415000.0                80.000000                      NaN                80.00000                80.00000                       NaN                       NaN                      NaN                      NaN        5.150000e+05                 NaN           515000.0           515000.0   51.000000         NaN      51.00      51.00         0       1              0.0                 0.0        0.00         0.000000             0.000000
                Black or African American        Male Not Hispanic or Latino          22    487272.727273    271607.767232        367500.0        665000.0                88.687045                 7.749852                80.00000                95.00000                 43.647059                  4.091778                      NaN                      NaN        5.600000e+05       324327.142309           390000.0           717500.0  155.681818   89.812708     100.50     187.00        18       4         297500.0            327500.0       86.50         0.818182            81.818182
Native Hawaiian or Other Pacific Islander      Female Not Hispanic or Latino           6    461666.666667    199465.953653        315000.0        590000.0                74.494167                18.621331                80.00000                80.00000                 44.750000                  3.593976                      NaN                      NaN        6.266667e+05       194465.078270           467500.0           777500.0  127.833333   36.096630      98.25     158.50         6       0         275000.0            310000.0       60.25         1.000000           100.000000
Native Hawaiian or Other Pacific Islander        Male     Hispanic or Latino           2    515000.000000    197989.898732        445000.0        585000.0                76.108500                 4.316887                74.58225                77.63475                 41.000000                  7.071068                    38.50                    43.50        6.900000e+05       304055.915910           582500.0           797500.0  122.000000   38.183766     108.50     135.50         2       0         140000.0            215000.0       27.00         1.000000           100.000000
Native Hawaiian or Other Pacific Islander        Male Not Hispanic or Latino           3    608333.333333    448367.408866        370000.0        815000.0                67.905000                33.254249                55.14800                86.70950                 44.666667                  5.859465                    42.50                    48.00        9.616667e+05       514230.817176           665000.0          1120000.0  239.000000  175.445148     157.00     331.50         3       0         445000.0            455000.0      174.50         1.000000           100.000000
                                    White      Female     Hispanic or Latino         181    449088.397790    206391.948939        315000.0        555000.0                84.838959                21.518614                80.00000                95.00000                 44.355705                  3.998435                      NaN                      NaN        5.583149e+05       241518.472375           385000.0           685000.0  148.530387  219.954352      80.00     152.00       164      17         240000.0            300000.0       72.00         0.906077            90.607735
                                    White      Female Not Hispanic or Latino         380    465078.947368    236359.245555        295000.0        615000.0                69.861300                21.012776                55.52950                85.00000                 43.396364                  4.114154                      NaN                      NaN        6.971579e+05       343717.188029           455000.0           860000.0  165.331579  129.792306      92.00     195.00       352      28         320000.0            405000.0      103.00         0.926316            92.631579
                                    White        Male     Hispanic or Latino         268    468358.208955    202735.761051        335000.0        585000.0                82.803604                16.332674                80.00000                95.00000                 44.043902                  4.178965                      NaN                      NaN        5.885075e+05       260787.506487           405000.0           717500.0  163.138060  198.526613      89.00     171.25       247      21         250000.0            312500.0       82.25         0.921642            92.164179
                                    White        Male Not Hispanic or Latino         438    572009.132420    262857.828308        385000.0        755000.0                74.374776                17.412717                66.79550                85.00000                 43.574751                  4.093722                      NaN                      NaN        8.261872e+05       476480.668622           515000.0          1005000.0  195.358447  294.705324     116.00     234.00       404      34         370000.0            490000.0      118.00         0.922374            92.237443