                             derived_race derived_sex      derived_ethnicity  total_apps  avg_loan_amount  std_loan_amount  Q1_loan_amount  Q3_loan_amount  avg_loan_to_value_ratio  std_loan_to_value_ratio  Q1_loan_to_value_ratio  Q3_loan_to_value_ratio  avg_debt_to_income_ratio  std_debt_to_income_ratio  Q1_debt_to_income_ratio  Q3_debt_to_income_ratio  avg_property_value  std_property_value  Q1_property_value  Q3_property_value  avg_income  std_income  Q1_income  Q3_income  accepted  denied  iqr_loan_amount  iqr_property_value  iqr_income  acceptance_rate  acceptance_rate_pct
                 2 or more minority races      Female     Hispanic or Latino           2    510000.000000    247487.373415        422500.0        597500.0                87.500000                10.606602                83.75000                91.25000                 44.000000                  5.656854                    42.00                    46.00        6.050000e+05       353553.390593           480000.0           730000.0  156.500000  125.157900     112.25     200.75         2       0         175000.0            250000.0       88.50         1.000000           100.000000
                 2 or more minority races      Female Not Hispanic or Latino           4    562500.000000    324486.774255        375000.0        637500.0                72.654750                24.752973                58.41625                91.24250                 46.333333                  2.309401                      NaN                      NaN        7.600000e+05       278388.218142           592500.0           847500.0  146.250000   68.461059     115.75     165.00         4       0         262500.0            255000.0       49.25         1.000000           100.000000
                 2 or more minority races        Male Not Hispanic or Latino           5    685000.000000    472069.910077        405000.0       1055000.0                74.687600                28.828978                75.00000                92.00000                 44.500000                  3.511885                      NaN                      NaN        1.061000e+06       680132.340063           415000.0          1525000.0  171.800000   84.615010     115.00     211.00         4       1         650000.0           1110000.0       96.00         0.800000            80.000000
         American Indian or Alaska Native      Female     Hispanic or Latino           5    311000.000000    172423.896256        155000.0        365000.0                90.538460                10.471005                85.00000                91.00000                 46.333333                  3.055050                      NaN                      NaN        3.610000e+05       194113.368937           195000.0           405000.0  108.400000   58.594368      80.00     128.00         5       0         210000.0            210000.0       48.00         1.000000           100.000000
         American Indian or Alaska Native      Female Not Hispanic or Latino           1    505000.000000              NaN        505000.0        505000.0                95.000000                      NaN                95.00000                95.00000                       NaN                       NaN                      NaN                      NaN        5.350000e+05                 NaN           535000.0           535000.0  224.000000         NaN     224.00     224.00         1       0              0.0                 0.0        0.00         1.000000           100.000000
         American Indian or Alaska Native        Male     Hispanic or Latino          12    535000.000000    214687.934200        355000.0        702500.0                71.588333                18.484088                61.85000                85.05500                 42.875000                  5.026714                      NaN                      NaN        7.791667e+05       316585.715331           522500.0           935000.0  201.833333  150.457383     101.25     196.00         9       3         347500.0            412500.0       94.75         0.750000            75.000000
         American Indian or Alaska Native        Male Not Hispanic or Latino           3    565000.000000    190787.840283        475000.0        665000.0                91.694000                 6.119224                89.04100                95.04100                 46.000000                  4.242641                      NaN                      NaN        6.116667e+05       180092.568790           520000.0           700000.0  146.333333   67.604240     111.50     179.00         3       0         190000.0            180000.0       67.50         1.000000           100.000000
                                    Asian      Female     Hispanic or Latino           7    437857.142857    214453.902251        320000.0        560000.0                67.957571                31.039846                49.20650                95.00000                 45.333333                  2.581989                      NaN                      NaN        6.364286e+05       134960.311626           545000.0           740000.0  129.857143   29.734540     118.00     149.00         7       0         240000.0            195000.0       31.00         1.000000           100.000000
                                    Asian      Female Not Hispanic or Latino         235    593340.425532    247258.928317        405000.0        750000.0                73.351883                18.962015                64.99250                85.00000                 43.691429                  4.172527                      NaN                      NaN        8.523191e+05       360006.001041           595000.0          1055000.0  191.970213  159.844566     117.50     224.00       225      10         345000.0            460000.0      106.50         0.957447            95.744681
                                    Asian        Male     Hispanic or Latino          12    536666.666667    265221.462635        327500.0        677500.0                74.371917                22.270887                70.52750                83.75000                 44.000000                  3.527668                      NaN                      NaN        7.783333e+05       369774.706184           605000.0           912500.0  168.500000   85.402257     101.25     226.75        12       0         350000.0            307500.0      125.50         1.000000           100.000000
                                    Asian        Male Not Hispanic or Latino         378    605079.365079    243026.330668        445000.0        745000.0                73.122114                18.202707                67.17000                80.61950                 43.767790                  4.085369                      NaN                      NaN        8.983333e+05       443800.801254           615000.0          1070000.0  205.955026  156.544586     127.25     237.00       355      23         300000.0            455000.0      109.75         0.939153            93.915344
                Black or African American      Female     Hispanic or Latino           4    427500.000000    362341.919555        195000.0        597500.0                83.605750                18.186913                71.85150                96.75425                 44.250000                  3.593976                    41.75                    46.00        5.825000e+05       514481.940078           205000.0           897500.0  171.250000  125.361810      69.75     252.50         2       2         402500.0            692500.0      182.75         0.500000            50.000000
                Black or African American      Female Not Hispanic or Latino          41    552560.975610    252544.852331        415000.0        705000.0                85.187610                13.911135                80.00000                95.00000                 44.451613                  3.192060                      NaN                      NaN        6.832927e+05       282620.792220           515000.0           795000.0  172.780488   88.225992     115.00     215.00        35       6         290000.0            280000.0      100.00         0.853659            85.365854
                Black or African American        Male     Hispanic or Latino           2    765000.000000         0.000000        765000.0        765000.0                79.818000                14.399522                74.72700                84.90900                 43.500000                  3.535534                    42.25                    44.75        9.800000e+05       176776.695297           917500.0          1042500.0  172.000000   12.727922     167.50     176.50         2       0              0.0            125000.0        9.00         1.000000           100.000000
                Black or African American        Male Not Hispanic or Latino          27    479074.074074    185581.399500        345000.0        570000.0                81.649178                21.617199                80.00000                97.00000                 44.200000                  3.473206                      NaN                      NaN        5.994444e+05       148073.093524           500000.0           720000.0  169.000000  136.819364      92.00     183.00        26       1         225000.0            220000.0       91.00         0.962963            96.296296
Native Hawaiian or Other Pacific Islander      Female Not Hispanic or Latino           1    515000.000000              NaN        515000.0        515000.0                95.000000                      NaN                95.00000                95.00000                       NaN                       NaN                      NaN                      NaN        5.450000e+05                 NaN           545000.0           545000.0  147.000000         NaN     147.00     147.00         1       0              0.0                 0.0        0.00         1.000000           100.000000
Native Hawaiian or Other Pacific Islander        Male     Hispanic or Latino           1    135000.000000              NaN        135000.0        135000.0                51.923000                      NaN                51.92300                51.92300                       NaN                       NaN                      NaN                      NaN        2.650000e+05                 NaN           265000.0           265000.0   57.000000         NaN      57.00      57.00         1       0              0.0                 0.0        0.00         1.000000           100.000000
Native Hawaiian or Other Pacific Islander        Male Not Hispanic or Latino           3    725000.000000    289309.522830        560000.0        830000.0                89.563333                13.972188                84.34500                97.50000                 49.000000                  0.000000                      NaN                      NaN        8.650000e+05       486621.002424           585000.0          1025000.0  203.666667   45.621632     190.00     230.00         3       0         270000.0            440000.0       40.00         1.000000           100.000000
                                    White      Female     Hispanic or Latino         178    440337.078652    193265.570269        315000.0        545000.0                83.194067                16.952792                80.00000                95.00000                 44.736434                  3.977514                      NaN                      NaN        5.592135e+05       237140.925557           407500.0           682500.0  140.044944  154.464697      85.25     153.75       159      19         230000.0            275000.0       68.50         0.893258            89.325843
                                    White      Female Not Hispanic or Latino         351    463433.048433    227121.353193        305000.0        605000.0                73.038293                20.450200                63.77800                88.50000                 44.102362                  3.957950                      NaN                      NaN        6.760541e+05       386645.315397           435000.0           830000.0  153.877493  112.501730      90.00     180.50       326      25         300000.0            395000.0       90.50         0.928775            92.877493
                                    White        Male     Hispanic or Latino         285    454368.421053    200275.218347        325000.0        575000.0                82.583765                16.752950                77.90700                95.00000                 44.206731                  3.917082                      NaN                      NaN        5.861228e+05       291300.149535           395000.0           735000.0  171.073684  235.482659      96.00     187.00       265      20         250000.0            340000.0       91.00         0.929825            92.982456
                                    White        Male Not Hispanic or Latino         443    573623.024831    257469.675081        375000.0        750000.0                76.064711                20.338037                69.84000                89.98950                 43.692810                  4.032298                      NaN                      NaN        8.076637e+05       456814.310436           520000.0          1000000.0  203.898420  141.468082     118.50     249.50       410      33         375000.0            480000.0      131.00         0.925508            92.550790