                             derived_race derived_sex      derived_ethnicity  total_apps  avg_loan_amount  std_loan_amount  Q1_loan_amount  Q3_loan_amount  avg_loan_to_value_ratio  std_loan_to_value_ratio  Q1_loan_to_value_ratio  Q3_loan_to_value_ratio  avg_debt_to_income_ratio  std_debt_to_income_ratio  Q1_debt_to_income_ratio  Q3_debt_to_income_ratio  avg_property_value  std_property_value  Q1_property_value  Q3_property_value  avg_income  std_income  Q1_income  Q3_income  accepted  denied  iqr_loan_amount  iqr_property_value  iqr_income  acceptance_rate  acceptance_rate_pct
                 2 or more minority races      Female     Hispanic or Latino           3     5.516667e+05     47258.156263        525000.0        570000.0                92.458000                 6.215890                90.18700                96.00000                 44.333333                  4.041452                    42.50                    46.50        6.016667e+05        90737.717259           550000.0           635000.0  133.333333    9.865766     130.00     139.00         3       0          45000.0             85000.0        9.00         1.000000           100.000000
                 2 or more minority races      Female Not Hispanic or Latino           2     6.800000e+05     63639.610307        657500.0        702500.0                86.753000                 9.550184                83.37650                90.12950                 45.000000                  0.000000                    45.00                    45.00        7.850000e+05        14142.135624           780000.0           790000.0  172.500000   16.263456     166.75     178.25         2       0          45000.0             10000.0       11.50         1.000000           100.000000
                 2 or more minority races        Male     Hispanic or Latino           2     3.600000e+05     91923.881554        327500.0        392500.0                85.000000                 7.071068                82.50000                87.50000                 40.000000                       NaN                      NaN                      NaN        4.350000e+05       141421.356237           385000.0           485000.0  104.000000   28.284271      94.00     114.00         2       0          65000.0            100000.0       20.00         1.000000           100.000000
                 2 or more minority races        Male Not Hispanic or Latino           1     1.105000e+06              NaN       1105000.0       1105000.0                80.000000                      NaN                80.00000                80.00000                 39.000000                       NaN                    39.00                    39.00        1.375000e+06                 NaN          1375000.0          1375000.0  326.000000         NaN     326.00     326.00         1       0              0.0                 0.0        0.00         1.000000           100.000000
         American Indian or Alaska Native      Female     Hispanic or Latino           6     5.033333e+05     89312.186552        457500.0        560000.0                84.650667                13.147587                73.70450                95.98250                 44.800000                  4.494441                      NaN                      NaN        6.200000e+05       211163.443806           477500.0           762500.0  142.333333   42.944926     104.00     181.50         6       0         102500.0            285000.0       77.50         1.000000           100.000000
         American Indian or Alaska Native      Female Not Hispanic or Latino           4     3.250000e+05    174547.032821        190000.0        425000.0                84.407500                16.191486                82.65750                91.75000                 41.500000                  6.363961                      NaN                      NaN        4.100000e+05       242830.530755           202500.0           612500.0  101.000000   52.300414      62.50     135.00         4       0         235000.0            410000.0       72.50         1.000000           100.000000
         American Indian or Alaska Native        Male     Hispanic or Latino          13     4.773077e+05    129431.696669        385000.0        585000.0                88.792615                 8.262025                80.00000                95.00000                 42.666667                  4.582576                      NaN                      NaN        5.450000e+05       161915.615883           425000.0           615000.0  151.230769   90.351309     106.00     162.00        11       2         200000.0            190000.0       56.00         0.846154            84.615385
         American Indian or Alaska Native        Male Not Hispanic or Latino           4     3.250000e+05     84852.813742        260000.0        380000.0                84.790000                12.584588                78.05500                89.23500                 43.000000                  6.000000                      NaN                      NaN        3.975000e+05       117862.914722           337500.0           460000.0  111.500000   77.418775      72.50     117.50         3       1         120000.0            122500.0       45.00         0.750000            75.000000
                                    Asian      Female     Hispanic or Latino           5     4.930000e+05     99849.887331        425000.0        585000.0                77.891800                15.021578                65.67000                89.08500                 43.666667                  1.527525                      NaN                      NaN        6.870000e+05       239937.491860           485000.0           905000.0  170.200000   60.759361     122.00     213.00         5       0         160000.0            420000.0       91.00         1.000000           100.000000
                                    Asian      Female Not Hispanic or Latino         229     5.402838e+05    223368.417153        395000.0        655000.0                71.915822                21.112252                63.00000                85.00000                 43.729412                  3.931027                      NaN                      NaN        8.431223e+05       496086.847662           565000.0           955000.0  174.672489   90.803732     115.00     216.00       215      14         260000.0            390000.0      101.00         0.938865            93.886463
                                    Asian        Male     Hispanic or Latino           8     5.625000e+05    230945.262531        445000.0        592500.0                83.744000                 6.430132                80.00000                85.12650                 42.166667                  4.262237                      NaN                      NaN        6.812500e+05       300092.247722           505000.0           722500.0  179.375000   45.311422     147.00     215.50         6       2         147500.0            217500.0       68.50         0.750000            75.000000
                                    Asian        Male Not Hispanic or Latino         360     6.280000e+05    234539.553654        465000.0        765000.0                73.761986                17.258675                65.00000                83.50125                 43.164706                  4.243143                      NaN                      NaN        9.003889e+05       425798.759651           625000.0          1065000.0  203.013889  142.005070     126.75     240.50       328      32         300000.0            440000.0      113.75         0.911111            91.111111
                Black or African American      Female     Hispanic or Latino           1     7.650000e+05              NaN        765000.0        765000.0                85.000000                      NaN                85.00000                85.00000                       NaN                       NaN                      NaN                      NaN        9.050000e+05                 NaN           905000.0           905000.0  894.000000         NaN     894.00     894.00         1       0              0.0                 0.0        0.00         1.000000           100.000000
                Black or African American      Female Not Hispanic or Latino          54     4.951852e+05    198802.934005        352500.0        645000.0                81.035759                16.573168                74.05125                95.00000                 44.177778                  4.349968                      NaN                      NaN        6.318519e+05       269477.650378           447500.0           735000.0  149.444444   69.245984      97.00     201.50        50       4         292500.0            287500.0      104.50         0.925926            92.592593
                Black or African American        Male     Hispanic or Latino           2     4.300000e+05     35355.339059        417500.0        442500.0                91.506500                 4.940555                89.75975                93.25325                 46.000000                  1.414214                    45.50                    46.50        4.700000e+05        21213.203436           462500.0           477500.0  102.500000   14.849242      97.25     107.75         2       0          25000.0             15000.0       10.50         1.000000           100.000000
                Black or African American        Male Not Hispanic or Latino          33     4.710606e+05    194212.180906        355000.0        555000.0                82.753091                14.573553                75.00000                95.00000                 43.040000                  4.676894                      NaN                      NaN        6.171212e+05       297938.307118           465000.0           755000.0  143.515152   81.472818      92.00     177.00        26       7         200000.0            290000.0       85.00         0.787879            78.787879
Native Hawaiian or Other Pacific Islander      Female Not Hispanic or Latino           3     4.116667e+05    246846.781088        275000.0        515000.0                76.906667                35.756204                65.36000                97.50000                 46.500000                  2.121320                      NaN                      NaN        5.483333e+05       185562.208796           460000.0           645000.0  112.000000   33.778692      96.50     130.00         3       0         240000.0            185000.0       33.50         1.000000           100.000000
Native Hawaiian or Other Pacific Islander        Male     Hispanic or Latino           1     3.750000e+05              NaN        375000.0        375000.0                79.161000                      NaN                79.16100                79.16100                 36.000000                       NaN                    36.00                    36.00        4.750000e+05                 NaN           475000.0           475000.0   95.000000         NaN      95.00      95.00         1       0              0.0                 0.0        0.00         1.000000           100.000000
Native Hawaiian or Other Pacific Islander        Male Not Hispanic or Latino           2     4.950000e+05    296984.848098        390000.0        600000.0                96.000000                 1.414214                95.50000                96.50000                 38.500000                  2.121320                    37.75                    39.25        5.150000e+05       296984.848098           410000.0           620000.0  166.000000   43.840620     150.50     181.50         2       0         210000.0            210000.0       31.00         1.000000           100.000000
                                    White      Female     Hispanic or Latino         153     4.077451e+05    188614.181857        265000.0        525000.0                82.309248                16.656437                80.00000                95.00000                 44.644444                  3.883503                      NaN                      NaN        5.191176e+05       228750.983351           365000.0           685000.0  126.954248   84.704078      73.00     156.00       141      12         260000.0            320000.0       83.00         0.921569            92.156863
                                    White      Female Not Hispanic or Latino         360     4.699444e+05    235792.971897        292500.0        625000.0                71.952122                20.280101                58.39300                85.00000                 43.952756                  4.107947                      NaN                      NaN        6.804444e+05       321009.588142           462500.0           877500.0  154.047222   87.122400      93.75     186.00       339      21         332500.0            415000.0       92.25         0.941667            94.166667
                                    White        Male     Hispanic or Latino         264     4.734470e+05    207702.105135        345000.0        615000.0                81.699617                17.578467                78.55450                95.00000                 44.462687                  4.022419                      NaN                      NaN        5.995455e+05       254777.510144           405000.0           755000.0  158.352273  238.078223      95.00     178.00       244      20         270000.0            350000.0       83.00         0.924242            92.424242
                                    White        Male Not Hispanic or Latino         490     5.467347e+05    246961.185653        365000.0        715000.0                72.890163                18.678005                63.21575                84.64000                 43.376176                  3.952890                      NaN                      NaN        7.958980e+05       382970.856180           515000.0           985000.0  194.904082  133.373428     116.25     235.50       456      34         350000.0            470000.0      119.25         0.930612            93.061224