                             derived_race derived_sex      derived_ethnicity  total_apps  avg_loan_amount  std_loan_amount  Q1_loan_amount  Q3_loan_amount  avg_loan_to_value_ratio  std_loan_to_value_ratio  Q1_loan_to_value_ratio  Q3_loan_to_value_ratio  avg_debt_to_income_ratio  std_debt_to_income_ratio  Q1_debt_to_income_ratio  Q3_debt_to_income_ratio  avg_property_value  std_property_value  Q1_property_value  Q3_property_value  avg_income  std_income  Q1_income  Q3_income  accepted  denied  iqr_loan_amount  iqr_property_value  iqr_income  acceptance_rate  acceptance_rate_pct
                 2 or more minority races      Female Not Hispanic or Latino           6    515000.000000    209475.535564        400000.0        570000.0                64.090167                18.994609                 47.4895                 77.5000                 46.333333                  1.527525                      NaN                      NaN       835000.000000       338408.037730           630000.0           962500.0  159.666667   69.858905     117.50     181.75         6       0         170000.0            332500.0       64.25         1.000000           100.000000
                 2 or more minority races        Male     Hispanic or Latino           3    688333.333333    207444.771767        595000.0        800000.0                91.695000                 6.119565                 89.0425                 95.0425                 48.000000                  1.000000                    47.50                    48.50       748333.333333       200083.315979           650000.0           850000.0  176.333333   88.058693     127.50     213.00         3       0         205000.0            200000.0       85.50         1.000000           100.000000
                 2 or more minority races        Male Not Hispanic or Latino           1    545000.000000              NaN        545000.0        545000.0                60.000000                      NaN                 60.0000                 60.0000                 38.000000                       NaN                    38.00                    38.00       905000.000000                 NaN           905000.0           905000.0  157.000000         NaN     157.00     157.00         1       0              0.0                 0.0        0.00         1.000000           100.000000
         American Indian or Alaska Native      Female     Hispanic or Latino           6    606666.666667    230427.139605        452500.0        720000.0                79.148500                18.275450                 63.5000                 94.1335                 44.500000                  3.316625                      NaN                      NaN       751666.666667       200266.489126           692500.0           762500.0  276.333333  231.034774     165.00     220.25         6       0         267500.0             70000.0       55.25         1.000000           100.000000
         American Indian or Alaska Native      Female Not Hispanic or Latino           4    437500.000000    263486.242525        405000.0        587500.0                80.832500                 5.565773                 77.6100                 82.2225                 45.500000                  0.707107                      NaN                      NaN       560000.000000       346938.995598           510000.0           755000.0  157.250000  112.869763      96.00     182.25         3       1         182500.0            245000.0       86.25         0.750000            75.000000
         American Indian or Alaska Native        Male     Hispanic or Latino           9    460555.555556    203415.284032        305000.0        605000.0                93.363778                 5.721840                 91.3490                 95.0000                 44.000000                  5.099020                      NaN                      NaN       496111.111111       227565.619352           295000.0           675000.0  144.777778   74.595204      97.00     169.00         7       2         300000.0            380000.0       72.00         0.777778            77.777778
         American Indian or Alaska Native        Male Not Hispanic or Latino           4    545000.000000     80415.587212        537500.0        587500.0                76.103500                25.242111                 69.8535                 91.2500                 46.000000                  4.242641                      NaN                      NaN       822500.000000       439042.518822           602500.0           915000.0  243.250000  200.804009     120.00     279.75         4       0          50000.0            312500.0      159.75         1.000000           100.000000
                                    Asian      Female     Hispanic or Latino           2    355000.000000     42426.406871        340000.0        370000.0                77.000000                 4.242641                 75.5000                 78.5000                 43.500000                  6.363961                    41.25                    45.75       460000.000000        21213.203436           452500.0           467500.0  119.000000   74.953319      92.50     145.50         2       0          30000.0             15000.0       53.00         1.000000           100.000000
                                    Asian      Female Not Hispanic or Latino         223    574820.627803    230606.259585        415000.0        740000.0                73.066973                18.084475                 64.5470                 80.0000                 43.488372                  4.026939                      NaN                      NaN       837286.995516       380292.287023           580000.0          1005000.0  188.421525  193.943434     120.00     218.50       209      14         325000.0            425000.0       98.50         0.937220            93.721973
                                    Asian        Male     Hispanic or Latino          10    570000.000000    294363.720591        407500.0        587500.0                82.578700                 8.100462                 79.1135                 88.3340                 47.200000                  3.033150                      NaN                      NaN       709000.000000       414519.802502           455000.0           692500.0  144.900000   82.217124     111.75     141.00         9       1         180000.0            237500.0       29.25         0.900000            90.000000
                                    Asian        Male Not Hispanic or Latino         388    630438.144330    229118.214838        465000.0        765000.0                74.257402                19.652693                 65.8030                 80.0000                 43.892977                  4.111930                      NaN                      NaN       904329.896907       386135.781547           632500.0          1105000.0  198.561856  112.546327     134.00     236.00       369      19         300000.0            472500.0      102.00         0.951031            95.103093
                Black or African American      Female     Hispanic or Latino           3    578333.333333    384230.833397        460000.0        800000.0                68.700667                25.101092                 55.5510                 80.5510                 48.500000                  0.707107                      NaN                      NaN       785000.000000       445421.149026           585000.0          1025000.0  196.000000  167.188516     102.00     262.00         3       0         340000.0            440000.0      160.00         1.000000           100.000000
                Black or African American      Female Not Hispanic or Latino          49    505204.081633    215836.452319        345000.0        635000.0                82.864633                17.508296                 75.0000                 95.0000                 44.473684                  3.569668                      NaN                      NaN       630510.204082       264819.602312           485000.0           775000.0  147.551020   62.713655      97.00     190.00        44       5         290000.0            290000.0       93.00         0.897959            89.795918
                Black or African American        Male     Hispanic or Latino           5    525000.000000    144913.767462        425000.0        545000.0                86.327200                12.954200                 75.0000                 95.0000                 41.000000                  2.549510                    39.00                    43.00       643000.000000       273075.081251           475000.0           645000.0  152.600000   32.269180     124.00     181.00         5       0         120000.0            170000.0       57.00         1.000000           100.000000
                Black or African American        Male Not Hispanic or Latino          42    514047.619048    242836.987618        372500.0        680000.0                80.712024                18.047806                 78.5000                 95.0000                 43.241379                  4.180355                      NaN                      NaN       686904.761905       341719.026610           505000.0           772500.0  192.523810  100.805594     108.50     250.00        35       7         307500.0            267500.0      141.50         0.833333            83.333333
Native Hawaiian or Other Pacific Islander      Female Not Hispanic or Latino           1    245000.000000              NaN        245000.0        245000.0                80.000000                      NaN                 80.0000                 80.0000                 40.000000                       NaN                    40.00                    40.00       535000.000000                 NaN           535000.0           535000.0   56.000000         NaN      56.00      56.00         1       0              0.0                 0.0        0.00         1.000000           100.000000
Native Hawaiian or Other Pacific Islander        Male     Hispanic or Latino           2    585000.000000     28284.271247        575000.0        595000.0                83.995000                15.563420                 78.4925                 89.4975                 41.000000                  1.414214                    40.50                    41.50       710000.000000       162634.559673           652500.0           767500.0  166.500000   23.334524     158.25     174.75         1       1          20000.0            115000.0       16.50         0.500000            50.000000
Native Hawaiian or Other Pacific Islander        Male Not Hispanic or Latino           7    610714.285714    200570.614569        485000.0        700000.0                84.427143                 9.862411                 80.0000                 90.0000                 41.333333                  4.179314                      NaN                      NaN       747857.142857       338856.620894           565000.0           760000.0  262.142857  170.440047     147.50     354.00         7       0         215000.0            195000.0      206.50         1.000000           100.000000
                                    White      Female     Hispanic or Latino         154    447662.337662    202096.987678        325000.0        555000.0                82.586247                15.242108                 80.0000                 95.0000                 44.628099                  4.021053                      NaN                      NaN       570194.805195       256406.083099           405000.0           695000.0  141.597403   92.231629      88.25     161.75       136      18         230000.0            290000.0       73.50         0.883117            88.311688
                                    White      Female Not Hispanic or Latino         353    470892.351275    233835.022878        305000.0        585000.0                70.442739                19.830865                 54.9020                 85.0000                 43.582645                  4.046846                      NaN                      NaN       710609.065156       396544.356007           465000.0           865000.0  167.073654  149.712794      98.00     190.00       339      14         280000.0            400000.0       92.00         0.960340            96.033994
                                    White        Male     Hispanic or Latino         273    494413.919414    205226.795521        355000.0        635000.0                83.711979                14.752198                 80.0000                 95.0000                 44.343434                  3.968561                      NaN                      NaN       607417.582418       243132.168695           445000.0           755000.0  158.406593  134.609592      96.00     190.00       244      29         280000.0            310000.0       94.00         0.893773            89.377289
                                    White        Male Not Hispanic or Latino         455    543461.538462    255196.750032        355000.0        705000.0                75.108453                18.199104                 69.3300                 88.0000                 43.579805                  3.857255                      NaN                      NaN       775857.142857       473822.597600           495000.0           925000.0  207.817582  257.810750     112.00     236.50       426      29         350000.0            430000.0      124.50         0.936264            93.626374