                             derived_race derived_sex      derived_ethnicity  total_apps  avg_loan_amount  std_loan_amount  Q1_loan_amount  Q3_loan_amount  avg_loan_to_value_ratio  std_loan_to_value_ratio  Q1_loan_to_value_ratio  Q3_loan_to_value_ratio  avg_debt_to_income_ratio  std_debt_to_income_ratio  Q1_debt_to_income_ratio  Q3_debt_to_income_ratio  avg_property_value  std_property_value  Q1_property_value  Q3_property_value  avg_income  std_income  Q1_income  Q3_income  accepted  denied  iqr_loan_amount  iqr_property_value  iqr_income  acceptance_rate  acceptance_rate_pct
                 2 or more minority races      Female     Hispanic or Latino           2    625000.000000    509116.882454        445000.0        805000.0                87.500000                10.606602                83.75000                91.25000                 40.000000                  1.414214                    39.50                    40.50       755000.000000       664680.374315           520000.0           990000.0  175.000000  104.651804     138.00     212.00         1       1         360000.0            470000.0       74.00         0.500000            50.000000
                 2 or more minority races      Female Not Hispanic or Latino           6    583333.333333    281170.173857        400000.0        735000.0                84.978167                18.355426                82.50000                96.50000                 40.000000                  6.082763                      NaN                      NaN       820000.000000       547201.973681           467500.0          1035000.0  210.833333   46.119049     173.50     239.25         6       0         335000.0            567500.0       65.75         1.000000           100.000000
                 2 or more minority races        Male     Hispanic or Latino           3    475000.000000    385875.627631        275000.0        660000.0                92.682333                 2.543023                91.52350                94.04250                 43.000000                  7.071068                      NaN                      NaN       515000.000000       420356.991140           300000.0           720000.0  154.000000  121.527775      94.00     215.50         3       0         385000.0            420000.0      121.50         1.000000           100.000000
                 2 or more minority races        Male Not Hispanic or Latino           3    525000.000000    262868.788562        375000.0        620000.0                74.939333                22.000251                63.90900                85.90900                 48.000000                       NaN                      NaN                      NaN       751666.666667       311822.599138           575000.0           870000.0  204.666667   58.449408     171.00     223.50         3       0         245000.0            295000.0       52.50         1.000000           100.000000
         American Indian or Alaska Native      Female     Hispanic or Latino           8    483750.000000    248506.251718        377500.0        600000.0                81.249250                17.677245                82.50000                90.00000                 41.333333                  2.338090                      NaN                      NaN       578750.000000       238023.858348           507500.0           695000.0  159.125000   62.116107     123.75     206.00         8       0         222500.0            187500.0       82.25         1.000000           100.000000
         American Indian or Alaska Native      Female Not Hispanic or Latino           3    598333.333333    312143.129563        420000.0        710000.0                81.838667                12.345124                75.25800                87.50000                 36.000000                  0.000000                      NaN                      NaN       751666.666667       406980.753026           530000.0           930000.0  194.000000   75.544689     155.50     231.00         3       0         290000.0            400000.0       75.50         1.000000           100.000000
         American Indian or Alaska Native        Male     Hispanic or Latino           9    327222.222222    166566.636649        165000.0        445000.0                72.447000                27.372443                70.18000                88.98000                 44.142857                  4.059087                      NaN                      NaN       491666.666667       219658.826365           365000.0           625000.0  100.444444   68.987519      54.00     130.00         8       1         280000.0            260000.0       76.00         0.888889            88.888889
         American Indian or Alaska Native        Male Not Hispanic or Latino           5    403000.000000    181989.010657        385000.0        495000.0                57.906800                34.042578                34.68500                90.00000                 46.000000                  4.242641                      NaN                      NaN       763000.000000       252428.207616           595000.0           935000.0  137.200000   67.395846      89.00     193.00         4       1         110000.0            340000.0      104.00         0.800000            80.000000
                                    Asian      Female     Hispanic or Latino           3    398333.333333     61101.009266        365000.0        425000.0                65.000000                21.794495                57.50000                77.50000                 45.333333                  5.507571                    43.50                    48.50       655000.000000       202977.831302           545000.0           745000.0  114.333333   50.063293      85.50     130.50         3       0          60000.0            200000.0       45.00         1.000000           100.000000
                                    Asian      Female Not Hispanic or Latino         236    592076.271186    224242.295127        425000.0        735000.0                73.498978                17.112573                65.05825                85.00000                 43.649123                  4.218271                      NaN                      NaN       857245.762712       387569.127647           625000.0           997500.0  182.745763   92.165410     122.00     222.00       218      18         310000.0            372500.0      100.00         0.923729            92.372881
                                    Asian        Male     Hispanic or Latino           6    385000.000000    241826.384003        217500.0        527500.0                55.319333                28.361633                37.26300                67.51750                 49.000000                       NaN                      NaN                      NaN       736666.666667       304198.400171           542500.0           887500.0  185.333333   93.255920     125.25     214.50         6       0         310000.0            345000.0       89.25         1.000000           100.000000
                                    Asian        Male Not Hispanic or Latino         365    627000.000000    247427.645101        445000.0        765000.0                73.347370                17.311483                65.00000                85.00000                 43.601562                  3.973125                      NaN                      NaN       912808.219178       467085.441084           615000.0          1105000.0  208.895890  176.725093     129.00     236.00       332      33         320000.0            490000.0      107.00         0.909589            90.958904
                Black or African American      Female     Hispanic or Latino           2    525000.000000    155563.491861        470000.0        580000.0                87.500000                10.606602                83.75000                91.25000                 48.500000                  0.707107                    48.25                    48.75       610000.000000       247487.373415           522500.0           697500.0  110.000000   33.941125      98.00     122.00         2       0         110000.0            175000.0       24.00         1.000000           100.000000
                Black or African American      Female Not Hispanic or Latino          50    553000.000000    229186.671978        410000.0        655000.0                83.754180                15.009261                76.79250                95.00000                 43.090909                  3.963613                      NaN                      NaN       699000.000000       243125.901709           545000.0           800000.0  164.120000   91.938897     110.75     197.25        40      10         245000.0            255000.0       86.50         0.800000            80.000000
                Black or African American        Male     Hispanic or Latino           1    455000.000000              NaN        455000.0        455000.0                97.000000                      NaN                97.00000                97.00000                 49.000000                       NaN                    49.00                    49.00       465000.000000                 NaN           465000.0           465000.0  114.000000         NaN     114.00     114.00         0       1              0.0                 0.0        0.00         0.000000             0.000000
                Black or African American        Male Not Hispanic or Latino          34    544411.764706    199968.803271        407500.0        692500.0                85.042500                17.531008                79.09100                96.82375                 43.111111                  4.100056                      NaN                      NaN       667058.823529       263620.243530           497500.0           812500.0  214.588235  157.017296     115.75     278.75        23      11         285000.0            315000.0      163.00         0.676471            67.647059
Native Hawaiian or Other Pacific Islander      Female     Hispanic or Latino           1    315000.000000              NaN        315000.0        315000.0                87.000000                      NaN                87.00000                87.00000                 47.000000                       NaN                    47.00                    47.00       365000.000000                 NaN           365000.0           365000.0   75.000000         NaN      75.00      75.00         1       0              0.0                 0.0        0.00         1.000000           100.000000
Native Hawaiian or Other Pacific Islander      Female Not Hispanic or Latino           1    345000.000000              NaN        345000.0        345000.0                90.000000                      NaN                90.00000                90.00000                 43.000000                       NaN                    43.00                    43.00       385000.000000                 NaN           385000.0           385000.0  113.000000         NaN     113.00     113.00         1       0              0.0                 0.0        0.00         1.000000           100.000000
Native Hawaiian or Other Pacific Islander        Male Not Hispanic or Latino           3    338333.333333    190350.553804        240000.0        430000.0                94.000000                 3.605551                92.50000                96.00000                 47.333333                  2.886751                    46.50                    49.00       365000.000000       216564.078277           250000.0           465000.0   81.666667   35.725808      61.50      95.50         3       0         190000.0            215000.0       34.00         1.000000           100.000000
                                    White      Female     Hispanic or Latino         165    432151.515152    208826.004305        305000.0        535000.0                78.680100                19.378498                74.64800                95.00000                 44.172932                  3.895435                      NaN                      NaN       587424.242424       307648.737605           395000.0           725000.0  128.054545   76.198814      75.00     153.00       154      11         230000.0            330000.0       78.00         0.933333            93.333333
                                    White      Female Not Hispanic or Latino         403    494801.488834    252471.288546        325000.0        655000.0                71.842298                19.402821                59.69450                85.00000                 43.996564                  3.918566                      NaN                      NaN       731079.404467       426139.109849           465000.0           905000.0  173.444169  126.756058      99.00     211.00       383      20         330000.0            440000.0      112.00         0.950372            95.037221
                                    White        Male     Hispanic or Latino         264    462386.363636    204447.661648        325000.0        577500.0                83.063367                16.758403                80.00000                95.00000                 44.246073                  4.104833                      NaN                      NaN       581969.696970       274002.690431           405000.0           685000.0  175.007576  178.562873      92.00     188.50       241      23         252500.0            280000.0       96.50         0.912879            91.287879
                                    White        Male Not Hispanic or Latino         427    548114.754098    249330.358452        365000.0        715000.0                73.743197                19.437451                65.93300                89.39650                 43.453925                  3.971055                      NaN                      NaN       832728.337237       633055.591102           525000.0           975000.0  222.098361  223.944629     118.00     244.50       402      25         350000.0            450000.0      126.50         0.941452            94.145199