                             derived_race derived_sex      derived_ethnicity  total_apps  avg_loan_amount  std_loan_amount  Q1_loan_amount  Q3_loan_amount  avg_loan_to_value_ratio  std_loan_to_value_ratio  Q1_loan_to_value_ratio  Q3_loan_to_value_ratio  avg_debt_to_income_ratio  std_debt_to_income_ratio  Q1_debt_to_income_ratio  Q3_debt_to_income_ratio  avg_property_value  std_property_value  Q1_property_value  Q3_property_value  avg_income  std_income  Q1_income  Q3_income  accepted  denied  iqr_loan_amount  iqr_property_value  iqr_income  acceptance_rate  acceptance_rate_pct
                 2 or more minority races      Female     Hispanic or Latino           1    385000.000000              NaN        385000.0        385000.0                80.000000                      NaN                80.00000                80.00000                       NaN                       NaN                      NaN                      NaN       485000.000000                 NaN           485000.0           485000.0  130.000000         NaN     130.00     130.00         1       0              0.0                 0.0        0.00         1.000000           100.000000
                 2 or more minority races      Female Not Hispanic or Latino           3    575000.000000    213775.583264        455000.0        660000.0                90.000000                13.228757                85.00000                97.50000                 46.000000                  1.414214                      NaN                      NaN       678333.333333       355715.241919           475000.0           805000.0   93.333333   36.528528      75.50     112.00         2       1         205000.0            330000.0       36.50         0.666667            66.666667
                 2 or more minority races        Male     Hispanic or Latino           1    665000.000000              NaN        665000.0        665000.0                80.000000                      NaN                80.00000                80.00000                 49.000000                       NaN                    49.00                     49.0       835000.000000                 NaN           835000.0           835000.0  180.000000         NaN     180.00     180.00         1       0              0.0                 0.0        0.00         1.000000           100.000000
                 2 or more minority races        Male Not Hispanic or Latino           1    415000.000000              NaN        415000.0        415000.0                97.000000                      NaN                97.00000                97.00000                       NaN                       NaN                      NaN                      NaN       515000.000000                 NaN           515000.0           515000.0  272.000000         NaN     272.00     272.00         1       0              0.0                 0.0        0.00         1.000000           100.000000
         American Indian or Alaska Native      Female     Hispanic or Latino           6    313333.333333    154326.493729        232500.0        362500.0                63.846167                30.422340                37.86200                91.25000                 43.400000                  3.435113                      NaN                      NaN       540000.000000       240894.167634           345000.0           727500.0  125.833333   79.396264      71.50     148.00         6       0         130000.0            382500.0       76.50         1.000000           100.000000
         American Indian or Alaska Native      Female Not Hispanic or Latino           3    511666.666667     75718.777944        485000.0        555000.0                85.000000                 8.660254                82.50000                90.00000                 39.500000                  3.535534                      NaN                      NaN       611666.666667       140118.997047           540000.0           680000.0  224.000000  120.610945     154.50     262.50         3       0          70000.0            140000.0      108.00         1.000000           100.000000
         American Indian or Alaska Native        Male     Hispanic or Latino           5    399000.000000    224566.248577        315000.0        395000.0                72.215000                23.226777                70.00000                80.00000                 45.600000                  4.979960                    46.00                     49.0       527000.000000       145842.380672           455000.0           495000.0  158.000000  110.817417      94.00     194.00         5       0          80000.0             40000.0      100.00         1.000000           100.000000
         American Indian or Alaska Native        Male Not Hispanic or Latino           1    305000.000000              NaN        305000.0        305000.0                54.225000                      NaN                54.22500                54.22500                 44.000000                       NaN                    44.00                     44.0       565000.000000                 NaN           565000.0           565000.0   89.000000         NaN      89.00      89.00         1       0              0.0                 0.0        0.00         1.000000           100.000000
                                    Asian      Female     Hispanic or Latino           7    450714.285714    247578.751300        260000.0        545000.0                71.985857                21.939801                63.53200                85.00000                 47.400000                  2.073644                      NaN                      NaN       620714.285714       265509.393610           460000.0           680000.0  153.142857  106.474455      92.50     154.50         7       0         285000.0            220000.0       62.00         1.000000           100.000000
                                    Asian      Female Not Hispanic or Latino         231    576212.121212    242419.512470        405000.0        735000.0                69.922087                18.828601                60.00000                80.00000                 43.857143                  4.034007                      NaN                      NaN       874004.329004       431986.669459           590000.0          1055000.0  184.857143  117.963928     117.00     222.00       214      17         330000.0            465000.0      105.00         0.926407            92.640693
                                    Asian        Male     Hispanic or Latino          16    532500.000000    177106.371050        422500.0        630000.0                83.210938                13.573653                79.68075                95.00000                 45.727273                  3.408545                      NaN                      NaN       635000.000000       159916.644954           532500.0           720000.0  151.875000   34.321762     127.75     165.75        15       1         207500.0            187500.0       38.00         0.937500            93.750000
                                    Asian        Male Not Hispanic or Latino         370    633675.675676    251209.815679        455000.0        765000.0                72.512241                17.917125                64.91975                80.00000                 43.851301                  4.128555                      NaN                      NaN       924459.459459       417889.561181           635000.0          1120000.0  201.208108  119.703507     133.25     243.75       346      24         310000.0            485000.0      110.50         0.935135            93.513514
                Black or African American      Female     Hispanic or Latino           5    489000.000000    223450.218170        505000.0        635000.0                71.398000                15.287479                68.00000                80.00000                 49.000000                  0.000000                      NaN                      NaN       697000.000000       349385.174270           715000.0           785000.0  158.400000   91.116958     106.00     190.00         5       0         130000.0             70000.0       84.00         1.000000           100.000000
                Black or African American      Female Not Hispanic or Latino          44    483863.636364    176031.391348        352500.0        620000.0                84.618591                18.000727                80.00000                95.00000                 43.266667                  4.025208                      NaN                      NaN       607500.000000       201853.331510           505000.0           707500.0  150.522727   65.092595     105.00     179.25        38       6         267500.0            202500.0       74.25         0.863636            86.363636
                Black or African American        Male     Hispanic or Latino           4    572500.000000    181727.818454        435000.0        682500.0                84.293000                10.557802                77.81775                90.25975                 40.750000                  3.304038                    39.25                     42.0       707500.000000       307828.415409           462500.0           885000.0  173.250000  106.731361     109.25     200.50         4       0         247500.0            422500.0       91.25         1.000000           100.000000
                Black or African American        Male Not Hispanic or Latino          24    465833.333333    177222.941558        367500.0        582500.0                84.734917                21.111965                80.00000                97.12650                 43.421053                  4.705975                      NaN                      NaN       576666.666667       165284.120773           505000.0           655000.0  154.833333   74.230350     107.25     189.50        19       5         215000.0            150000.0       82.25         0.791667            79.166667
Native Hawaiian or Other Pacific Islander      Female     Hispanic or Latino           3    465000.000000    157162.336455        375000.0        520000.0                93.633333                 3.178574                92.50000                95.45000                 46.000000                       NaN                      NaN                      NaN       501666.666667       187171.935218           395000.0           570000.0  137.666667   21.079216     126.00     146.50         2       1         145000.0            175000.0       20.50         0.666667            66.666667
Native Hawaiian or Other Pacific Islander      Female Not Hispanic or Latino           2    435000.000000    113137.084990        395000.0        475000.0               100.000000                 7.071068                97.50000               102.50000                 38.000000                       NaN                      NaN                      NaN       480000.000000        91923.881554           447500.0           512500.0  128.000000   26.870058     118.50     137.50         1       1          80000.0             65000.0       19.00         0.500000            50.000000
Native Hawaiian or Other Pacific Islander        Male Not Hispanic or Latino           2    550000.000000     63639.610307        527500.0        572500.0                80.961500                 5.711301                78.94225                82.98075                 47.000000                       NaN                      NaN                      NaN       675000.000000        28284.271247           665000.0           685000.0  276.500000  170.412734     216.25     336.75         1       1          45000.0             20000.0      120.50         0.500000            50.000000
                                    White      Female     Hispanic or Latino         164    421890.243902    179595.899915        292500.0        545000.0                83.119500                16.622814                80.00000                95.00000                 44.380597                  3.954240                      NaN                      NaN       533414.634146       228781.619624           365000.0           675000.0  131.567073   79.110479      80.00     159.00       144      20         252500.0            310000.0       79.00         0.878049            87.804878
                                    White      Female Not Hispanic or Latino         342    486637.426901    238174.158419        315000.0        642500.0                72.889225                19.271377                61.75625                87.90600                 44.368644                  3.829854                      NaN                      NaN       697602.339181       360733.140406           447500.0           875000.0  172.277778  206.378880      97.00     198.00       324      18         327500.0            427500.0      101.00         0.947368            94.736842
                                    White        Male     Hispanic or Latino         286    481573.426573    211022.921828        345000.0        595000.0                83.036332                14.913149                80.00000                95.00000                 44.123153                  4.068669                      NaN                      NaN       608391.608392       283614.577483           417500.0           745000.0  182.783217  188.652773      93.00     192.75       261      25         250000.0            327500.0       99.75         0.912587            91.258741
                                    White        Male Not Hispanic or Latino         479    547338.204593    251067.100046        355000.0        725000.0                74.786079                18.168902                67.14350                88.51250                 43.381703                  3.880662                      NaN                      NaN       764498.956159       354854.203515           505000.0           960000.0  212.179541  182.622141     117.00     245.00       444      35         370000.0            455000.0      128.00         0.926931            92.693111