                             derived_race derived_sex      derived_ethnicity  total_apps  avg_loan_amount  std_loan_amount  Q1_loan_amount  Q3_loan_amount  avg_loan_to_value_ratio  std_loan_to_value_ratio  Q1_loan_to_value_ratio  Q3_loan_to_value_ratio  avg_debt_to_income_ratio  std_debt_to_income_ratio  Q1_debt_to_income_ratio  Q3_debt_to_income_ratio  avg_property_value  std_property_value  Q1_property_value  Q3_property_value  avg_income  std_income  Q1_income  Q3_income  accepted  denied  iqr_loan_amount  iqr_property_value  iqr_income  acceptance_rate  acceptance_rate_pct
                 2 or more minority races      Female Not Hispanic or Latino           5    567000.000000    169911.741796        435000.0        715000.0                82.825000                19.239568                78.14400                95.00000                 46.800000                  1.303840                    46.00                     48.0        6.950000e+05       182619.823677           595000.0           745000.0  145.600000   49.155875     114.00     160.00         5       0         280000.0            150000.0       46.00         1.000000           100.000000
                 2 or more minority races        Male     Hispanic or Latino           2    735000.000000     56568.542495        715000.0        755000.0                57.235500                12.884193                52.68025                61.79075                 41.000000                  0.000000                    41.00                     41.0        1.325000e+06       395979.797464          1185000.0          1465000.0  183.500000   16.263456     177.75     189.25         2       0          40000.0            280000.0       11.50         1.000000           100.000000
                 2 or more minority races        Male Not Hispanic or Latino           5    631000.000000    401596.812736        475000.0        905000.0                77.904000                 6.400104                80.00000                80.00000                 42.000000                  3.559026                      NaN                      NaN        8.310000e+05       548525.295679           595000.0          1355000.0  204.600000  114.846855     155.00     300.00         5       0         430000.0            760000.0      145.00         1.000000           100.000000
         American Indian or Alaska Native      Female     Hispanic or Latino           8    363750.000000     96278.984504        285000.0        410000.0                83.430500                20.850086                80.00000                95.50000                 43.750000                  4.097037                    41.00                     47.0        4.637500e+05       156519.054066           360000.0           515000.0   99.375000   20.604698      87.50     108.50         8       0         125000.0            155000.0       21.00         1.000000           100.000000
         American Indian or Alaska Native      Female Not Hispanic or Latino           4    460000.000000    226495.033058        345000.0        540000.0                93.323000                10.090029                91.12950                97.19350                 48.666667                  0.577350                      NaN                      NaN        5.325000e+05       303466.088166           370000.0           612500.0  147.500000   33.131053     131.25     167.75         4       0         195000.0            242500.0       36.50         1.000000           100.000000
         American Indian or Alaska Native        Male     Hispanic or Latino          10    436000.000000    128274.878462        345000.0        512500.0                84.518500                 8.318091                80.00000                88.79625                 43.166667                  5.115336                      NaN                      NaN        5.200000e+05       147967.714196           427500.0           652500.0  130.100000   43.686891     103.75     155.25         8       2         167500.0            225000.0       51.50         0.800000            80.000000
         American Indian or Alaska Native        Male Not Hispanic or Latino           2    255000.000000     84852.813742        225000.0        285000.0                71.951500                35.423928                59.42725                84.47575                 45.000000                       NaN                      NaN                      NaN        4.400000e+05       332340.187158           322500.0           557500.0  100.500000   57.275649      80.25     120.75         2       0          60000.0            235000.0       40.50         1.000000           100.000000
                                    Asian      Female     Hispanic or Latino           6    606666.666667    296203.758698        412500.0        860000.0                75.205500                27.076325                80.00000                88.75000                 42.000000                  4.082483                      NaN                      NaN        8.650000e+05       363538.168560           547500.0          1175000.0  291.166667  264.293335     114.25     426.75         6       0         447500.0            627500.0      312.50         1.000000           100.000000
                                    Asian      Female Not Hispanic or Latino         199    556055.276382    213861.542956        405000.0        700000.0                73.187341                18.388285                62.21400                86.43950                 44.273333                  3.685445                      NaN                      NaN        8.071106e+05       386624.302589           575000.0           915000.0  164.623116   80.550214     110.00     205.50       174      25         295000.0            340000.0       95.50         0.874372            87.437186
                                    Asian        Male     Hispanic or Latino          11    585000.000000    167749.813711        460000.0        650000.0                82.407636                17.316911                80.79150                93.56750                 46.375000                  2.133910                      NaN                      NaN        7.386364e+05       240760.159797           570000.0           860000.0  160.818182   45.048459     133.50     179.00        11       0         190000.0            290000.0       45.50         1.000000           100.000000
                                    Asian        Male Not Hispanic or Latino         393    646297.709924    227838.323047        485000.0        775000.0                75.054264                16.291704                69.99992                85.00000                 43.910072                  4.090471                      NaN                      NaN        9.188168e+05       404287.212293           645000.0          1155000.0  205.366412  109.002495     133.00     250.00       365      28         290000.0            510000.0      117.00         0.928753            92.875318
                Black or African American      Female     Hispanic or Latino           1    545000.000000              NaN        545000.0        545000.0                75.000000                      NaN                75.00000                75.00000                 49.000000                       NaN                    49.00                     49.0        7.250000e+05                 NaN           725000.0           725000.0  114.000000         NaN     114.00     114.00         1       0              0.0                 0.0        0.00         1.000000           100.000000
                Black or African American      Female Not Hispanic or Latino          50    526000.000000    219370.621068        357500.0        635000.0                84.828540                15.137183                80.00000                95.00000                 44.279070                  3.960072                      NaN                      NaN        6.424000e+05       254404.546872           505000.0           745000.0  160.600000   82.034338     112.25     203.75        46       4         277500.0            240000.0       91.50         0.920000            92.000000
                Black or African American        Male     Hispanic or Latino           4    407500.000000    103722.385883        390000.0        462500.0                88.000000                 9.273618                80.00000                95.50000                 46.666667                  0.577350                      NaN                      NaN        4.750000e+05       148323.969742           430000.0           560000.0  127.000000   42.684892     104.00     149.50         3       1          72500.0            130000.0       45.50         0.750000            75.000000
                Black or African American        Male Not Hispanic or Latino          36    444166.666667    195541.373043        285000.0        630000.0                81.109556                17.419735                70.86550                95.00000                 45.000000                  4.066751                      NaN                      NaN        5.572222e+05       199715.670908           450000.0           690000.0  130.972222   68.250164      81.75     166.25        30       6         345000.0            240000.0       84.50         0.833333            83.333333
Native Hawaiian or Other Pacific Islander      Female     Hispanic or Latino           1    185000.000000              NaN        185000.0        185000.0                80.000000                      NaN                80.00000                80.00000                 42.000000                       NaN                    42.00                     42.0        2.350000e+05                 NaN           235000.0           235000.0   84.000000         NaN      84.00      84.00         1       0              0.0                 0.0        0.00         1.000000           100.000000
Native Hawaiian or Other Pacific Islander      Female Not Hispanic or Latino           4    390000.000000     52599.112794        345000.0        430000.0                91.062250                 8.436834                87.50000                95.68675                 45.666667                  3.055050                      NaN                      NaN        4.500000e+05        58022.983952           422500.0           472500.0  105.000000   14.306176     102.00     113.50         3       1          85000.0             50000.0       11.50         0.750000            75.000000
Native Hawaiian or Other Pacific Islander        Male     Hispanic or Latino           4    435000.000000    217255.609824        390000.0        520000.0                68.744750                18.509587                55.73075                78.04200                 46.000000                       NaN                      NaN                      NaN        6.250000e+05       295747.640171           445000.0           845000.0  229.500000  248.575274      99.75     261.25         3       1         130000.0            400000.0      161.50         0.750000            75.000000
Native Hawaiian or Other Pacific Islander        Male Not Hispanic or Latino           4    470000.000000     66080.758672        425000.0        490000.0                80.135000                 7.276326                76.60050                82.50000                 45.750000                  3.403430                    44.75                     47.5        5.875000e+05       115578.256317           510000.0           657500.0  157.750000   20.287517     146.75     165.50         4       0          65000.0            147500.0       18.75         1.000000           100.000000
                                    White      Female     Hispanic or Latino         155    440612.903226    199310.773036        290000.0        560000.0                80.507077                19.800657                74.35400                95.00000                 44.528455                  4.059648                      NaN                      NaN        5.773226e+05       286476.171024           415000.0           705000.0  164.651613  303.901505      81.50     174.00       138      17         270000.0            290000.0       92.50         0.890323            89.032258
                                    White      Female Not Hispanic or Latino         354    466610.169492    248933.033097        287500.0        605000.0                70.386681                21.715116                54.20500                89.91125                 43.882812                  3.893929                      NaN                      NaN        7.114972e+05       422198.000410           457500.0           852500.0  166.302260  152.470130      84.00     191.50       328      26         317500.0            395000.0      107.50         0.926554            92.655367
                                    White        Male     Hispanic or Latino         270    456037.037037    200125.514794        315000.0        575000.0                84.254059                15.467320                80.00000                95.00000                 44.254808                  3.815488                      NaN                      NaN        5.632222e+05       252303.489483           405000.0           715000.0  155.037037  126.633235      90.00     177.75       245      25         260000.0            310000.0       87.75         0.907407            90.740741
                                    White        Male Not Hispanic or Latino         472    544427.966102    254047.262897        355000.0        705000.0                74.180252                18.633810                64.76500                89.94075                 43.612903                  4.038467                      NaN                      NaN        7.859746e+05       430004.077636           502500.0           967500.0  206.811441  186.925796     117.00     240.25       453      19         350000.0            465000.0      123.25         0.959746            95.974576