                             derived_race derived_sex      derived_ethnicity  total_apps  avg_loan_amount  std_loan_amount  Q1_loan_amount  Q3_loan_amount  avg_loan_to_value_ratio  std_loan_to_value_ratio  Q1_loan_to_value_ratio  Q3_loan_to_value_ratio  avg_debt_to_income_ratio  std_debt_to_income_ratio  Q1_debt_to_income_ratio  Q3_debt_to_income_ratio  avg_property_value  std_property_value  Q1_property_value  Q3_property_value  avg_income  std_income  Q1_income  Q3_income  accepted  denied  iqr_loan_amount  iqr_property_value  iqr_income  acceptance_rate  acceptance_rate_pct
                 2 or more minority races      Female     Hispanic or Latino           2    415000.000000    155563.491861        360000.0        470000.0                78.750000                22.980970                70.62500                86.87500                 46.500000                  3.535534                    45.25                    47.75        5.200000e+05        4.949747e+04           502500.0           537500.0  119.500000   68.589358      95.25     143.75         2       0         110000.0             35000.0       48.50         1.000000           100.000000
                 2 or more minority races      Female Not Hispanic or Latino           5    585000.000000    285744.641245        465000.0        555000.0                71.773400                17.310703                78.02200                80.00000                 47.250000                  2.217356                      NaN                      NaN        8.710000e+05        4.583994e+05           575000.0          1355000.0  152.000000   87.632756      87.00     175.00         5       0          90000.0            780000.0       88.00         1.000000           100.000000
                 2 or more minority races        Male     Hispanic or Latino           1    505000.000000              NaN        505000.0        505000.0                64.326000                      NaN                64.32600                64.32600                 44.000000                       NaN                    44.00                    44.00        7.850000e+05                 NaN           785000.0           785000.0  106.000000         NaN     106.00     106.00         1       0              0.0                 0.0        0.00         1.000000           100.000000
                 2 or more minority races        Male Not Hispanic or Latino           2    735000.000000     42426.406871        720000.0        750000.0                87.065000                 2.920351                86.03250                88.09750                 44.500000                  4.949747                    42.75                    46.25        8.500000e+05        2.121320e+04           842500.0           857500.0  222.500000   60.104076     201.25     243.75         2       0          30000.0             15000.0       42.50         1.000000           100.000000
         American Indian or Alaska Native      Female     Hispanic or Latino           6    403333.333333    207404.596542        237500.0        532500.0                83.065000                22.830784                86.25000                93.94375                 40.600000                  5.412947                      NaN                      NaN        4.900000e+05        2.040343e+05           442500.0           612500.0  150.833333   48.209612     135.50     188.25         6       0         295000.0            170000.0       52.75         1.000000           100.000000
         American Indian or Alaska Native      Female Not Hispanic or Latino           4    537500.000000    279568.119308        445000.0        652500.0                84.497500                 9.542712                77.24750                91.25000                 48.000000                  1.732051                      NaN                      NaN        7.350000e+05        5.198077e+05           472500.0           917500.0  174.000000  114.081842     113.50     223.50         4       0         207500.0            445000.0      110.00         1.000000           100.000000
         American Indian or Alaska Native        Male     Hispanic or Latino           7    462142.857143    199559.037690        370000.0        545000.0                78.997000                22.754922                69.00000                95.00000                 45.333333                  2.160247                      NaN                      NaN        6.721429e+05        4.231121e+05           390000.0           895000.0  134.142857   68.974460      91.50     183.00         6       1         175000.0            505000.0       91.50         0.857143            85.714286
         American Indian or Alaska Native        Male Not Hispanic or Latino           4    370000.000000    103440.804328        305000.0        455000.0                73.157500                27.582969                65.17250                85.48500                 43.500000                  7.778175                      NaN                      NaN        1.070000e+06        1.298422e+06           367500.0          1212500.0  339.750000  289.206241     113.75     544.50         3       1         150000.0            845000.0      430.75         0.750000            75.000000
                                    Asian      Female     Hispanic or Latino           3    468333.333333    110151.410946        405000.0        505000.0                79.675667                14.709398                72.01350                86.67850                 43.000000                  8.485281                      NaN                      NaN        6.116667e+05        2.557994e+05           465000.0           700000.0  145.666667   66.530695     113.00     179.50         3       0         100000.0            235000.0       66.50         1.000000           100.000000
                                    Asian      Female Not Hispanic or Latino         231    591147.186147    229904.242785        435000.0        725000.0                75.562091                15.539462                70.00000                85.00000                 43.896341                  4.020834                      NaN                      NaN        8.139610e+05        3.417866e+05           585000.0           955000.0  185.303030   89.937582     124.00     224.50       216      15         290000.0            370000.0      100.50         0.935065            93.506494
                                    Asian        Male     Hispanic or Latino          12    503333.333333    204487.533887        350000.0        617500.0                76.351000                20.328705                70.59075                91.25000                 44.800000                  2.774887                      NaN                      NaN        6.733333e+05        2.386642e+05           465000.0           827500.0  197.583333  176.749159     120.25     200.00        11       1         267500.0            362500.0       79.75         0.916667            91.666667
                                    Asian        Male Not Hispanic or Latino         355    637732.394366    242415.164131        470000.0        765000.0                74.931521                16.648477                69.97700                84.46050                 43.485944                  4.051185                      NaN                      NaN        8.974225e+05        4.011689e+05           635000.0          1060000.0  210.067606  123.349309     133.00     255.50       323      32         295000.0            425000.0      122.50         0.909859            90.985915
                Black or African American      Female     Hispanic or Latino           3    311666.666667    341223.289553        115000.0        420000.0                54.917000                24.678159                40.87000                64.00550                 46.000000                  2.828427                      NaN                      NaN        4.716667e+05        3.239341e+05           285000.0           575000.0   87.000000   75.186435      45.00     117.50         3       0         305000.0            290000.0       72.50         1.000000           100.000000
                Black or African American      Female Not Hispanic or Latino          43    488720.930233    189171.417047        350000.0        570000.0                86.385070                12.715055                80.00000                95.00000                 43.750000                  3.733026                      NaN                      NaN        5.936047e+05        2.270471e+05           430000.0           710000.0  140.325581   69.817695      91.00     173.50        34       9         220000.0            280000.0       82.50         0.790698            79.069767
                Black or African American        Male     Hispanic or Latino           4    557500.000000    126589.889012        482500.0        600000.0                84.993000                 9.133831                78.72900                91.25000                 44.000000                  4.242641                      NaN                      NaN        6.525000e+05        9.535023e+04           585000.0           712500.0  187.250000   75.495585     136.00     213.75         4       0         117500.0            127500.0       77.75         1.000000           100.000000
                Black or African American        Male Not Hispanic or Latino          33    518333.333333    198426.098754        385000.0        635000.0                87.390667                11.976803                80.00000                95.00000                 45.875000                  2.739605                      NaN                      NaN        6.246970e+05        2.386745e+05           465000.0           745000.0  145.787879   61.024461      95.00     182.00        29       4         250000.0            280000.0       87.00         0.878788            87.878788
Native Hawaiian or Other Pacific Islander      Female     Hispanic or Latino           1    185000.000000              NaN        185000.0        185000.0                80.000000                      NaN                80.00000                80.00000                 42.000000                       NaN                    42.00                    42.00        2.350000e+05                 NaN           235000.0           235000.0   84.000000         NaN      84.00      84.00         1       0              0.0                 0.0        0.00         1.000000           100.000000
Native Hawaiian or Other Pacific Islander      Female Not Hispanic or Latino           3    551666.666667    262741.951986        450000.0        700000.0                66.893333                20.546390                55.34000                75.00000                 42.000000                  8.485281                      NaN                      NaN        8.783333e+05        5.437217e+05           575000.0          1100000.0  192.666667  110.092385     149.00     254.50         3       0         250000.0            525000.0      105.50         1.000000           100.000000
Native Hawaiian or Other Pacific Islander        Male Not Hispanic or Latino           2    445000.000000     14142.135624        440000.0        450000.0                70.000000                14.142136                65.00000                75.00000                 44.500000                  4.949747                    42.75                    46.25        6.500000e+05        1.484924e+05           597500.0           702500.0  111.000000   33.941125      99.00     123.00         2       0          10000.0            105000.0       24.00         1.000000           100.000000
                                    White      Female     Hispanic or Latino         171    435292.397661    192085.847538        325000.0        545000.0                81.865105                16.963018                79.48450                95.00000                 43.977444                  4.068479                      NaN                      NaN        5.654094e+05        2.878385e+05           405000.0           685000.0  136.771930   81.428861      89.50     158.50       155      16         220000.0            280000.0       69.00         0.906433            90.643275
                                    White      Female Not Hispanic or Latino         366    471857.923497    233025.876698        305000.0        605000.0                72.933529                20.313858                61.00025                89.99000                 44.061303                  4.004334                      NaN                      NaN        6.823497e+05        3.462287e+05           437500.0           842500.0  159.163934   98.588284      99.00     195.75       335      31         300000.0            405000.0       96.75         0.915301            91.530055
                                    White        Male     Hispanic or Latino         268    440410.447761    188844.850918        305000.0        555000.0                82.712896                16.371855                80.00000                95.00000                 44.010101                  3.915335                      NaN                      NaN        5.524254e+05        2.441735e+05           385000.0           667500.0  147.149254  113.070328      89.75     178.50       241      27         250000.0            282500.0       88.75         0.899254            89.925373
                                    White        Male Not Hispanic or Latino         474    551835.443038    252176.375257        355000.0        705000.0                74.692470                18.879508                67.56575                89.99600                 43.244514                  4.057344                      NaN                      NaN        7.805696e+05        3.991807e+05           495000.0           955000.0  223.075949  409.003650     115.00     240.00       441      33         350000.0            460000.0      125.00         0.930380            93.037975