                             derived_race derived_sex      derived_ethnicity  total_apps  avg_loan_amount  std_loan_amount  Q1_loan_amount  Q3_loan_amount  avg_loan_to_value_ratio  std_loan_to_value_ratio  Q1_loan_to_value_ratio  Q3_loan_to_value_ratio  avg_debt_to_income_ratio  std_debt_to_income_ratio  Q1_debt_to_income_ratio  Q3_debt_to_income_ratio  avg_property_value  std_property_value  Q1_property_value  Q3_property_value  avg_income  std_income  Q1_income  Q3_income  accepted  denied  iqr_loan_amount  iqr_property_value  iqr_income  acceptance_rate  acceptance_rate_pct
                 2 or more minority races      Female     Hispanic or Latino           2    280000.000000    148492.424049        227500.0        332500.0                87.815000                11.052079                83.90750                 91.7225                 44.000000                       NaN                      NaN                      NaN       415000.000000        98994.949366           380000.0           450000.0   97.000000   46.669048      80.50     113.50         2       0         105000.0             70000.0       33.00         1.000000           100.000000
                 2 or more minority races      Female Not Hispanic or Latino           3    475000.000000    111355.287257        415000.0        525000.0                85.666667                 9.814955                80.00000                 88.5000                 44.000000                  5.656854                      NaN                      NaN       551666.666667        77674.534652           520000.0           595000.0  117.333333    3.511885     115.50     119.00         3       0         110000.0             75000.0        3.50         1.000000           100.000000
                 2 or more minority races        Male Not Hispanic or Latino           1    305000.000000              NaN        305000.0        305000.0                80.000000                      NaN                80.00000                 80.0000                 42.000000                       NaN                    42.00                    42.00       385000.000000                 NaN           385000.0           385000.0  121.000000         NaN     121.00     121.00         1       0              0.0                 0.0        0.00         1.000000           100.000000
         American Indian or Alaska Native      Female     Hispanic or Latino           5    505000.000000    117686.022959        465000.0        495000.0                92.400000                 7.829432                90.00000                 97.0000                 40.500000                  4.949747                      NaN                      NaN       547000.000000       124177.292610           465000.0           585000.0  172.200000   61.304160     132.00     194.00         5       0          30000.0            120000.0       62.00         1.000000           100.000000
         American Indian or Alaska Native      Female Not Hispanic or Latino           5    499000.000000    226781.833488        295000.0        675000.0                81.950000                21.401827                87.64700                 93.1030                 43.400000                  4.449719                    40.00                    46.00       613000.000000       204377.102436           495000.0           725000.0  153.600000   67.448499      93.00     208.00         5       0         380000.0            230000.0      115.00         1.000000           100.000000
         American Indian or Alaska Native        Male     Hispanic or Latino          11    402272.727273    181002.260157        260000.0        550000.0                78.541000                18.605166                79.99500                 87.5000                 43.800000                  5.202563                      NaN                      NaN       514090.909091       185873.857519           370000.0           615000.0  117.727273   54.943773      87.50     159.00        11       0         290000.0            245000.0       71.50         1.000000           100.000000
         American Indian or Alaska Native        Male Not Hispanic or Latino           2    150000.000000     35355.339059        137500.0        162500.0                73.016000                 2.805800                72.02400                 74.0080                       NaN                       NaN                      NaN                      NaN       210000.000000        63639.610307           187500.0           232500.0   59.500000    4.949747      57.75      61.25         2       0          25000.0             45000.0        3.50         1.000000           100.000000
                                    Asian      Female     Hispanic or Latino           7    463571.428571    158474.874079        400000.0        505000.0                65.892571                20.496589                49.40650                 77.5000                 44.400000                  3.781534                      NaN                      NaN       736428.571429       256087.782569           575000.0           855000.0  112.428571   28.750983      93.00     123.50         6       1         105000.0            280000.0       30.50         0.857143            85.714286
                                    Asian      Female Not Hispanic or Latino         218    573715.596330    244137.156123        405000.0        712500.0                69.544674                19.807163                58.43375                 80.0000                 43.615894                  3.974688                      NaN                      NaN       884908.256881       431137.164041           577500.0          1100000.0  191.527523  186.422299     125.25     218.00       204      14         307500.0            522500.0       92.75         0.935780            93.577982
                                    Asian        Male     Hispanic or Latino          13    487307.692308    188598.066717        415000.0        475000.0                70.370231                21.227277                56.25000                 80.0000                 41.166667                  3.488075                      NaN                      NaN       720384.615385       237297.822178           585000.0           805000.0  178.384615   78.521269     132.00     208.00        12       1          60000.0            220000.0       76.00         0.923077            92.307692
                                    Asian        Male Not Hispanic or Latino         369    639823.848238    231652.930694        465000.0        765000.0                74.670707                21.260977                66.14000                 87.0000                 43.729412                  4.044209                      NaN                      NaN       916571.815718       396897.918191           665000.0          1155000.0  222.826558  220.218264     137.00     248.00       341      28         300000.0            490000.0      111.00         0.924119            92.411924
                Black or African American      Female     Hispanic or Latino           2    640000.000000    134350.288425        592500.0        687500.0                80.000000                 7.071068                77.50000                 82.5000                 44.500000                  6.363961                    42.25                    46.75       800000.000000       106066.017178           762500.0           837500.0  162.500000   68.589358     138.25     186.75         2       0          95000.0             75000.0       48.50         1.000000           100.000000
                Black or African American      Female Not Hispanic or Latino          40    541000.000000    272074.650390        322500.0        737500.0                80.084300                20.834845                77.49625                 95.0000                 44.968750                  4.395631                      NaN                      NaN       726750.000000       400076.194666           422500.0           922500.0  155.025000   87.133404      90.00     204.00        35       5         415000.0            500000.0      114.00         0.875000            87.500000
                Black or African American        Male     Hispanic or Latino           3    761666.666667    380043.857118        570000.0        950000.0                78.160333                15.886098                72.50000                 87.2405                 47.000000                       NaN                      NaN                      NaN       998333.333333       470779.495447           855000.0          1270000.0  301.000000  224.167348     191.50     415.50         3       0         380000.0            415000.0      224.00         1.000000           100.000000
                Black or African American        Male Not Hispanic or Latino          28    543928.571429    261609.537794        330000.0        702500.0                77.112357                23.845147                75.53850                 90.0000                 45.315789                  3.859370                      NaN                      NaN       763214.285714       412490.660468           530000.0           985000.0  225.214286  247.305982     111.00     263.25        26       2         372500.0            455000.0      152.25         0.928571            92.857143
Native Hawaiian or Other Pacific Islander      Female Not Hispanic or Latino           4    577500.000000    161735.380586        482500.0        680000.0                81.420000                22.185557                72.67000                 96.2500                 44.750000                  4.272002                    42.75                    48.00       805000.000000       469893.604979           585000.0           885000.0  195.750000   72.075770     172.25     223.00         4       0         197500.0            300000.0       50.75         1.000000           100.000000
Native Hawaiian or Other Pacific Islander        Male     Hispanic or Latino           2    545000.000000     70710.678119        520000.0        570000.0                87.500000                 3.535534                86.25000                 88.7500                 49.000000                       NaN                      NaN                      NaN       630000.000000       106066.017178           592500.0           667500.0  105.000000   29.698485      94.50     115.50         1       1          50000.0             75000.0       21.00         0.500000            50.000000
Native Hawaiian or Other Pacific Islander        Male Not Hispanic or Latino           5    381000.000000    228100.854887        205000.0        545000.0                77.403200                20.908201                59.01600                 97.0000                 44.800000                  3.492850                    44.00                    47.00       531000.000000       340044.114785           295000.0           875000.0  106.000000   42.982555      81.00     130.00         4       1         340000.0            580000.0       49.00         0.800000            80.000000
                                    White      Female     Hispanic or Latino         176    437840.909091    212182.933816        292500.0        547500.0                79.241011                19.705044                71.44775                 95.0000                 44.731884                  3.781514                      NaN                      NaN       581250.000000       293868.046190           405000.0           717500.0  137.454545  107.721271      79.50     157.25       158      18         255000.0            312500.0       77.75         0.897727            89.772727
                                    White      Female Not Hispanic or Latino         353    501288.951841    237544.484631        315000.0        655000.0                71.570881                19.846372                60.00000                 85.0000                 43.703704                  4.209722                      NaN                      NaN       746104.815864       404211.033997           485000.0           895000.0  173.181303  134.138734      99.00     203.00       326      27         340000.0            410000.0      104.00         0.923513            92.351275
                                    White        Male     Hispanic or Latino         272    453639.705882    211276.184571        315000.0        587500.0                83.008290                15.503381                80.00000                 95.0000                 44.030928                  4.089551                      NaN                      NaN       568970.588235       258815.865565           405000.0           705000.0  144.625000   90.266349      91.00     172.00       249      23         272500.0            300000.0       81.00         0.915441            91.544118
                                    White        Male Not Hispanic or Latino         479    537818.371608    247335.995272        345000.0        705000.0                74.564309                18.295324                66.00700                 89.0000                 43.649682                  4.102312                      NaN                      NaN       752306.889353       354219.709043           505000.0           925000.0  226.697286  343.085633     114.50     241.00       452      27         360000.0            420000.0      126.50         0.943633            94.363257