                             derived_race derived_sex      derived_ethnicity  total_apps  avg_loan_amount  std_loan_amount  Q1_loan_amount  Q3_loan_amount  avg_loan_to_value_ratio  std_loan_to_value_ratio  Q1_loan_to_value_ratio  Q3_loan_to_value_ratio  avg_debt_to_income_ratio  std_debt_to_income_ratio  Q1_debt_to_income_ratio  Q3_debt_to_income_ratio  avg_property_value  std_property_value  Q1_property_value  Q3_property_value  avg_income  std_income  Q1_income  Q3_income  accepted  denied  iqr_loan_amount  iqr_property_value  iqr_income  acceptance_rate  acceptance_rate_pct
                 2 or more minority races      Female     Hispanic or Latino           2    490000.000000     35355.339059        477500.0        502500.0                97.848500                 1.199960                97.42425                98.27275                 48.000000                       NaN                      NaN                      NaN        5.050000e+05        4.242641e+04           490000.0           520000.0   61.000000   86.267027      30.50      91.50         1       1          25000.0             30000.0       61.00         0.500000            50.000000
                 2 or more minority races      Female Not Hispanic or Latino           3    488333.333333    115902.257671        435000.0        550000.0                80.993667                26.010962                72.99050                96.00000                 46.500000                  2.121320                      NaN                      NaN        6.183333e+05        9.504385e+04           570000.0           665000.0  119.000000    8.660254     114.00     121.50         3       0         115000.0             95000.0        7.50         1.000000           100.000000
                 2 or more minority races        Male     Hispanic or Latino           2    695000.000000    367695.526217        565000.0        825000.0                79.360000                10.806006                75.53950                83.18050                 41.500000                  3.535534                    40.25                    42.75        9.100000e+05        5.868986e+05           702500.0          1117500.0  250.500000   12.020815     246.25     254.75         2       0         260000.0            415000.0        8.50         1.000000           100.000000
                 2 or more minority races        Male Not Hispanic or Latino           2    440000.000000     91923.881554        407500.0        472500.0                61.536000                68.538446                37.30400                85.76800                 48.000000                       NaN                      NaN                      NaN        2.085000e+06        2.460732e+06          1215000.0          2955000.0  251.000000  186.676190     185.00     317.00         1       1          65000.0           1740000.0      132.00         0.500000            50.000000
         American Indian or Alaska Native      Female     Hispanic or Latino          10    441000.000000    188632.505741        300000.0        602500.0                88.695600                 8.058464                89.99250                94.21500                 47.000000                  1.511858                      NaN                      NaN        5.130000e+05        2.486318e+05           330000.0           700000.0  109.400000   39.878148      74.75     143.25         9       1         302500.0            370000.0       68.50         0.900000            90.000000
         American Indian or Alaska Native      Female Not Hispanic or Latino           5    465000.000000    213424.459704        455000.0        565000.0                76.470000                27.003787                80.00000                95.00000                 42.750000                  5.852350                      NaN                      NaN        5.730000e+05        1.512283e+05           575000.0           685000.0  164.000000   56.802289     127.00     220.00         4       1         110000.0            110000.0       93.00         0.800000            80.000000
         American Indian or Alaska Native        Male     Hispanic or Latino          10    404000.000000    167361.883355        310000.0        535000.0                88.391100                10.147438                81.25000                95.00000                 44.000000                  3.927922                      NaN                      NaN        4.610000e+05        1.940905e+05           327500.0           600000.0  121.500000   43.218437      90.50     147.25         9       1         225000.0            272500.0       56.75         0.900000            90.000000
         American Indian or Alaska Native        Male Not Hispanic or Latino           2    615000.000000     14142.135624        610000.0        620000.0                69.268500                15.176633                63.90275                74.63425                 38.000000                       NaN                      NaN                      NaN        9.000000e+05        1.767767e+05           837500.0           962500.0  230.000000   12.727922     225.50     234.50         2       0          10000.0            125000.0        9.00         1.000000           100.000000
                                    Asian      Female     Hispanic or Latino           4    612500.000000    139373.598648        507500.0        695000.0                91.750000                 7.889867                91.25000                95.50000                 43.333333                  3.214550                      NaN                      NaN        6.750000e+05        1.735896e+05           530000.0           820000.0  154.000000   47.279312     116.25     191.25         4       0         187500.0            290000.0       75.00         1.000000           100.000000
                                    Asian      Female Not Hispanic or Latino         230    571956.521739    221067.967233        415000.0        702500.0                72.988104                17.906648                63.23825                84.90100                 43.690909                  4.119582                      NaN                      NaN        8.375652e+05        3.723898e+05           585000.0           975000.0  179.113043  112.888805     110.00     213.50       205      25         287500.0            390000.0      103.50         0.891304            89.130435
                                    Asian        Male     Hispanic or Latino           5    647000.000000    222643.212338        535000.0        645000.0                82.998000                 9.745000                80.00000                89.99000                 42.250000                  3.862210                      NaN                      NaN        7.970000e+05        3.032656e+05           665000.0           885000.0  180.000000   50.000000     145.00     215.00         5       0         110000.0            220000.0       70.00         1.000000           100.000000
                                    Asian        Male Not Hispanic or Latino         360    635416.666667    247034.994081        445000.0        795000.0                74.093653                17.737206                66.66525                85.00000                 43.747170                  3.940880                      NaN                      NaN        9.027222e+05        4.063416e+05           635000.0          1117500.0  226.786111  247.337412     130.00     250.00       341      19         350000.0            482500.0      120.00         0.947222            94.722222
                Black or African American      Female     Hispanic or Latino           5    573000.000000    316812.247238        505000.0        765000.0                86.668000                 8.497713                83.34000                95.00000                 42.500000                  4.795832                      NaN                      NaN        6.910000e+05        4.141014e+05           605000.0           905000.0  298.800000  338.144496     137.00     230.00         4       1         260000.0            300000.0       93.00         0.800000            80.000000
                Black or African American      Female Not Hispanic or Latino          59    474661.016949    242522.420590        290000.0        590000.0                81.761220                21.184861                75.99000                95.40000                 43.729167                  3.728782                      NaN                      NaN        6.211017e+05        2.915595e+05           440000.0           745000.0  144.779661   78.157019      92.50     172.50        51       8         300000.0            305000.0       80.00         0.864407            86.440678
                Black or African American        Male     Hispanic or Latino           5    617000.000000    253712.435643        415000.0        845000.0                79.577800                14.737408                79.55600                80.00000                 39.250000                  3.201562                      NaN                      NaN        8.510000e+05        4.320069e+05           525000.0          1095000.0  696.800000 1089.283113     104.00     510.00         4       1         430000.0            570000.0      406.00         0.800000            80.000000
                Black or African American        Male Not Hispanic or Latino          41    581341.463415    259699.404096        415000.0        725000.0                87.530073                12.735752                80.00000                95.00000                 44.148148                  3.537749                      NaN                      NaN        7.123171e+05        3.333768e+05           465000.0           855000.0  229.487805  271.810975     131.00     233.00        33       8         310000.0            390000.0      102.00         0.804878            80.487805
Native Hawaiian or Other Pacific Islander      Female Not Hispanic or Latino           1    305000.000000              NaN        305000.0        305000.0                80.000000                      NaN                80.00000                80.00000                 40.000000                       NaN                    40.00                    40.00        3.850000e+05                 NaN           385000.0           385000.0   88.000000         NaN      88.00      88.00         1       0              0.0                 0.0        0.00         1.000000           100.000000
Native Hawaiian or Other Pacific Islander        Male     Hispanic or Latino           1    565000.000000              NaN        565000.0        565000.0                97.000000                      NaN                97.00000                97.00000                 49.000000                       NaN                    49.00                    49.00        5.750000e+05                 NaN           575000.0           575000.0  119.000000         NaN     119.00     119.00         1       0              0.0                 0.0        0.00         1.000000           100.000000
Native Hawaiian or Other Pacific Islander        Male Not Hispanic or Latino           5    547000.000000    241598.841057        505000.0        715000.0                85.255600                 8.846006                80.00000                92.35500                 45.000000                  3.366502                      NaN                      NaN        6.590000e+05        2.907404e+05           655000.0           835000.0  151.000000   73.171033     117.00     176.00         4       1         210000.0            180000.0       59.00         0.800000            80.000000
                                    White      Female     Hispanic or Latino         167    421886.227545    213417.132677        275000.0        565000.0                80.134868                18.846214                75.00000                95.00000                 44.169355                  4.071958                      NaN                      NaN        5.524251e+05        2.756088e+05           390000.0           685000.0  129.886228   70.132183      81.00     163.00       141      26         290000.0            295000.0       82.00         0.844311            84.431138
                                    White      Female Not Hispanic or Latino         351    481182.336182    245224.587036        305000.0        635000.0                70.626250                20.943512                58.74150                87.45700                 43.952941                  4.095049                      NaN                      NaN        7.257977e+05        3.921653e+05           485000.0           885000.0  161.914530  103.685533      92.50     196.50       326      25         330000.0            400000.0      104.00         0.928775            92.877493
                                    White        Male     Hispanic or Latino         263    468155.893536    206581.412970        335000.0        590000.0                82.418186                17.023258                77.94700                95.00000                 44.497487                  3.955401                      NaN                      NaN        5.987643e+05        3.548689e+05           400000.0           725000.0  143.581749  128.564862      91.50     174.00       239      24         255000.0            325000.0       82.50         0.908745            90.874525
                                    White        Male Not Hispanic or Latino         467    559025.695931    263587.138525        355000.0        725000.0                73.728760                19.166199                65.16850                88.47900                 43.453925                  4.095030                      NaN                      NaN        8.104604e+05        4.303187e+05           515000.0          1005000.0  207.627409  157.091053     116.50     257.50       448      19         370000.0            490000.0      141.00         0.959315            95.931478