                             derived_race derived_sex      derived_ethnicity  total_apps  avg_loan_amount  std_loan_amount  Q1_loan_amount  Q3_loan_amount  avg_loan_to_value_ratio  std_loan_to_value_ratio  Q1_loan_to_value_ratio  Q3_loan_to_value_ratio  avg_debt_to_income_ratio  std_debt_to_income_ratio  Q1_debt_to_income_ratio  Q3_debt_to_income_ratio  avg_property_value  std_property_value  Q1_property_value  Q3_property_value  avg_income  std_income  Q1_income  Q3_income  accepted  denied  iqr_loan_amount  iqr_property_value  iqr_income  acceptance_rate  acceptance_rate_pct
                 2 or more minority races      Female     Hispanic or Latino           2    135000.000000     42426.406871        120000.0        150000.0                98.365000                 4.122433                96.90750                99.82250                       NaN                       NaN                      NaN                      NaN       140000.000000        35355.339059           127500.0           152500.0   62.500000   12.020815      58.25      66.75         0       2          30000.0             25000.0        8.50         0.000000             0.000000
                 2 or more minority races      Female Not Hispanic or Latino           3    631666.666667    383709.959909        415000.0        780000.0                72.007333                12.170956                68.01100                79.01100                 44.000000                       NaN                      NaN                      NaN       878333.333333       475429.630264           635000.0          1110000.0  176.333333  109.737566     119.50     229.00         3       0         365000.0            475000.0      109.50         1.000000           100.000000
         American Indian or Alaska Native      Female     Hispanic or Latino           5    473000.000000    290981.099043        275000.0        565000.0                74.190400                11.883992                70.00000                80.00000                 48.000000                       NaN                      NaN                      NaN       651000.000000       407099.496438           345000.0           805000.0  155.400000   83.551182      70.00     203.00         3       2         290000.0            460000.0      133.00         0.600000            60.000000
         American Indian or Alaska Native      Female Not Hispanic or Latino           6    353333.333333    148110.319244        265000.0        385000.0                85.745333                10.829198                80.00000                94.99300                 44.750000                  5.852350                      NaN                      NaN       420000.000000       193157.966442           347500.0           465000.0  196.666667  171.246800     105.50     173.75         6       0         120000.0            117500.0       68.25         1.000000           100.000000
         American Indian or Alaska Native        Male     Hispanic or Latino          11    305000.000000    169056.203672        190000.0        440000.0                73.299909                24.737196                47.73500                95.00000                 45.000000                  3.741657                      NaN                      NaN       434090.909091       206806.892799           375000.0           550000.0  115.818182   40.609896      91.50     141.00         8       3         250000.0            175000.0       49.50         0.727273            72.727273
         American Indian or Alaska Native        Male Not Hispanic or Latino           8    386250.000000    247296.092049        155000.0        552500.0                75.318000                28.358791                68.67125                89.31750                 45.833333                  2.136976                      NaN                      NaN       601250.000000       295245.055602           457500.0           700000.0  101.500000   63.141564      55.00     128.25         6       2         397500.0            242500.0       73.25         0.750000            75.000000
                                    Asian      Female     Hispanic or Latino           4    427500.000000    224258.035902        290000.0        547500.0                71.000000                10.984838                69.25000                76.25000                 44.666667                  4.932883                      NaN                      NaN       580000.000000       242830.530755           417500.0           712500.0  131.750000   61.883627      91.50     167.25         4       0         257500.0            295000.0       75.75         1.000000           100.000000
                                    Asian      Female Not Hispanic or Latino         218    561972.477064    219696.080763        415000.0        695000.0                74.096879                16.830955                62.42950                85.87625                 43.721854                  3.902408                      NaN                      NaN       806100.917431       372498.945533           575000.0           970000.0  202.899083  180.954176     119.00     236.75       202      16         280000.0            395000.0      117.75         0.926606            92.660550
                                    Asian        Male     Hispanic or Latino           5    481000.000000    270795.125510        225000.0        755000.0                61.803200                25.420188                44.11800                80.00000                 45.250000                  5.188127                      NaN                      NaN       761000.000000       247143.682905           555000.0           855000.0  157.400000   69.197543     114.00     191.00         5       0         530000.0            300000.0       77.00         1.000000           100.000000
                                    Asian        Male Not Hispanic or Latino         379    640092.348285    235952.823326        475000.0        790000.0                72.489250                16.986749                62.32690                80.00000                 43.515267                  4.037866                      NaN                      NaN       933839.050132       424545.474914           655000.0          1170000.0  211.258575  139.212151     136.00     252.00       347      32         315000.0            515000.0      116.00         0.915567            91.556728
                Black or African American      Female Not Hispanic or Latino          52    515769.230769    213080.544045        380000.0        647500.0                83.079731                18.539847                80.00000                95.00000                 44.000000                  3.664502                      NaN                      NaN       645384.615385       263572.451910           485000.0           777500.0  152.115385   81.528932      95.75     185.75        46       6         267500.0            292500.0       90.00         0.884615            88.461538
                Black or African American        Male     Hispanic or Latino           2    530000.000000     63639.610307        507500.0        552500.0                97.500000                 3.535534                96.25000                98.75000                 46.500000                  3.535534                    45.25                    47.75       540000.000000        49497.474683           522500.0           557500.0  147.000000   39.597980     133.00     161.00         2       0          45000.0             35000.0       28.00         1.000000           100.000000
                Black or African American        Male Not Hispanic or Latino          35    477285.714286    277743.912035        245000.0        630000.0                82.173114                20.864682                80.00000                95.00000                 44.500000                  4.488548                      NaN                      NaN       629571.428571       321918.356997           410000.0           770000.0  147.485714   79.419723      90.50     191.50        27       8         385000.0            360000.0      101.00         0.771429            77.142857
Native Hawaiian or Other Pacific Islander      Female Not Hispanic or Latino           3    778333.333333    112398.102001        730000.0        840000.0                93.333333                 7.637626                90.00000                97.50000                 40.000000                  1.732051                    39.00                    40.50       855000.000000       170000.000000           770000.0           940000.0  212.333333   26.501572     197.50     223.00         3       0         110000.0            170000.0       25.50         1.000000           100.000000
Native Hawaiian or Other Pacific Islander        Male     Hispanic or Latino           2    380000.000000     49497.474683        362500.0        397500.0                85.000000                 7.071068                82.50000                87.50000                       NaN                       NaN                      NaN                      NaN       450000.000000        91923.881554           417500.0           482500.0  100.500000   54.447222      81.25     119.75         1       1          35000.0             65000.0       38.50         0.500000            50.000000
Native Hawaiian or Other Pacific Islander        Male Not Hispanic or Latino           6    465000.000000    173089.572187        417500.0        595000.0                78.716000                24.797563                80.00000                93.75000                 43.833333                  4.996666                    41.50                    48.00       600000.000000       142232.204511           495000.0           690000.0  127.833333   53.364470      98.25     154.25         6       0         177500.0            195000.0       56.00         1.000000           100.000000
                                    White      Female     Hispanic or Latino         166    442530.120482    219391.546333        275000.0        565000.0                80.823271                18.620447                75.00000                95.00000                 44.787402                  3.593711                      NaN                      NaN       593253.012048       333771.772628           385000.0           732500.0  137.138554   92.681527      80.25     157.75       151      15         290000.0            347500.0       77.50         0.909639            90.963855
                                    White      Female Not Hispanic or Latino         368    470000.000000    232061.018002        305000.0        585000.0                71.544636                20.007935                58.24750                85.00000                 43.594697                  4.035787                      NaN                      NaN       696168.478261       352910.041545           435000.0           905000.0  161.108696   98.503816      96.75     200.00       345      23         280000.0            470000.0      103.25         0.937500            93.750000
                                    White        Male     Hispanic or Latino         269    503215.613383    205093.203188        365000.0        625000.0                84.261729                14.309424                80.00000                95.00000                 44.273585                  3.636396                      NaN                      NaN       619498.141264       287818.981054           435000.0           735000.0  161.973978  145.879868      95.00     175.00       242      27         260000.0            300000.0       80.00         0.899628            89.962825
                                    White        Male Not Hispanic or Latino         456    542653.508772    252905.703899        345000.0        725000.0                74.119739                23.060245                64.51750                87.05600                 44.202749                  3.975372                      NaN                      NaN       775153.508772       405658.572549           495000.0           955000.0  231.616228  286.817535     114.00     257.00       426      30         380000.0            460000.0      143.00         0.934211            93.421053