                             derived_race derived_sex      derived_ethnicity  total_apps  avg_loan_amount  std_loan_amount  Q1_loan_amount  Q3_loan_amount  avg_loan_to_value_ratio  std_loan_to_value_ratio  Q1_loan_to_value_ratio  Q3_loan_to_value_ratio  avg_debt_to_income_ratio  std_debt_to_income_ratio  Q1_debt_to_income_ratio  Q3_debt_to_income_ratio  avg_property_value  std_property_value  Q1_property_value  Q3_property_value  avg_income  std_income  Q1_income  Q3_income  accepted  denied  iqr_loan_amount  iqr_property_value  iqr_income  acceptance_rate  acceptance_rate_pct
                 2 or more minority races      Female     Hispanic or Latino           1    335000.000000              NaN        335000.0        335000.0                95.000000                      NaN                95.00000                95.00000                 48.000000                       NaN                     48.0                     48.0       355000.000000                 NaN           355000.0           355000.0   68.000000         NaN      68.00      68.00         1       0              0.0                 0.0        0.00         1.000000           100.000000
                 2 or more minority races      Female Not Hispanic or Latino           2    325000.000000    268700.576851        230000.0        420000.0                51.369000                22.105572                43.55350                59.18450                 48.000000                  1.414214                     47.5                     48.5       580000.000000       275771.644663           482500.0           677500.0   77.000000   63.639610      54.50      99.50         2       0         190000.0            195000.0       45.00         1.000000           100.000000
                 2 or more minority races        Male     Hispanic or Latino           1    555000.000000              NaN        555000.0        555000.0                95.000000                      NaN                95.00000                95.00000                 43.000000                       NaN                     43.0                     43.0       585000.000000                 NaN           585000.0           585000.0  132.000000         NaN     132.00     132.00         1       0              0.0                 0.0        0.00         1.000000           100.000000
                 2 or more minority races        Male Not Hispanic or Latino           3    475000.000000    295465.734054        355000.0        640000.0                85.360333                 9.284370                80.00000                88.04050                 43.500000                  4.949747                      NaN                      NaN       555000.000000       295127.091267           460000.0           725000.0  194.000000  150.502492     119.00     269.50         2       1         285000.0            265000.0      150.50         0.666667            66.666667
         American Indian or Alaska Native      Female     Hispanic or Latino           9    340555.555556    225616.439511        155000.0        425000.0                79.105889                21.331823                80.00000                95.00000                 46.142857                  2.672612                      NaN                      NaN       439444.444444       262874.072091           305000.0           515000.0  108.666667   43.954522      68.00     128.00         9       0         270000.0            210000.0       60.00         1.000000           100.000000
         American Indian or Alaska Native      Female Not Hispanic or Latino           5    521000.000000    154369.686143        465000.0        625000.0                85.460000                 5.104704                80.00000                90.00000                 44.000000                  2.160247                      NaN                      NaN       621000.000000       205742.557581           525000.0           785000.0  167.400000   64.963836     149.00     212.00         5       0         160000.0            260000.0       63.00         1.000000           100.000000
         American Indian or Alaska Native        Male     Hispanic or Latino          11    383181.818182    134671.317051        295000.0        440000.0                70.834182                19.484054                51.49750                85.00000                 41.166667                  3.544949                      NaN                      NaN       570454.545455       223265.027999           365000.0           770000.0  204.090909  128.764478     124.50     204.00        10       1         145000.0            405000.0       79.50         0.909091            90.909091
         American Indian or Alaska Native        Male Not Hispanic or Latino           3    485000.000000     20000.000000        475000.0        495000.0                64.137000                23.280019                56.20550                77.50000                       NaN                       NaN                      NaN                      NaN       851666.666667       420039.680665           610000.0           990000.0  290.333333  152.132618     202.50     334.50         3       0          20000.0            380000.0      132.00         1.000000           100.000000
                                    Asian      Female     Hispanic or Latino          10    420000.000000    201728.640615        320000.0        545000.0                86.744500                17.595664                86.02125                96.50000                 43.000000                  2.768875                      NaN                      NaN       511000.000000       222021.020026           477500.0           602500.0  109.600000   63.275763      90.25     156.75         8       2         225000.0            125000.0       66.50         0.800000            80.000000
                                    Asian      Female Not Hispanic or Latino         230    546913.043478    219172.304263        385000.0        672500.0                71.620375                18.230367                62.85275                81.28425                 43.745455                  4.067501                      NaN                      NaN       814130.434783       385194.478680           565000.0          1002500.0  175.686957   99.698048     113.25     203.75       213      17         287500.0            437500.0       90.50         0.926087            92.608696
                                    Asian        Male     Hispanic or Latino           6    620000.000000    365882.494799        412500.0        865000.0                72.894833                22.783750                75.95450                80.00000                 43.400000                  4.505552                      NaN                      NaN       848333.333333       396669.467777           612500.0          1087500.0  172.000000  103.130985     105.50     195.00         6       0         452500.0            475000.0       89.50         1.000000           100.000000
                                    Asian        Male Not Hispanic or Latino         378    621560.846561    238822.981960        445000.0        765000.0                74.855394                16.249247                69.95250                85.00000                 43.405797                  3.877464                      NaN                      NaN       875158.730159       388152.771737           605000.0          1055000.0  195.873016  115.774498     126.25     234.00       354      24         320000.0            450000.0      107.75         0.936508            93.650794
                Black or African American      Female     Hispanic or Latino           2    495000.000000     14142.135624        490000.0        500000.0                95.000000                 0.000000                95.00000                95.00000                 47.000000                  2.828427                     46.0                     48.0       525000.000000        14142.135624           520000.0           530000.0  128.000000    1.414214     127.50     128.50         2       0          10000.0             10000.0        1.00         1.000000           100.000000
                Black or African American      Female Not Hispanic or Latino          53    480094.339623    191186.805965        345000.0        605000.0                86.371868                17.380570                80.00000                97.00000                 44.357143                  3.843407                      NaN                      NaN       613490.566038       312350.864269           425000.0           755000.0  137.547170   66.278424     101.00     152.00        41      12         260000.0            330000.0       51.00         0.773585            77.358491
                Black or African American        Male     Hispanic or Latino           1    405000.000000              NaN        405000.0        405000.0                97.000000                      NaN                97.00000                97.00000                 39.000000                       NaN                     39.0                     39.0       415000.000000                 NaN           415000.0           415000.0  124.000000         NaN     124.00     124.00         1       0              0.0                 0.0        0.00         1.000000           100.000000
                Black or African American        Male Not Hispanic or Latino          36    506388.888889    191939.764030        415000.0        667500.0                80.971447                21.380121                80.00000                95.00000                 44.480000                  3.330666                      NaN                      NaN       691944.444444       232389.075775           542500.0           795000.0  157.888889   62.746555     116.50     186.25        34       2         252500.0            252500.0       69.75         0.944444            94.444444
Native Hawaiian or Other Pacific Islander      Female Not Hispanic or Latino           2    490000.000000    148492.424049        437500.0        542500.0                80.000000                 0.000000                80.00000                80.00000                 40.000000                       NaN                      NaN                      NaN       605000.000000       183847.763109           540000.0           670000.0  161.500000   23.334524     153.25     169.75         2       0         105000.0            130000.0       16.50         1.000000           100.000000
Native Hawaiian or Other Pacific Islander        Male Not Hispanic or Latino           3    425000.000000     81853.527719        380000.0        460000.0                63.178667                27.612457                47.26800                72.00000                       NaN                       NaN                      NaN                      NaN       771666.666667       382796.725865           595000.0           975000.0  202.000000   42.883563     183.50     225.50         3       0          80000.0            380000.0       42.00         1.000000           100.000000
                                    White      Female     Hispanic or Latino         165    420030.303030    190117.499748        265000.0        555000.0                79.958539                19.920339                72.00000                95.00000                 44.388060                  3.773494                      NaN                      NaN       570636.363636       277287.142950           385000.0           715000.0  134.412121   96.164112      81.00     156.00       153      12         290000.0            330000.0       75.00         0.927273            92.727273
                                    White      Female Not Hispanic or Latino         329    476945.288754    232584.596563        325000.0        615000.0                71.553175                21.069928                60.00000                85.00000                 43.673640                  4.287241                      NaN                      NaN       715334.346505       369877.464968           485000.0           885000.0  166.182371  147.783080      96.00     205.00       307      22         290000.0            400000.0      109.00         0.933131            93.313070
                                    White        Male     Hispanic or Latino         283    462915.194346    202674.230839        335000.0        585000.0                84.466813                28.288955                78.94650                95.00000                 44.141509                  4.064501                      NaN                      NaN       575565.371025       246603.232743           405000.0           710000.0  148.770318   89.514492      92.00     178.50       257      26         250000.0            305000.0       86.50         0.908127            90.812721
                                    White        Male Not Hispanic or Latino         467    539775.160600    265411.864698        335000.0        725000.0                73.970049                18.947930                64.79300                88.93350                 43.258675                  3.948557                      NaN                      NaN       762965.738758       401520.093009           465000.0           960000.0  204.608137  199.637479     107.00     248.00       441      26         390000.0            495000.0      141.00         0.944325            94.432548