                             derived_race derived_sex      derived_ethnicity  total_apps  avg_loan_amount  std_loan_amount  Q1_loan_amount  Q3_loan_amount  avg_loan_to_value_ratio  std_loan_to_value_ratio  Q1_loan_to_value_ratio  Q3_loan_to_value_ratio  avg_debt_to_income_ratio  std_debt_to_income_ratio  Q1_debt_to_income_ratio  Q3_debt_to_income_ratio  avg_property_value  std_property_value  Q1_property_value  Q3_property_value  avg_income  std_income  Q1_income  Q3_income  accepted  denied  iqr_loan_amount  iqr_property_value  iqr_income  acceptance_rate  acceptance_rate_pct
                 2 or more minority races      Female Not Hispanic or Latino           2    835000.000000    282842.712475        735000.0        935000.0                84.995000                 7.063997                82.49750                87.49250                 47.000000                  2.828427                    46.00                    48.00       975000.000000       254558.441227           885000.0          1065000.0  200.500000   55.861436     180.75     220.25         2       0         200000.0            180000.0       39.50         1.000000           100.000000
                 2 or more minority races        Male     Hispanic or Latino           2    695000.000000    367695.526217        565000.0        825000.0                79.360000                10.806006                75.53950                83.18050                 41.500000                  3.535534                    40.25                    42.75       910000.000000       586898.628385           702500.0          1117500.0  250.500000   12.020815     246.25     254.75         2       0         260000.0            415000.0        8.50         1.000000           100.000000
                 2 or more minority races        Male Not Hispanic or Latino           3    598333.333333     89628.864398        570000.0        650000.0                85.666667                 9.814955                80.00000                88.50000                 43.000000                  4.242641                      NaN                      NaN       711666.666667       170391.705588           660000.0           810000.0  460.333333  459.434798     198.00     625.50         3       0          80000.0            150000.0      427.50         1.000000           100.000000
         American Indian or Alaska Native      Female     Hispanic or Latino           1    255000.000000              NaN        255000.0        255000.0                29.825000                      NaN                29.82500                29.82500                       NaN                       NaN                      NaN                      NaN       855000.000000                 NaN           855000.0           855000.0  161.000000         NaN     161.00     161.00         1       0              0.0                 0.0        0.00         1.000000           100.000000
         American Indian or Alaska Native      Female Not Hispanic or Latino           3    488333.333333    240901.086202        350000.0        570000.0                69.990000                19.985002                60.00000                79.98500                 43.500000                  4.949747                      NaN                      NaN       805000.000000       368646.171823           595000.0           940000.0  270.666667  285.605205     106.00     360.50         3       0         220000.0            345000.0      254.50         1.000000           100.000000
         American Indian or Alaska Native        Male     Hispanic or Latino           8    355000.000000    103233.438658        285000.0        417500.0                70.178750                25.493129                50.57675                91.25000                 44.000000                  4.816638                      NaN                      NaN       562500.000000       193667.609210           470000.0           587500.0  134.250000   36.896574     125.75     156.50         7       1         132500.0            117500.0       30.75         0.875000            87.500000
         American Indian or Alaska Native        Male Not Hispanic or Latino           8    370000.000000    168946.314381        275000.0        495000.0                59.113750                27.892437                34.01375                80.00000                 44.000000                  3.741657                      NaN                      NaN       672500.000000       224992.063352           560000.0           777500.0  122.125000   64.157034      78.25     148.75         7       1         220000.0            217500.0       70.50         0.875000            87.500000
                                    Asian      Female     Hispanic or Latino          10    539000.000000    269039.443618        337500.0        647500.0                78.452900                16.082414                75.00000                89.20250                 44.600000                  2.966479                      NaN                      NaN       690000.000000       341150.015878           400000.0           870000.0  225.700000  195.862225     108.75     208.00         9       1         310000.0            470000.0       99.25         0.900000            90.000000
                                    Asian      Female Not Hispanic or Latino         220    546500.000000    223584.384895        382500.0        685000.0                70.681690                20.180669                58.22575                80.00000                 43.797468                  4.067519                      NaN                      NaN       813636.363636       368375.372562           585000.0           937500.0  182.431818  108.085075     116.75     230.00       204      16         302500.0            352500.0      113.25         0.927273            92.727273
                                    Asian        Male     Hispanic or Latino           7    480714.285714    179801.477826        375000.0        640000.0                77.071857                28.298524                80.00000                92.50000                 44.571429                  4.720775                    43.00                    47.00       720714.285714       337434.296956           495000.0           805000.0  127.428571   42.288127      98.00     161.50         7       0         265000.0            310000.0       63.50         1.000000           100.000000
                                    Asian        Male Not Hispanic or Latino         364    643626.373626    235119.764258        472500.0        777500.0                73.676758                17.320866                65.00000                82.95500                 43.942966                  4.071941                      NaN                      NaN       920879.120879       396789.521966           645000.0          1125000.0  217.071429  203.865078     140.75     246.00       337      27         305000.0            480000.0      105.25         0.925824            92.582418
                Black or African American      Female     Hispanic or Latino           2    670000.000000     49497.474683        652500.0        687500.0                81.505500                 2.129099                80.75275                82.25825                 46.500000                  3.535534                    45.25                    47.75       815000.000000        42426.406871           800000.0           830000.0  152.500000   26.162951     143.25     161.75         2       0          35000.0             30000.0       18.50         1.000000           100.000000
                Black or African American      Female Not Hispanic or Latino          48    538958.333333    232916.198822        415000.0        677500.0                83.755417                18.761053                80.00000                95.50000                 43.500000                  3.880353                      NaN                      NaN       702291.666667       324160.057545           505000.0           772500.0  168.687500  107.347944     105.50     212.75        41       7         262500.0            267500.0      107.25         0.854167            85.416667
                Black or African American        Male     Hispanic or Latino           3    385000.000000     75498.344353        345000.0        420000.0                84.993333                17.854479                77.58500                94.90500                 47.333333                  2.081666                    46.50                    48.50       485000.000000       204205.778567           370000.0           565000.0  153.666667   96.292956     103.50     199.50         3       0          75000.0            195000.0       96.00         1.000000           100.000000
                Black or African American        Male Not Hispanic or Latino          24    678333.333333    218844.130886        512500.0        762500.0                84.860583                16.552822                80.00000                95.00000                 43.307692                  3.351234                      NaN                      NaN       875000.000000       432575.703352           612500.0          1127500.0  306.250000  405.881462     139.75     260.75        21       3         250000.0            515000.0      121.00         0.875000            87.500000
Native Hawaiian or Other Pacific Islander      Female     Hispanic or Latino           2    285000.000000     84852.813742        255000.0        315000.0                67.750000                42.779960                52.62500                82.87500                 42.000000                       NaN                      NaN                      NaN       485000.000000       169705.627485           425000.0           545000.0   84.000000   25.455844      75.00      93.00         1       1          60000.0            120000.0       18.00         0.500000            50.000000
Native Hawaiian or Other Pacific Islander      Female Not Hispanic or Latino           1    395000.000000              NaN        395000.0        395000.0                74.000000                      NaN                74.00000                74.00000                       NaN                       NaN                      NaN                      NaN       535000.000000                 NaN           535000.0           535000.0  157.000000         NaN     157.00     157.00         1       0              0.0                 0.0        0.00         1.000000           100.000000
Native Hawaiian or Other Pacific Islander        Male     Hispanic or Latino           1    605000.000000              NaN        605000.0        605000.0                72.990000                      NaN                72.99000                72.99000                 42.000000                       NaN                    42.00                    42.00       825000.000000                 NaN           825000.0           825000.0  150.000000         NaN     150.00     150.00         0       1              0.0                 0.0        0.00         0.000000             0.000000
Native Hawaiian or Other Pacific Islander        Male Not Hispanic or Latino           6    375000.000000    189947.361129        232500.0        515000.0                65.118333                27.048085                44.31950                85.79750                 46.166667                  3.125167                    43.25                    49.00       623333.333333       235152.432832           650000.0           712500.0  113.833333   58.625649      61.75     152.50         6       0         282500.0             62500.0       90.75         1.000000           100.000000
                                    White      Female     Hispanic or Latino         159    446949.685535    208589.227447        325000.0        565000.0                82.433006                17.624275                79.74000                95.00000                 44.384000                  3.788318                      NaN                      NaN       560157.232704       269636.077634           415000.0           705000.0  130.842767   85.529145      80.50     150.50       136      23         240000.0            290000.0       70.00         0.855346            85.534591
                                    White      Female Not Hispanic or Latino         381    458123.359580    234416.314335        275000.0        605000.0                71.859210                19.410316                60.00000                85.00000                 44.087912                  4.062874                      NaN                      NaN       670196.850394       342472.089667           425000.0           845000.0  151.065617   93.030320      89.00     189.00       358      23         330000.0            420000.0      100.00         0.939633            93.963255
                                    White        Male     Hispanic or Latino         279    459336.917563    199393.435683        315000.0        575000.0                82.690276                15.397717                80.00000                95.00000                 44.298507                  4.224979                      NaN                      NaN       572025.089606       247434.540609           385000.0           725000.0  141.336918   85.506244      88.00     169.00       254      25         260000.0            340000.0       81.00         0.910394            91.039427
                                    White        Male Not Hispanic or Latino         466    543927.038627    254171.492015        355000.0        725000.0                74.797315                17.603939                69.52500                85.00000                 43.488889                  4.174807                      NaN                      NaN       768819.742489       397586.268067           485000.0           955000.0  198.706009  203.426639     110.25     233.50       433      33         370000.0            470000.0      123.25         0.929185            92.918455