                             derived_race derived_sex      derived_ethnicity  total_apps  avg_loan_amount  std_loan_amount  Q1_loan_amount  Q3_loan_amount  avg_loan_to_value_ratio  std_loan_to_value_ratio  Q1_loan_to_value_ratio  Q3_loan_to_value_ratio  avg_debt_to_income_ratio  std_debt_to_income_ratio  Q1_debt_to_income_ratio  Q3_debt_to_income_ratio  avg_property_value  std_property_value  Q1_property_value  Q3_property_value  avg_income  std_income  Q1_income  Q3_income  accepted  denied  iqr_loan_amount  iqr_property_value  iqr_income  acceptance_rate  acceptance_rate_pct
                 2 or more minority races      Female Not Hispanic or Latino           6    440000.000000    156684.396160        397500.0        460000.0                81.386333                10.353191               80.000000                86.37500                 41.500000                  7.778175                      NaN                      NaN        6.366667e+05        3.078582e+05           477500.0           712500.0  142.000000   61.777018     116.75     155.00         5       1          62500.0            235000.0       38.25         0.833333            83.333333
                 2 or more minority races        Male     Hispanic or Latino           1     55000.000000              NaN         55000.0         55000.0                76.370000                      NaN               76.370000                76.37000                 37.000000                       NaN                     37.0                     37.0        6.500000e+04                 NaN            65000.0            65000.0   40.000000         NaN      40.00      40.00         1       0              0.0                 0.0        0.00         1.000000           100.000000
                 2 or more minority races        Male Not Hispanic or Latino           4    532500.000000    264748.308147        397500.0        605000.0                67.935500                39.110261               53.270500                95.50000                 42.666667                  4.163332                      NaN                      NaN        1.480000e+06        1.631982e+06           407500.0          1972500.0  203.750000  126.270543     122.00     245.75         3       1         207500.0           1565000.0      123.75         0.750000            75.000000
         American Indian or Alaska Native      Female     Hispanic or Latino           4    260000.000000    105356.537529        240000.0        320000.0                69.054250                39.237556               54.623250                93.43100                 46.000000                  2.645751                      NaN                      NaN        4.925000e+05        1.484082e+05           412500.0           545000.0   98.000000   62.112801      64.75     106.75         4       0          80000.0            132500.0       42.00         1.000000           100.000000
         American Indian or Alaska Native      Female Not Hispanic or Latino           2    535000.000000     98994.949366        500000.0        570000.0                87.500000                10.606602               83.750000                91.25000                 49.000000                       NaN                      NaN                      NaN        6.250000e+05        1.838478e+05           560000.0           690000.0  217.000000   49.497475     199.50     234.50         2       0          70000.0            130000.0       35.00         1.000000           100.000000
         American Indian or Alaska Native        Male     Hispanic or Latino           9    413888.888889    166616.659164        365000.0        535000.0                74.700000                20.767158               75.000000                90.00000                 46.400000                  2.190890                      NaN                      NaN        5.372222e+05        1.420192e+05           465000.0           615000.0  122.222222   51.941741     109.00     148.00         8       1         170000.0            150000.0       39.00         0.888889            88.888889
         American Indian or Alaska Native        Male Not Hispanic or Latino           2    335000.000000    169705.627485        275000.0        395000.0                65.345000                41.938503               50.517500                80.17250                 44.000000                       NaN                      NaN                      NaN        1.615000e+06        1.965757e+06           920000.0          2310000.0  360.000000  424.264069     210.00     510.00         1       1         120000.0           1390000.0      300.00         0.500000            50.000000
                                    Asian      Female     Hispanic or Latino           4    485000.000000    436577.599059        327500.0        592500.0                92.665500                16.638016               82.500000               101.16550                 42.500000                  3.535534                      NaN                      NaN        6.000000e+05        5.952310e+05           342500.0           742500.0  175.000000   93.241622     121.25     230.75         3       1         265000.0            400000.0      109.50         0.750000            75.000000
                                    Asian      Female Not Hispanic or Latino         236    579533.898305    238042.091118        415000.0        705000.0                73.995024                17.818411               63.346750                86.30575                 43.829545                  3.837325                      NaN                      NaN        8.233051e+05        3.705598e+05           562500.0           985000.0  184.597458   96.917398     125.00     221.50       219      17         290000.0            422500.0       96.50         0.927966            92.796610
                                    Asian        Male     Hispanic or Latino          10    561000.000000    269163.312673        330000.0        772500.0                69.524100                21.212172               53.750000                80.00000                 41.428571                  3.598942                      NaN                      NaN        8.020000e+05        3.033535e+05           532500.0           965000.0  180.000000  104.702754     105.75     245.00         7       3         442500.0            432500.0      139.25         0.700000            70.000000
                                    Asian        Male Not Hispanic or Latino         376    638005.319149    243587.104143        455000.0        797500.0                72.733766                18.013141               63.826000                85.00000                 43.683274                  3.998576                      NaN                      NaN        9.188298e+05        3.880869e+05           645000.0          1130000.0  192.561170   90.571410     130.00     231.25       349      27         342500.0            485000.0      101.25         0.928191            92.819149
                Black or African American      Female     Hispanic or Latino           3    398333.333333    142243.921956        350000.0        480000.0                84.774333                20.296851               76.153000                95.95850                 44.333333                  4.163332                     42.0                     46.0        5.183333e+05        2.750152e+05           380000.0           655000.0  174.333333  129.554364     101.50     225.50         2       1         130000.0            275000.0      124.00         0.666667            66.666667
                Black or African American      Female Not Hispanic or Latino          38    509210.526316    234850.516907        370000.0        630000.0                83.817579                14.295632               80.000000                95.00000                 43.821429                  3.232400                      NaN                      NaN        6.276316e+05        2.737595e+05           500000.0           785000.0  164.263158   86.250322     116.75     184.00        34       4         260000.0            285000.0       67.25         0.894737            89.473684
                Black or African American        Male     Hispanic or Latino           2    415000.000000     14142.135624        410000.0        420000.0                96.000000                 1.414214               95.500000                96.50000                 41.000000                  2.828427                     40.0                     42.0        4.450000e+05        4.242641e+04           430000.0           460000.0  153.000000   41.012193     138.50     167.50         2       0          10000.0             30000.0       29.00         1.000000           100.000000
                Black or African American        Male Not Hispanic or Latino          32    603750.000000    229357.447469        445000.0        700000.0                85.400750                16.485410               80.000000                95.00000                 43.476190                  3.723158                      NaN                      NaN        7.303125e+05        2.996448e+05           515000.0           880000.0  190.312500  107.591353     118.25     213.25        26       6         255000.0            365000.0       95.00         0.812500            81.250000
Native Hawaiian or Other Pacific Islander      Female Not Hispanic or Latino           4    362500.000000    142448.821219        287500.0        425000.0                76.856750                33.509193               67.194250                97.16250                 43.500000                  0.707107                      NaN                      NaN        5.375000e+05        1.596611e+05           402500.0           665000.0  141.750000   35.649918     116.00     167.25         4       0         137500.0            262500.0       51.25         1.000000           100.000000
Native Hawaiian or Other Pacific Islander        Male     Hispanic or Latino           2    470000.000000    134350.288425        422500.0        517500.0                87.080500                11.199864               83.120750                91.04025                 38.000000                  2.828427                     37.0                     39.0        5.350000e+05        8.485281e+04           505000.0           565000.0  139.000000   62.225397     117.00     161.00         2       0          95000.0             60000.0       44.00         1.000000           100.000000
Native Hawaiian or Other Pacific Islander        Male Not Hispanic or Latino           3    308333.333333    179536.440127        240000.0        410000.0                90.666667                 6.027714               87.500000                93.50000                 38.000000                  2.828427                      NaN                      NaN        3.350000e+05        1.873499e+05           260000.0           440000.0  124.666667   10.016653     119.00     128.50         2       1         170000.0            180000.0        9.50         0.666667            66.666667
                                    White      Female     Hispanic or Latino         184    421086.956522    173154.320266        305000.0        515000.0                82.423617                18.198790               79.945125                95.00000                 44.633333                  3.948352                      NaN                      NaN        5.328804e+05        1.998069e+05           385000.0           645000.0  124.282609   59.806395      81.00     150.25       164      20         210000.0            260000.0       69.25         0.891304            89.130435
                                    White      Female Not Hispanic or Latino         367    463719.346049    260266.247099        275000.0        610000.0                68.489205                22.588482               56.019000                80.72500                 43.901575                  4.045463                      NaN                      NaN        7.308038e+05        4.163645e+05           475000.0           890000.0  161.814714  116.350486      91.50     193.50       337      30         335000.0            415000.0      102.00         0.918256            91.825613
                                    White        Male     Hispanic or Latino         265    475075.471698    203583.413872        335000.0        615000.0                83.640113                15.046735               80.000000                95.00000                 44.243523                  3.902159                      NaN                      NaN        5.844340e+05        2.435191e+05           405000.0           765000.0  165.207547  135.876972      94.00     184.00       237      28         280000.0            360000.0       90.00         0.894340            89.433962
                                    White        Male Not Hispanic or Latino         446    548228.699552    253636.697947        355000.0        705000.0                75.157078                18.287935               65.654250                89.99750                 43.693103                  4.037748                      NaN                      NaN        7.694619e+05        3.843945e+05           515000.0           945000.0  203.432735  156.899306     115.25     247.50       409      37         350000.0            430000.0      132.25         0.917040            91.704036