                             derived_race derived_sex      derived_ethnicity  total_apps  avg_loan_amount  std_loan_amount  Q1_loan_amount  Q3_loan_amount  avg_loan_to_value_ratio  std_loan_to_value_ratio  Q1_loan_to_value_ratio  Q3_loan_to_value_ratio  avg_debt_to_income_ratio  std_debt_to_income_ratio  Q1_debt_to_income_ratio  Q3_debt_to_income_ratio  avg_property_value  std_property_value  Q1_property_value  Q3_property_value  avg_income  std_income  Q1_income  Q3_income  accepted  denied  iqr_loan_amount  iqr_property_value  iqr_income  acceptance_rate  acceptance_rate_pct
                 2 or more minority races      Female     Hispanic or Latino           1    615000.000000              NaN        615000.0        615000.0                80.000000                      NaN                80.00000                80.00000                       NaN                       NaN                      NaN                      NaN       765000.000000                 NaN           765000.0           765000.0  126.000000         NaN     126.00     126.00         1       0              0.0                 0.0        0.00         1.000000           100.000000
                 2 or more minority races      Female Not Hispanic or Latino           3    598333.333333    187705.443004        515000.0        700000.0                77.034000                 9.791908                73.05100                82.50000                 46.000000                  1.414214                      NaN                      NaN       765000.000000       157162.336455           695000.0           850000.0  214.666667  157.512962     126.00     276.50         3       0         185000.0            155000.0      150.50         1.000000           100.000000
                 2 or more minority races        Male     Hispanic or Latino           2    315000.000000    197989.898732        245000.0        385000.0                85.000000                14.142136                80.00000                90.00000                 36.000000                       NaN                      NaN                      NaN       395000.000000       296984.848098           290000.0           500000.0  225.000000  110.308658     186.00     264.00         1       1         140000.0            210000.0       78.00         0.500000            50.000000
                 2 or more minority races        Male Not Hispanic or Latino           4    657500.000000    207745.838306        580000.0        757500.0                81.771000                 5.615271                79.28425                82.48675                 44.250000                  4.031129                     41.5                    46.75       842500.000000       256173.769149           730000.0           992500.0  195.500000   82.835178     173.00     242.00         4       0         177500.0            262500.0       69.00         1.000000           100.000000
         American Indian or Alaska Native      Female     Hispanic or Latino           8    438750.000000    191306.597601        312500.0        520000.0                69.494375                23.879253                49.43425                86.25000                 43.714286                  3.199702                      NaN                      NaN       631250.000000       157655.818614           552500.0           712500.0  122.000000   56.447194      79.50     162.75         7       1         207500.0            160000.0       83.25         0.875000            87.500000
         American Indian or Alaska Native      Female Not Hispanic or Latino           5    601000.000000    200947.754404        535000.0        555000.0                87.999600                 9.746435                80.00000                95.00000                 47.333333                  2.886751                      NaN                      NaN       679000.000000       185283.566460           565000.0           695000.0  283.600000  189.991579     149.00     435.00         5       0          20000.0            130000.0      286.00         1.000000           100.000000
         American Indian or Alaska Native        Male     Hispanic or Latino          13    391153.846154    146829.746165        375000.0        485000.0                85.778923                28.512060                65.40000                97.00000                 41.800000                  4.366539                      NaN                      NaN       485000.000000       215638.586528           305000.0           605000.0  153.307692  118.391571      87.00     165.00        10       3         110000.0            300000.0       78.00         0.769231            76.923077
         American Indian or Alaska Native        Male Not Hispanic or Latino           4    612500.000000    213131.414859        482500.0        695000.0                68.921250                23.782619                58.47025                83.19600                 43.500000                  2.121320                      NaN                      NaN       930000.000000       303918.848818           740000.0          1065000.0  228.500000   58.083274     194.25     255.25         3       1         212500.0            325000.0       61.00         0.750000            75.000000
                                    Asian      Female     Hispanic or Latino           5    339000.000000    159937.487788        245000.0        485000.0                65.770600                29.857966                54.85300                80.00000                 44.000000                  4.358899                      NaN                      NaN       527000.000000        80436.310209           455000.0           605000.0  129.000000   38.942265     119.00     158.00         5       0         240000.0            150000.0       39.00         1.000000           100.000000
                                    Asian      Female Not Hispanic or Latino         239    561234.309623    222674.828668        390000.0        705000.0                72.708887                17.761795                60.00000                84.93950                 43.931818                  4.138448                      NaN                      NaN       820439.330544       386290.964869           555000.0          1000000.0  179.606695  119.752985     118.50     204.00       221      18         315000.0            445000.0       85.50         0.924686            92.468619
                                    Asian        Male     Hispanic or Latino          11    500454.545455    181734.071454        340000.0        665000.0                75.422364                17.797074                66.53800                89.95000                 44.333333                  4.873397                      NaN                      NaN       654090.909091       150030.299970           540000.0           775000.0  123.181818   42.593000      97.00     158.00         9       2         325000.0            235000.0       61.00         0.818182            81.818182
                                    Asian        Male Not Hispanic or Latino         391    633132.992327    244209.541616        455000.0        770000.0                73.375815                17.301457                65.86450                84.56000                 43.397163                  3.928868                      NaN                      NaN       905537.084399       388740.198037           630000.0          1085000.0  220.744246  381.608876     139.00     242.00       368      23         315000.0            455000.0      103.00         0.941176            94.117647
                Black or African American      Female     Hispanic or Latino           5    353000.000000    145155.089473        285000.0        425000.0                86.800000                23.541453                95.00000                97.00000                 42.800000                  3.701351                     40.0                    45.00       483000.000000       223874.965103           305000.0           535000.0  106.400000   33.827504      76.00     129.00         5       0         140000.0            230000.0       53.00         1.000000           100.000000
                Black or African American      Female Not Hispanic or Latino          50    507800.000000    214276.571234        385000.0        630000.0                82.783400                18.224568                80.00000                95.00000                 44.795455                  3.861435                      NaN                      NaN       639000.000000       230607.007345           477500.0           770000.0  157.840000   81.585653     108.00     173.75        48       2         245000.0            292500.0       65.75         0.960000            96.000000
                Black or African American        Male     Hispanic or Latino           2    565000.000000    113137.084990        525000.0        605000.0                87.278000                10.920557                83.41700                91.13900                 43.000000                  8.485281                     40.0                    46.00       665000.000000       212132.034356           590000.0           740000.0  177.000000   26.870058     167.50     186.50         2       0          80000.0            150000.0       19.00         1.000000           100.000000
                Black or African American        Male Not Hispanic or Latino          30    528666.666667    252593.217117        332500.0        690000.0                81.700233                21.120090                78.50000                95.00000                 43.869565                  4.126459                      NaN                      NaN       701333.333333       393055.961036           487500.0           855000.0  217.066667  308.189030     106.00     217.25        26       4         357500.0            367500.0      111.25         0.866667            86.666667
Native Hawaiian or Other Pacific Islander      Female Not Hispanic or Latino           3    441666.666667    102143.689640        405000.0        500000.0                68.250667                24.806864                59.87600                82.50000                 46.000000                  3.464102                     45.0                    48.00       675000.000000       117898.261226           610000.0           725000.0  141.000000   52.115257     114.00     166.00         3       0          95000.0            115000.0       52.00         1.000000           100.000000
Native Hawaiian or Other Pacific Islander        Male     Hispanic or Latino           3    608333.333333    140118.997047        530000.0        665000.0                81.333333                21.361960                73.50000                93.50000                 47.000000                  2.828427                      NaN                      NaN       828333.333333       456216.322958           565000.0           965000.0  129.666667   51.829850     101.50     152.50         2       1         135000.0            400000.0       51.00         0.666667            66.666667
Native Hawaiian or Other Pacific Islander        Male Not Hispanic or Latino           9    528333.333333    205973.299240        365000.0        605000.0                85.765111                19.378020                90.00000                95.00000                 45.500000                  4.037326                      NaN                      NaN       649444.444444       286884.607077           435000.0           675000.0  161.777778   77.898616     108.00     212.00         8       1         240000.0            240000.0      104.00         0.888889            88.888889
                                    White      Female     Hispanic or Latino         146    406506.849315    188241.746499        265000.0        495000.0                80.366377                18.794286                75.00000                95.00000                 44.230159                  3.947987                      NaN                      NaN       525547.945205       236671.694101           357500.0           632500.0  127.582192  142.290027      75.25     150.50       135      11         230000.0            275000.0       75.25         0.924658            92.465753
                                    White      Female Not Hispanic or Latino         336    467708.333333    254713.391269        295000.0        605000.0                70.733963                22.018520                57.86175                85.99000                 43.408511                  4.034458                      NaN                      NaN       712886.904762       387657.333307           435000.0           905000.0  175.142857  153.681053      96.00     199.25       312      24         310000.0            470000.0      103.25         0.928571            92.857143
                                    White        Male     Hispanic or Latino         280    467571.428571    213578.056639        315000.0        585000.0                83.132193                15.235497                80.00000                95.00000                 44.954774                  3.567950                      NaN                      NaN       578714.285714       270848.508378           392500.0           745000.0  162.517857  151.653703      89.75     178.50       254      26         270000.0            352500.0       88.75         0.907143            90.714286
                                    White        Male Not Hispanic or Latino         450    549844.444444    260093.520576        355000.0        725000.0                74.806142                18.656305                65.79875                90.00000                 43.242857                  4.205086                      NaN                      NaN       786266.666667       451220.512612           485000.0           975000.0  217.677778  241.481324     118.00     255.00       419      31         370000.0            490000.0      137.00         0.931111            93.111111