                             derived_race derived_sex      derived_ethnicity  total_apps  avg_loan_amount  std_loan_amount  Q1_loan_amount  Q3_loan_amount  avg_loan_to_value_ratio  std_loan_to_value_ratio  Q1_loan_to_value_ratio  Q3_loan_to_value_ratio  avg_debt_to_income_ratio  std_debt_to_income_ratio  Q1_debt_to_income_ratio  Q3_debt_to_income_ratio  avg_property_value  std_property_value  Q1_property_value  Q3_property_value  avg_income  std_income  Q1_income  Q3_income  accepted  denied  iqr_loan_amount  iqr_property_value  iqr_income  acceptance_rate  acceptance_rate_pct
                 2 or more minority races      Female     Hispanic or Latino           2    445000.000000    197989.898732        375000.0        515000.0                79.750000                24.395184                71.12500                88.37500                 43.500000                  7.778175                    40.75                    46.25        5.450000e+05        84852.813742           515000.0           575000.0  133.000000   87.681241     102.00     164.00         2       0         140000.0             60000.0       62.00         1.000000           100.000000
                 2 or more minority races      Female Not Hispanic or Latino           2    560000.000000    219203.102168        482500.0        637500.0                91.550000                 4.879037                89.82500                93.27500                 47.000000                       NaN                      NaN                      NaN        6.050000e+05       197989.898732           535000.0           675000.0  148.500000   16.263456     142.75     154.25         2       0         155000.0            140000.0       11.50         1.000000           100.000000
                 2 or more minority races        Male     Hispanic or Latino           1    295000.000000              NaN        295000.0        295000.0                90.000000                      NaN                90.00000                90.00000                 40.000000                       NaN                    40.00                    40.00        3.350000e+05                 NaN           335000.0           335000.0   84.000000         NaN      84.00      84.00         1       0              0.0                 0.0        0.00         1.000000           100.000000
                 2 or more minority races        Male Not Hispanic or Latino           2    590000.000000    275771.644663        492500.0        687500.0                87.500000                10.606602                83.75000                91.25000                 46.000000                  4.242641                    44.50                    47.50        6.650000e+05       240416.305603           580000.0           750000.0  143.500000   88.388348     112.25     174.75         2       0         195000.0            170000.0       62.50         1.000000           100.000000
         American Indian or Alaska Native      Female     Hispanic or Latino           5    225000.000000     55677.643628        185000.0        255000.0                74.797460                29.556932                50.49500                93.00000                 48.500000                  0.707107                      NaN                      NaN        3.570000e+05       134424.700111           275000.0           485000.0   83.600000   66.130931      43.00      73.00         4       1          70000.0            210000.0       30.00         0.800000            80.000000
         American Indian or Alaska Native      Female Not Hispanic or Latino           2    440000.000000     91923.881554        407500.0        472500.0                48.500000                30.405592                37.75000                59.25000                 47.000000                       NaN                      NaN                      NaN        1.220000e+06       968736.290226           877500.0          1562500.0   45.500000   64.346717      22.75      68.25         1       1          65000.0            685000.0       45.50         0.500000            50.000000
         American Indian or Alaska Native        Male     Hispanic or Latino           5    337000.000000    229717.217465        145000.0        485000.0                84.716000                14.442482                80.00000                95.00000                 45.000000                  2.828427                      NaN                      NaN        3.970000e+05       272800.293255           235000.0           515000.0  132.800000   33.752037     114.00     148.00         3       2         340000.0            280000.0       34.00         0.600000            60.000000
         American Indian or Alaska Native        Male Not Hispanic or Latino           1    975000.000000              NaN        975000.0        975000.0                80.000000                      NaN                80.00000                80.00000                       NaN                       NaN                      NaN                      NaN        1.215000e+06                 NaN          1215000.0          1215000.0  410.000000         NaN     410.00     410.00         1       0              0.0                 0.0        0.00         1.000000           100.000000
                                    Asian      Female     Hispanic or Latino           3    425000.000000    225166.604984        360000.0        555000.0                80.820000                26.311541                72.73000                96.00000                 48.000000                       NaN                      NaN                      NaN        6.183333e+05       460904.907040           380000.0           840000.0  424.000000  618.737424      69.00     636.00         2       1         195000.0            460000.0      567.00         0.666667            66.666667
                                    Asian      Female Not Hispanic or Latino         222    550585.585586    222816.949747        395000.0        695000.0                73.891824                18.569509                67.67000                86.92500                 43.765060                  3.929560                      NaN                      NaN        7.945045e+05       431758.717894           565000.0           950000.0  171.009009   77.645382     118.25     210.00       204      18         300000.0            385000.0       91.75         0.918919            91.891892
                                    Asian        Male     Hispanic or Latino           8    573750.000000    310319.535778        390000.0        762500.0                67.653875                21.753648                55.41450                80.00000                 45.000000                  3.535534                      NaN                      NaN        8.287500e+05       297222.259309           600000.0           980000.0  181.875000   68.143625     135.75     237.00         8       0         372500.0            380000.0      101.25         1.000000           100.000000
                                    Asian        Male Not Hispanic or Latino         385    618740.259740    238886.381346        435000.0        765000.0                73.895922                16.358104                65.21700                83.31300                 43.671280                  3.987729                      NaN                      NaN        8.817792e+05       393666.678465           585000.0          1085000.0  207.737662  192.993176     124.00     230.00       362      23         330000.0            500000.0      106.00         0.940260            94.025974
                Black or African American      Female     Hispanic or Latino           2    215000.000000    268700.576851        120000.0        310000.0                97.500000                 3.535534                96.25000                98.75000                 37.000000                       NaN                      NaN                      NaN        5.350000e+05       155563.491861           480000.0           590000.0  176.500000   17.677670     170.25     182.75         1       1         190000.0            110000.0       12.50         0.500000            50.000000
                Black or African American      Female Not Hispanic or Latino          51    463823.529412    200266.293308        315000.0        590000.0                85.791098                14.561796                80.00000                95.83350                 44.692308                  2.839142                      NaN                      NaN        5.871569e+05       227273.524419           430000.0           700000.0  149.921569   74.688645     111.00     172.50        44       7         275000.0            270000.0       61.50         0.862745            86.274510
                Black or African American        Male     Hispanic or Latino           2    745000.000000     14142.135624        740000.0        750000.0                69.037500                12.780955                64.51875                73.55625                 47.000000                       NaN                      NaN                      NaN        1.095000e+06       226274.169980          1015000.0          1175000.0  244.500000   94.045202     211.25     277.75         1       1          10000.0            160000.0       66.50         0.500000            50.000000
                Black or African American        Male Not Hispanic or Latino          30    511666.666667    235083.746389        375000.0        652500.0                88.240267                14.433744                80.00000                95.00000                 44.913043                  3.260132                      NaN                      NaN        6.010000e+05       273200.696722           432500.0           742500.0  173.466667  106.630439     101.25     199.50        27       3         277500.0            310000.0       98.25         0.900000            90.000000
Native Hawaiian or Other Pacific Islander      Female Not Hispanic or Latino           2    450000.000000     21213.203436        442500.0        457500.0                78.581500                 5.065006                76.79075                80.37225                 44.000000                       NaN                      NaN                      NaN        5.700000e+05         7071.067812           567500.0           572500.0  174.500000   20.506097     167.25     181.75         2       0          15000.0              5000.0       14.50         1.000000           100.000000
Native Hawaiian or Other Pacific Islander        Male Not Hispanic or Latino           2    590000.000000     35355.339059        577500.0        602500.0                73.965500                 5.608064                71.98275                75.94825                 44.500000                  3.535534                    43.25                    45.75        8.000000e+05       106066.017178           762500.0           837500.0  159.500000    0.707107     159.25     159.75         2       0          25000.0             75000.0        0.50         1.000000           100.000000
                                    White      Female     Hispanic or Latino         159    439339.622642    202895.272299        285000.0        565000.0                80.184157                18.981511                75.00000                95.00000                 44.175573                  3.879891                      NaN                      NaN        5.704717e+05       278696.554990           370000.0           700000.0  137.000000  106.961072      83.00     156.00       139      20         280000.0            330000.0       73.00         0.874214            87.421384
                                    White      Female Not Hispanic or Latino         379    486741.424802    252263.041202        305000.0        645000.0                71.391892                20.369866                60.00000                85.27000                 43.507692                  4.060824                      NaN                      NaN        7.250264e+05       390722.772585           460000.0           895000.0  167.889182  115.242158      93.50     219.00       350      29         340000.0            435000.0      125.50         0.923483            92.348285
                                    White        Male     Hispanic or Latino         271    467029.520295    217405.439332        325000.0        605000.0                81.081930                16.156919                75.45200                95.00000                 44.413793                  3.897982                      NaN                      NaN        5.954428e+05       284899.897062           395000.0           735000.0  156.295203  125.323676      89.00     174.00       250      21         280000.0            340000.0       85.00         0.922509            92.250923
                                    White        Male Not Hispanic or Latino         464    565474.137931    266457.018564        365000.0        735000.0                75.911110                17.664373                69.88500                90.00000                 43.728435                  4.108277                      NaN                      NaN        7.918319e+05       422092.501321           505000.0           967500.0  236.002155  582.997618     114.75     254.75       438      26         370000.0            462500.0      140.00         0.943966            94.396552