                             derived_race derived_sex      derived_ethnicity  total_apps  avg_loan_amount  std_loan_amount  Q1_loan_amount  Q3_loan_amount  avg_loan_to_value_ratio  std_loan_to_value_ratio  Q1_loan_to_value_ratio  Q3_loan_to_value_ratio  avg_debt_to_income_ratio  std_debt_to_income_ratio  Q1_debt_to_income_ratio  Q3_debt_to_income_ratio  avg_property_value  std_property_value  Q1_property_value  Q3_property_value  avg_income  std_income  Q1_income  Q3_income  accepted  denied  iqr_loan_amount  iqr_property_value  iqr_income  acceptance_rate  acceptance_rate_pct
                 2 or more minority races      Female     Hispanic or Latino           3    575000.000000     45825.756950        555000.0        600000.0                90.666667                 9.291573                87.50000                 96.0000                 41.000000                  4.242641                      NaN                      NaN       641666.666667       109696.551146           580000.0           685000.0  163.000000   34.770677     147.00     181.50         3       0          45000.0            105000.0       34.50         1.000000           100.000000
                 2 or more minority races      Female Not Hispanic or Latino           5    503000.000000    158335.087710        415000.0        525000.0                80.628800                 9.034210                78.14400                 80.0000                 44.333333                  1.527525                      NaN                      NaN       629000.000000       221540.064097           505000.0           755000.0  145.600000   60.751955     110.00     185.00         4       1         110000.0            250000.0       75.00         0.800000            80.000000
                 2 or more minority races        Male Not Hispanic or Latino           4    697500.000000    298593.927154        507500.0        820000.0                84.687500                14.766763                76.75000                 92.9375                 42.250000                  4.031129                    39.75                    43.50       850000.000000       395347.948015           707500.0           947500.0  184.000000   97.642204     122.50     209.00         4       0         312500.0            240000.0       86.50         1.000000           100.000000
         American Indian or Alaska Native      Female     Hispanic or Latino           4    322500.000000    179698.822107        207500.0        400000.0                69.816000                16.105572                66.37100                 80.0000                 42.666667                  3.055050                      NaN                      NaN       442500.000000       192591.969372           312500.0           525000.0  132.500000   94.200142      64.75     170.75         4       0         192500.0            212500.0      106.00         1.000000           100.000000
         American Indian or Alaska Native      Female Not Hispanic or Latino           5    471000.000000    170967.833232        475000.0        515000.0                70.402400                32.891270                46.98800                 97.0000                 37.000000                       NaN                      NaN                      NaN       833000.000000       624555.842179           485000.0           865000.0  122.000000   90.947787      86.00     143.00         3       2          40000.0            380000.0       57.00         0.600000            60.000000
         American Indian or Alaska Native        Male     Hispanic or Latino          15    433000.000000    214848.784032        275000.0        515000.0                75.298267                20.508770                64.29100                 92.3185                 46.300000                  2.406011                      NaN                      NaN       569666.666667       235155.470355           445000.0           665000.0  163.666667  104.094508     103.50     197.50        13       2         240000.0            220000.0       94.00         0.866667            86.666667
         American Indian or Alaska Native        Male Not Hispanic or Latino           5    343000.000000    347591.714516        125000.0        405000.0                71.095200                14.700929                65.47600                 75.0000                 48.000000                       NaN                      NaN                      NaN       459000.000000       448698.116778           185000.0           455000.0  132.400000  136.891563      63.00      86.00         5       0         280000.0            270000.0       23.00         1.000000           100.000000
                                    Asian      Female     Hispanic or Latino           4    455000.000000    141421.356237        395000.0        525000.0                58.835500                24.501277                38.74300                 80.0000                 43.000000                  6.000000                      NaN                      NaN       897500.000000       457046.678871           657500.0          1165000.0  145.250000   51.700258     141.50     171.75         4       0         130000.0            507500.0       30.25         1.000000           100.000000
                                    Asian      Female Not Hispanic or Latino         213    535657.276995    192771.592056        415000.0        655000.0                70.592990                19.676600                60.00000                 84.2990                 43.422078                  3.979987                      NaN                      NaN       826314.553991       374401.610151           575000.0           955000.0  175.535211   91.194510     117.00     212.00       199      14         240000.0            380000.0       95.00         0.934272            93.427230
                                    Asian        Male     Hispanic or Latino          14    625714.285714    214994.249859        502500.0        745000.0                78.640571                15.994710                79.27250                 89.9675                 41.666667                  3.674235                      NaN                      NaN       829285.714286       292777.528712           715000.0          1062500.0  191.785714   68.524200     155.50     252.50        14       0         242500.0            347500.0       97.00         1.000000           100.000000
                                    Asian        Male Not Hispanic or Latino         391    630421.994885    233912.680239        455000.0        765000.0                74.039954                17.034139                66.18400                 85.0000                 43.525597                  4.154985                      NaN                      NaN       892007.672634       389112.728301           620000.0          1085000.0  207.578005  146.861014     135.50     244.00       368      23         310000.0            465000.0      108.50         0.941176            94.117647
                Black or African American      Female Not Hispanic or Latino          40    467000.000000    221338.585047        352500.0        527500.0                83.139575                20.433796                79.38200                 97.0000                 43.542857                  3.806673                      NaN                      NaN       611750.000000       263880.193289           455000.0           750000.0  141.525000   66.308134      98.75     187.75        37       3         175000.0            295000.0       89.00         0.925000            92.500000
                Black or African American        Male     Hispanic or Latino           4    365000.000000    113431.330181        292500.0        417500.0                89.250000                10.750969                80.00000                 97.7500                 43.500000                  4.932883                    40.25                    46.75       442500.000000       162147.052599           347500.0           525000.0   95.500000   19.485037      87.50      99.00         3       1         125000.0            177500.0       11.50         0.750000            75.000000
                Black or African American        Male Not Hispanic or Latino          22    499090.909091    243401.668635        330000.0        730000.0                80.613045                24.124974                80.00000                 95.0000                 45.266667                  3.750556                      NaN                      NaN       755000.000000       767196.504287           395000.0           775000.0  155.909091   85.010873     100.25     186.50        18       4         400000.0            380000.0       86.25         0.818182            81.818182
Native Hawaiian or Other Pacific Islander      Female     Hispanic or Latino           1    345000.000000              NaN        345000.0        345000.0                98.000000                      NaN                98.00000                 98.0000                       NaN                       NaN                      NaN                      NaN       365000.000000                 NaN           365000.0           365000.0  102.000000         NaN     102.00     102.00         0       1              0.0                 0.0        0.00         0.000000             0.000000
Native Hawaiian or Other Pacific Islander      Female Not Hispanic or Latino           5    471000.000000    174441.967428        355000.0        635000.0                91.000000                10.839742                80.00000                 95.0000                 44.666667                  5.773503                      NaN                      NaN       543000.000000       199924.985932           395000.0           725000.0  148.400000   23.744473     143.00     163.00         4       1         280000.0            330000.0       20.00         0.800000            80.000000
Native Hawaiian or Other Pacific Islander        Male     Hispanic or Latino           1    265000.000000              NaN        265000.0        265000.0               100.000000                      NaN               100.00000                100.0000                       NaN                       NaN                      NaN                      NaN       265000.000000                 NaN           265000.0           265000.0   73.000000         NaN      73.00      73.00         0       1              0.0                 0.0        0.00         0.000000             0.000000
Native Hawaiian or Other Pacific Islander        Male Not Hispanic or Latino           2    495000.000000     98994.949366        460000.0        530000.0                93.500000                 4.949747                91.75000                 95.2500                 48.500000                  0.707107                    48.25                    48.75       525000.000000        84852.813742           495000.0           555000.0  137.000000   18.384776     130.50     143.50         2       0          70000.0             60000.0       13.00         1.000000           100.000000
                                    White      Female     Hispanic or Latino         175    440428.571429    190277.215449        320000.0        565000.0                82.440300                17.777465                78.04000                 95.0000                 43.632812                  4.003682                      NaN                      NaN       560657.142857       247983.817471           405000.0           685000.0  147.960000  151.568518      87.00     159.00       155      20         245000.0            280000.0       72.00         0.885714            88.571429
                                    White      Female Not Hispanic or Latino         366    484508.196721    238595.843729        305000.0        632500.0                70.517432                20.827832                55.05375                 85.0000                 44.446640                  3.866076                      NaN                      NaN       727513.661202       352645.141329           475000.0           905000.0  174.010929  178.449240      99.25     196.00       341      25         327500.0            430000.0       96.75         0.931694            93.169399
                                    White        Male     Hispanic or Latino         269    455148.698885    199729.238848        325000.0        575000.0                82.373204                16.778453                79.98100                 95.0000                 44.557214                  3.889468                      NaN                      NaN       572620.817844       237887.761408           405000.0           705000.0  166.684015  228.194226      91.00     189.00       245      24         250000.0            300000.0       98.00         0.910781            91.078067
                                    White        Male Not Hispanic or Latino         452    526238.938053    245154.850357        342500.0        697500.0                72.853254                19.680670                61.86650                 88.0000                 43.335443                  4.044374                      NaN                      NaN       783185.840708       487664.947112           485000.0           965000.0  193.103982  143.513391     112.75     219.00       426      26         355000.0            480000.0      106.25         0.942478            94.247788