                             derived_race derived_sex      derived_ethnicity  total_apps  avg_loan_amount  std_loan_amount  Q1_loan_amount  Q3_loan_amount  avg_loan_to_value_ratio  std_loan_to_value_ratio  Q1_loan_to_value_ratio  Q3_loan_to_value_ratio  avg_debt_to_income_ratio  std_debt_to_income_ratio  Q1_debt_to_income_ratio  Q3_debt_to_income_ratio  avg_property_value  std_property_value  Q1_property_value  Q3_property_value  avg_income  std_income  Q1_income  Q3_income  accepted  denied  iqr_loan_amount  iqr_property_value  iqr_income  acceptance_rate  acceptance_rate_pct
                 2 or more minority races      Female Not Hispanic or Latino           2    440000.000000    176776.695297        377500.0        502500.0                96.000000                 1.414214                95.50000                96.50000                 42.500000                  3.535534                    41.25                    43.75       610000.000000        21213.203436           602500.0           617500.0  115.000000   14.142136     110.00     120.00         2       0         125000.0             15000.0       10.00         1.000000           100.000000
                 2 or more minority races        Male Not Hispanic or Latino           2    775000.000000     14142.135624        770000.0        780000.0                92.065000                 4.150717                90.59750                93.53250                 42.000000                  1.414214                    41.50                    42.50       850000.000000        21213.203436           842500.0           857500.0  235.500000   41.719300     220.75     250.25         2       0          10000.0             15000.0       29.50         1.000000           100.000000
         American Indian or Alaska Native      Female     Hispanic or Latino           6    351666.666667     58878.405776        320000.0        367500.0                82.301500                13.060902                73.84225                92.49500                 39.500000                  2.121320                      NaN                      NaN       436666.666667        93255.920277           397500.0           487500.0  137.500000   74.824461      86.25     171.00         5       1          47500.0             90000.0       84.75         0.833333            83.333333
         American Indian or Alaska Native      Female Not Hispanic or Latino           1    535000.000000              NaN        535000.0        535000.0                78.983000                      NaN                78.98300                78.98300                       NaN                       NaN                      NaN                      NaN       675000.000000                 NaN           675000.0           675000.0  540.000000         NaN     540.00     540.00         1       0              0.0                 0.0        0.00         1.000000           100.000000
         American Indian or Alaska Native        Male     Hispanic or Latino          10    592000.000000    186252.516762        425000.0        750000.0                79.683300                18.225748                79.25000                87.50000                 41.666667                  3.829708                      NaN                      NaN       844000.000000       560920.869840           505000.0           947500.0  208.700000  132.258207     106.00     284.00         5       5         325000.0            442500.0      178.00         0.500000            50.000000
         American Indian or Alaska Native        Male Not Hispanic or Latino           4    527500.000000    199394.918023        360000.0        697500.0                86.198000                15.085990                79.03275                87.16525                 43.666667                  5.773503                      NaN                      NaN       607500.000000       196532.440070           462500.0           695000.0  141.250000   56.316812     106.25     166.50         3       1         337500.0            232500.0       60.25         0.750000            75.000000
                                    Asian      Female     Hispanic or Latino           8    563750.000000    161637.822660        472500.0        587500.0                81.847500                12.566522                78.75000                91.25000                 45.333333                  3.386247                      NaN                      NaN       693750.000000       199387.454828           590000.0           710000.0  182.500000   97.228744     130.75     187.50         7       1         115000.0            120000.0       56.75         0.875000            87.500000
                                    Asian      Female Not Hispanic or Latino         198    558181.818182    246663.990349        375000.0        695000.0                70.506369                17.810379                60.00000                80.00000                 43.412162                  4.481146                      NaN                      NaN       830959.595960       393515.766212           565000.0           982500.0  187.813131  173.527717     116.00     208.50       181      17         320000.0            417500.0       92.50         0.914141            91.414141
                                    Asian        Male     Hispanic or Latino           8    528750.000000    210369.572759        400000.0        652500.0                83.303750                11.319558                77.50000                91.25000                 47.200000                  2.683282                      NaN                      NaN       661250.000000       319371.592797           490000.0           862500.0  157.125000   64.045603     105.75     205.25         6       2         252500.0            372500.0       99.50         0.750000            75.000000
                                    Asian        Male Not Hispanic or Latino         365    623082.191781    240552.577780        445000.0        765000.0                74.237049                17.003593                67.93000                85.00000                 44.003906                  4.080079                      NaN                      NaN       888260.273973       418686.526349           615000.0          1065000.0  206.284932  118.784461     139.00     243.00       345      20         320000.0            450000.0      104.00         0.945205            94.520548
                Black or African American      Female     Hispanic or Latino           3    451666.666667    340196.021925        285000.0        625000.0                81.000000                13.527749                74.00000                87.50000                 48.000000                  1.414214                      NaN                      NaN       518333.333333       344867.124170           365000.0           705000.0  150.666667  118.896313      83.00     194.50         3       0         340000.0            340000.0      111.50         1.000000           100.000000
                Black or African American      Female Not Hispanic or Latino          56    536250.000000    253965.369865        360000.0        677500.0                84.989339                18.222107                80.00000                95.00000                 44.289474                  4.361427                      NaN                      NaN       673750.000000       318045.522756           447500.0           805000.0  165.964286   95.239977     107.50     195.00        49       7         317500.0            357500.0       87.50         0.875000            87.500000
                Black or African American        Male     Hispanic or Latino           4    490000.000000     78528.126596        435000.0        545000.0                87.510750                15.828915                82.26725                97.75000                 44.500000                  3.696846                    43.00                    46.00       580000.000000       172143.351116           462500.0           637500.0  112.000000   13.638182     109.25     119.75         4       0         110000.0            175000.0       10.50         1.000000           100.000000
                Black or African American        Male Not Hispanic or Latino          28    535357.142857    269216.725897        347500.0        682500.0                89.832964                11.715838                80.00000                97.54425                 44.437500                  3.932239                      NaN                      NaN       608928.571429       302597.878695           395000.0           827500.0  172.535714   95.838399     118.00     176.00        22       6         335000.0            432500.0       58.00         0.785714            78.571429
Native Hawaiian or Other Pacific Islander      Female Not Hispanic or Latino           1    355000.000000              NaN        355000.0        355000.0                52.000000                      NaN                52.00000                52.00000                 42.000000                       NaN                    42.00                    42.00       675000.000000                 NaN           675000.0           675000.0  106.000000         NaN     106.00     106.00         1       0              0.0                 0.0        0.00         1.000000           100.000000
Native Hawaiian or Other Pacific Islander        Male     Hispanic or Latino           1    305000.000000              NaN        305000.0        305000.0                90.000000                      NaN                90.00000                90.00000                 47.000000                       NaN                    47.00                    47.00       345000.000000                 NaN           345000.0           345000.0  125.000000         NaN     125.00     125.00         1       0              0.0                 0.0        0.00         1.000000           100.000000
Native Hawaiian or Other Pacific Islander        Male Not Hispanic or Latino           2    500000.000000    205060.966544        427500.0        572500.0                71.010000                33.926983                59.01500                83.00500                 41.000000                  1.414214                    40.50                    41.50       715000.000000        56568.542495           695000.0           735000.0  191.000000  132.936075     144.00     238.00         2       0         145000.0             40000.0       94.00         1.000000           100.000000
                                    White      Female     Hispanic or Latino         188    430000.000000    177533.607574        295000.0        535000.0                79.740764                19.129568                75.00000                95.00000                 44.897436                  3.594224                      NaN                      NaN       568989.361702       233857.536718           435000.0           677500.0  149.292553  273.404334      81.75     150.25       170      18         240000.0            242500.0       68.50         0.904255            90.425532
                                    White      Female Not Hispanic or Latino         343    505553.935860    245554.598163        325000.0        665000.0                73.107791                19.729916                61.57900                85.00000                 43.731405                  4.216910                      NaN                      NaN       738265.306122       369454.089358           475000.0           915000.0  180.577259  137.022128     104.50     217.00       319      24         340000.0            440000.0      112.50         0.930029            93.002915
                                    White        Male     Hispanic or Latino         293    465648.464164    207156.026101        315000.0        605000.0                83.933564                15.258998                80.00000                95.00000                 44.468750                  3.893067                      NaN                      NaN       584453.924915       270221.323723           395000.0           735000.0  154.221843  133.092132      89.00     175.00       264      29         290000.0            340000.0       86.00         0.901024            90.102389
                                    White        Male Not Hispanic or Latino         477    549004.192872    262639.526711        345000.0        715000.0                74.044162                18.576383                65.38000                87.24000                 43.743590                  4.000598                      NaN                      NaN       781624.737945       420379.145165           505000.0           975000.0  205.289308  168.928569     113.00     244.00       450      27         370000.0            470000.0      131.00         0.943396            94.339623