                             derived_race derived_sex      derived_ethnicity  total_apps  avg_loan_amount  std_loan_amount  Q1_loan_amount  Q3_loan_amount  avg_loan_to_value_ratio  std_loan_to_value_ratio  Q1_loan_to_value_ratio  Q3_loan_to_value_ratio  avg_debt_to_income_ratio  std_debt_to_income_ratio  Q1_debt_to_income_ratio  Q3_debt_to_income_ratio  avg_property_value  std_property_value  Q1_property_value  Q3_property_value  avg_income  std_income  Q1_income  Q3_income  accepted  denied  iqr_loan_amount  iqr_property_value  iqr_income  acceptance_rate  acceptance_rate_pct
                 2 or more minority races      Female     Hispanic or Latino           2    570000.000000     21213.203436        562500.0        577500.0                96.000000                 1.414214                 95.5000                 96.5000                 38.000000                       NaN                      NaN                      NaN       595000.000000        14142.135624           590000.0           600000.0  149.500000   64.346717     126.75     172.25         1       1          15000.0             10000.0       45.50         0.500000            50.000000
                 2 or more minority races      Female Not Hispanic or Latino           3    555000.000000    248797.106092        420000.0        665000.0                84.566667                 5.056020                 81.8500                 86.8500                 44.000000                  0.000000                      NaN                      NaN       648333.333333       257746.645630           510000.0           765000.0  141.000000   77.323994      99.50     176.00         3       0         245000.0            255000.0       76.50         1.000000           100.000000
                 2 or more minority races        Male     Hispanic or Latino           1    545000.000000              NaN        545000.0        545000.0                80.000000                      NaN                 80.0000                 80.0000                       NaN                       NaN                      NaN                      NaN       685000.000000                 NaN           685000.0           685000.0  162.000000         NaN     162.00     162.00         1       0              0.0                 0.0        0.00         1.000000           100.000000
                 2 or more minority races        Male Not Hispanic or Latino           4    382500.000000    192072.035098        317500.0        450000.0                90.000000                15.811388                 78.7500                 98.7500                 45.250000                  4.112988                    43.00                    48.25       450000.000000       258263.431403           312500.0           522500.0   96.750000   41.556187      76.00     123.75         3       1         132500.0            210000.0       47.75         0.750000            75.000000
         American Indian or Alaska Native      Female     Hispanic or Latino           7    393571.428571    202519.840298        290000.0        400000.0                77.728286                21.020089                 74.5000                 92.5000                 45.857143                  3.760699                    42.50                    49.00       532142.857143       268310.410142           355000.0           625000.0  116.142857   47.740369      82.50     151.50         6       1         110000.0            270000.0       69.00         0.857143            85.714286
         American Indian or Alaska Native      Female Not Hispanic or Latino           6    413333.333333    404297.745068        122500.0        615000.0                83.166667                15.055453                 72.5000                 93.7500                 45.500000                  0.707107                      NaN                      NaN       576666.666667       475832.603619           227500.0           840000.0  200.000000  166.982634      81.00     260.50         6       0         492500.0            612500.0      179.50         1.000000           100.000000
         American Indian or Alaska Native        Male     Hispanic or Latino          12    564166.666667    165389.805849        480000.0        682500.0                81.165667                18.372150                 80.0000                 95.5000                 44.333333                  3.000000                      NaN                      NaN       724166.666667       216058.002874           567500.0           930000.0  170.916667   88.960112     116.00     183.25        10       2         202500.0            362500.0       67.25         0.833333            83.333333
         American Indian or Alaska Native        Male Not Hispanic or Latino           3    618333.333333    266333.124739        465000.0        705000.0                76.666667                 2.886751                 75.0000                 77.5000                 44.000000                       NaN                      NaN                      NaN       811666.666667       369368.831026           600000.0           940000.0  240.666667  120.736628     173.00     289.00         3       0         240000.0            340000.0      116.00         1.000000           100.000000
                                    Asian      Female     Hispanic or Latino           5    517000.000000    297270.920206        355000.0        575000.0                81.804600                 7.817314                 80.0000                 80.0000                 43.666667                  1.154701                      NaN                      NaN       637000.000000       353015.580393           485000.0           715000.0  253.600000  270.377144      89.00     207.00         5       0         220000.0            230000.0      118.00         1.000000           100.000000
                                    Asian      Female Not Hispanic or Latino         211    571966.824645    227263.836268        400000.0        715000.0                71.735801                19.786761                 60.7955                 83.5325                 43.913043                  3.939212                      NaN                      NaN       838649.289100       358997.878011           605000.0          1000000.0  177.890995  100.251695     116.50     212.50       198      13         315000.0            395000.0       96.00         0.938389            93.838863
                                    Asian        Male     Hispanic or Latino          13    541153.846154    231211.968460        355000.0        765000.0                82.568692                10.554696                 79.0300                 90.0000                 43.714286                  5.707138                      NaN                      NaN       665769.230769       292730.295052           445000.0           855000.0  183.384615  110.418551      96.00     259.00        11       2         410000.0            410000.0      163.00         0.846154            84.615385
                                    Asian        Male Not Hispanic or Latino         343    619227.405248    245305.456216        445000.0        765000.0                71.979571                18.799047                 63.4465                 80.0000                 43.850394                  4.038508                      NaN                      NaN       919460.641399       425109.119871           625000.0          1140000.0  195.688047  128.355701     127.00     229.50       325      18         320000.0            515000.0      102.50         0.947522            94.752187
                Black or African American      Female     Hispanic or Latino           4    362500.000000    254345.565455        250000.0        517500.0                90.347500                10.161186                 86.5975                 96.2500                 41.333333                  5.131601                      NaN                      NaN       567500.000000       107199.191539           515000.0           647500.0  176.750000   33.480094     160.00     183.75         4       0         267500.0            132500.0       23.75         1.000000           100.000000
                Black or African American      Female Not Hispanic or Latino          46    529565.217391    193789.192701        435000.0        692500.0                85.784326                14.819414                 80.0000                 95.0000                 44.235294                  4.127211                      NaN                      NaN       653695.652174       210550.692715           515000.0           822500.0  190.086957  102.348170     126.75     206.75        42       4         257500.0            307500.0       80.00         0.913043            91.304348
                Black or African American        Male     Hispanic or Latino           3    465000.000000     85440.037453        420000.0        505000.0                80.990333                 1.740483                 79.9855                 81.5000                 43.000000                  2.828427                      NaN                      NaN       578333.333333       106926.766216           520000.0           625000.0  138.000000   56.026779     107.00     161.50         3       0          85000.0            105000.0       54.50         1.000000           100.000000
                Black or African American        Male Not Hispanic or Latino          35    508714.285714    214806.146728        355000.0        660000.0                81.635686                18.461479                 76.4110                 94.9985                 43.344828                  3.568472                      NaN                      NaN       642714.285714       254270.417820           515000.0           800000.0  167.800000   95.127716     105.50     212.50        31       4         305000.0            285000.0      107.00         0.885714            88.571429
Native Hawaiian or Other Pacific Islander      Female Not Hispanic or Latino           1    445000.000000              NaN        445000.0        445000.0                95.000000                      NaN                 95.0000                 95.0000                 47.000000                       NaN                    47.00                    47.00       465000.000000                 NaN           465000.0           465000.0   95.000000         NaN      95.00      95.00         0       1              0.0                 0.0        0.00         0.000000             0.000000
Native Hawaiian or Other Pacific Islander        Male     Hispanic or Latino           5    477000.000000    110317.722964        495000.0        525000.0                91.084400                 7.514111                 90.0000                 95.0000                 47.750000                  2.500000                      NaN                      NaN       531000.000000       127593.103262           555000.0           575000.0  103.000000   20.844664      84.00     119.00         4       1          30000.0             20000.0       35.00         0.800000            80.000000
Native Hawaiian or Other Pacific Islander        Male Not Hispanic or Latino           2    595000.000000     70710.678119        570000.0        620000.0                69.508000                14.837929                 64.2620                 74.7540                 44.500000                  0.707107                    44.25                    44.75       860000.000000        77781.745931           832500.0           887500.0  145.000000   21.213203     137.50     152.50         2       0          50000.0             55000.0       15.00         1.000000           100.000000
                                    White      Female     Hispanic or Latino         158    435000.000000    182170.215077        307500.0        542500.0                81.757842                16.679520                 75.0000                 95.0000                 44.503876                  4.000242                      NaN                      NaN       568291.139241       247793.943156           407500.0           685000.0  138.031646   83.465651      90.00     164.75       146      12         235000.0            277500.0       74.75         0.924051            92.405063
                                    White      Female Not Hispanic or Latino         351    478190.883191    237882.481255        305000.0        635000.0                71.030111                20.645510                 58.8600                 85.0000                 43.762846                  4.081399                      NaN                      NaN       714686.609687       374403.394090           465000.0           865000.0  168.376068  136.657051      96.00     204.50       332      19         330000.0            400000.0      108.50         0.945869            94.586895
                                    White        Male     Hispanic or Latino         310    472161.290323    211373.241070        335000.0        612500.0                81.892977                16.730593                 80.0000                 95.0000                 44.436681                  3.802315                      NaN                      NaN       603677.419355       287934.041249           415000.0           745000.0  155.690323  113.029026      90.00     177.75       273      37         277500.0            330000.0       87.75         0.880645            88.064516
                                    White        Male Not Hispanic or Latino         475    554136.842105    247016.570044        375000.0        720000.0                74.537880                22.484023                 64.4150                 85.0000                 43.651235                  3.967979                      NaN                      NaN       797968.421053       440060.684649           505000.0           960000.0  212.503158  204.719107     116.50     235.00       445      30         345000.0            455000.0      118.50         0.936842            93.684211