                             derived_race derived_sex      derived_ethnicity  total_apps  avg_loan_amount  std_loan_amount  Q1_loan_amount  Q3_loan_amount  avg_loan_to_value_ratio  std_loan_to_value_ratio  Q1_loan_to_value_ratio  Q3_loan_to_value_ratio  avg_debt_to_income_ratio  std_debt_to_income_ratio  Q1_debt_to_income_ratio  Q3_debt_to_income_ratio  avg_property_value  std_property_value  Q1_property_value  Q3_property_value  avg_income  std_income  Q1_income  Q3_income  accepted  denied  iqr_loan_amount  iqr_property_value  iqr_income  acceptance_rate  acceptance_rate_pct
                 2 or more minority races      Female Not Hispanic or Latino           2    345000.000000    141421.356237        295000.0        395000.0                87.500000                10.606602                83.75000                91.25000                 46.500000                  3.535534                    45.25                    47.75        3.900000e+05       120208.152802           347500.0           432500.0   85.500000   31.819805      74.25      96.75         2       0         100000.0             85000.0       22.50         1.000000           100.000000
                 2 or more minority races        Male     Hispanic or Latino           4    645000.000000    116332.855777        572500.0        732500.0                83.853250                14.985857                76.08150                94.81525                 44.500000                  3.316625                    43.25                    45.25        7.725000e+05        27537.852736           752500.0           790000.0  173.500000   64.567794     140.50     197.00         4       0         160000.0             37500.0       56.50         1.000000           100.000000
                 2 or more minority races        Male Not Hispanic or Latino           5    681000.000000    228648.201392        505000.0        825000.0                72.345600                26.469095                74.81800                85.00000                 47.333333                  1.154701                      NaN                      NaN        1.039000e+06       378787.539394           835000.0          1205000.0  228.800000   80.834399     175.00     269.00         5       0         320000.0            370000.0       94.00         1.000000           100.000000
         American Indian or Alaska Native      Female     Hispanic or Latino          10    459000.000000    142688.471854        367500.0        555000.0                76.390000                20.360302                72.50000                88.41000                 46.400000                  1.949359                      NaN                      NaN        6.300000e+05       180570.084885           485000.0           787500.0  144.100000   52.468933     104.00     177.75         8       2         187500.0            302500.0       73.75         0.800000            80.000000
         American Indian or Alaska Native      Female Not Hispanic or Latino           7    377857.142857    209261.740866        255000.0        525000.0                91.212143                13.064426                95.00000                95.80250                 45.800000                  5.069517                      NaN                      NaN        4.621429e+05       132125.481483           360000.0           555000.0  174.000000  151.786034      71.50     201.50         7       0         270000.0            195000.0      130.00         1.000000           100.000000
         American Indian or Alaska Native        Male     Hispanic or Latino           8    446250.000000    236729.954650        320000.0        662500.0                75.396125                18.731549                64.79900                91.25000                 41.750000                  3.685557                      NaN                      NaN        5.712500e+05       266829.935138           410000.0           695000.0  202.875000  164.827561      90.00     266.75         7       1         342500.0            285000.0      176.75         0.875000            87.500000
         American Indian or Alaska Native        Male Not Hispanic or Latino           3    625000.000000    192873.015220        555000.0        735000.0                83.283000                 5.817583                79.92450                85.00000                 48.000000                  1.000000                    47.50                    48.50        7.650000e+05       272213.151776           665000.0           920000.0  130.666667   38.798625     118.00     153.00         3       0         180000.0            255000.0       35.00         1.000000           100.000000
                                    Asian      Female     Hispanic or Latino           9    557222.222222    241027.891424        415000.0        585000.0                81.655444                19.686981                75.98000                95.00000                 45.428571                  4.157609                      NaN                      NaN        7.372222e+05       380682.865972           445000.0           975000.0  226.888889  186.747453     102.00     213.00         9       0         170000.0            530000.0      111.00         1.000000           100.000000
                                    Asian      Female Not Hispanic or Latino         210    575380.952381    228483.344841        415000.0        722500.0                72.649233                18.095146                61.35150                85.00000                 43.534591                  4.119696                      NaN                      NaN        8.393810e+05       360724.745782           595000.0           985000.0  179.366667  112.519956     117.25     212.00       200      10         307500.0            390000.0       94.75         0.952381            95.238095
                                    Asian        Male     Hispanic or Latino          14    547142.857143    144710.776348        495000.0        665000.0                83.000429                10.627658                80.00000                90.00000                 44.300000                  5.056349                      NaN                      NaN        6.778571e+05       223896.561675           562500.0           735000.0  146.285714   57.543868     112.25     174.75        13       1         170000.0            172500.0       62.50         0.928571            92.857143
                                    Asian        Male Not Hispanic or Latino         392    631709.183673    226330.987099        485000.0        765000.0                73.863878                16.398815                67.76700                80.00000                 43.750890                  4.003821                      NaN                      NaN        9.024490e+05       401019.318180           645000.0          1095000.0  240.897959  460.701961     136.00     247.00       358      34         280000.0            450000.0      111.00         0.913265            91.326531
                Black or African American      Female     Hispanic or Latino           1    555000.000000              NaN        555000.0        555000.0               100.000000                      NaN               100.00000               100.00000                 42.000000                       NaN                    42.00                    42.00        6.950000e+05                 NaN           695000.0           695000.0  154.000000         NaN     154.00     154.00         1       0              0.0                 0.0        0.00         1.000000           100.000000
                Black or African American      Female Not Hispanic or Latino          46    514565.217391    258318.980433        320000.0        650000.0               122.895196               292.439463                75.11300                95.00000                 43.911765                  3.949435                      NaN                      NaN        6.900000e+05       355401.181765           435000.0           862500.0  155.434783   81.147781      98.75     196.75        43       3         330000.0            427500.0       98.00         0.934783            93.478261
                Black or African American        Male     Hispanic or Latino           1    645000.000000              NaN        645000.0        645000.0                79.556000                      NaN                79.55600                79.55600                 37.000000                       NaN                    37.00                    37.00        8.150000e+05                 NaN           815000.0           815000.0  158.000000         NaN     158.00     158.00         1       0              0.0                 0.0        0.00         1.000000           100.000000
                Black or African American        Male Not Hispanic or Latino          30    544000.000000    185850.329103        430000.0        662500.0                81.705000                13.026653                76.25000                93.48750                 44.250000                  3.820995                      NaN                      NaN        6.906667e+05       270410.713588           517500.0           812500.0  208.366667  159.574755     116.50     211.00        27       3         232500.0            295000.0       94.50         0.900000            90.000000
Native Hawaiian or Other Pacific Islander      Female     Hispanic or Latino           1    225000.000000              NaN        225000.0        225000.0                37.500000                      NaN                37.50000                37.50000                 42.000000                       NaN                    42.00                    42.00        6.050000e+05                 NaN           605000.0           605000.0   66.000000         NaN      66.00      66.00         1       0              0.0                 0.0        0.00         1.000000           100.000000
Native Hawaiian or Other Pacific Islander      Female Not Hispanic or Latino           4    752500.000000    119547.758936        700000.0        822500.0                85.000000                 7.071068                80.00000                87.50000                 42.000000                  4.966555                    38.75                    43.75        8.850000e+05       121928.941054           825000.0           950000.0  194.250000   33.708308     176.00     203.75         4       0         122500.0            125000.0       27.75         1.000000           100.000000
Native Hawaiian or Other Pacific Islander        Male     Hispanic or Latino           3    318333.333333    134288.247190        270000.0        395000.0                66.352667                32.023925                54.53400                84.57550                 38.666667                  3.785939                    36.50                    40.00        4.883333e+05        41633.319989           465000.0           505000.0   82.666667   36.115555      68.50     103.00         2       1         125000.0             40000.0       34.50         0.666667            66.666667
Native Hawaiian or Other Pacific Islander        Male Not Hispanic or Latino           2    440000.000000    219203.102168        362500.0        517500.0                88.500000                12.020815                84.25000                92.75000                 48.000000                  1.414214                    47.50                    48.50        5.200000e+05       318198.051534           407500.0           632500.0  109.500000   10.606602     105.75     113.25         2       0         155000.0            225000.0        7.50         1.000000           100.000000
                                    White      Female     Hispanic or Latino         154    441623.376623    209634.667527        287500.0        565000.0                79.326058                19.332709                75.00000                95.00000                 43.893443                  4.382172                      NaN                      NaN        6.011688e+05       367007.324911           412500.0           705000.0  142.415584  106.638581      86.00     164.00       141      13         277500.0            292500.0       78.00         0.915584            91.558442
                                    White      Female Not Hispanic or Latino         344    499447.674419    245762.305809        332500.0        655000.0                70.907773                20.876201                58.51725                85.00000                 44.274590                  4.067639                      NaN                      NaN        7.438663e+05       409356.523592           482500.0           907500.0  167.299419  115.678202     101.75     198.50       322      22         322500.0            425000.0       96.75         0.936047            93.604651
                                    White        Male     Hispanic or Latino         278    467338.129496    196714.715971        325000.0        605000.0                83.707040                14.650557                80.00000                95.00000                 44.397129                  3.830569                      NaN                      NaN        5.780216e+05       247697.424236           405000.0           715000.0  165.489209  169.559543      85.25     184.00       256      22         280000.0            310000.0       98.75         0.920863            92.086331
                                    White        Male Not Hispanic or Latino         472    548220.338983    265362.409259        345000.0        735000.0                75.715689                17.175618                70.00000                87.70450                 43.786408                  4.009689                      NaN                      NaN        7.650000e+05       402257.958241           465000.0           967500.0  207.646186  165.180117     110.00     252.00       440      32         390000.0            502500.0      142.00         0.932203            93.220339