                             derived_race derived_sex      derived_ethnicity  total_apps  avg_loan_amount  std_loan_amount  Q1_loan_amount  Q3_loan_amount  avg_loan_to_value_ratio  std_loan_to_value_ratio  Q1_loan_to_value_ratio  Q3_loan_to_value_ratio  avg_debt_to_income_ratio  std_debt_to_income_ratio  Q1_debt_to_income_ratio  Q3_debt_to_income_ratio  avg_property_value  std_property_value  Q1_property_value  Q3_property_value  avg_income  std_income  Q1_income  Q3_income  accepted  denied  iqr_loan_amount  iqr_property_value  iqr_income  acceptance_rate  acceptance_rate_pct
                 2 or more minority races      Female Not Hispanic or Latino           2    390000.000000    148492.424049        337500.0        442500.0                92.500000                 3.535534                91.25000                93.75000                 46.500000                  3.535534                    45.25                    47.75       460000.000000       205060.966544           387500.0           532500.0   93.500000   10.606602      89.75      97.25         1       1         105000.0            145000.0        7.50         0.500000            50.000000
                 2 or more minority races        Male     Hispanic or Latino           2    580000.000000    530330.085890        392500.0        767500.0                69.194500                 3.570182                67.93225                70.45675                 39.000000                       NaN                      NaN                      NaN       815000.000000       721248.916810           560000.0          1070000.0  132.500000  154.856385      77.75     187.25         1       1         375000.0            510000.0      109.50         0.500000            50.000000
                 2 or more minority races        Male Not Hispanic or Latino           5    519000.000000    310129.005415        405000.0        615000.0                68.740000                24.613383                66.67000                82.85000                 43.250000                  2.986079                      NaN                      NaN       881000.000000       578688.171643           695000.0          1355000.0  146.400000   60.928647     155.00     175.00         5       0         210000.0            660000.0       20.00         1.000000           100.000000
         American Indian or Alaska Native      Female     Hispanic or Latino           8    405000.000000    158835.044712        310000.0        457500.0                81.133250                24.065528                77.62300                95.00000                 43.800000                  3.962323                      NaN                      NaN       535000.000000       212199.367173           390000.0           650000.0  108.875000   33.425557      94.00     113.50         6       2         147500.0            260000.0       19.50         0.750000            75.000000
         American Indian or Alaska Native      Female Not Hispanic or Latino           4    390000.000000     94339.811321        325000.0        420000.0                72.613000                19.799140                58.70225                84.22575                 43.500000                  3.535534                      NaN                      NaN       560000.000000       151986.841536           537500.0           642500.0  108.500000   14.910846     102.00     115.50         4       0          95000.0            105000.0       13.50         1.000000           100.000000
         American Indian or Alaska Native        Male     Hispanic or Latino          11    388636.363636    146100.836909        300000.0        520000.0                74.481818                21.244476                59.52250                95.00000                 43.714286                  5.056820                      NaN                      NaN       525000.000000       164195.006014           410000.0           630000.0  138.545455   51.348542      92.50     180.50        10       1         220000.0            220000.0       88.00         0.909091            90.909091
         American Indian or Alaska Native        Male Not Hispanic or Latino           3    505000.000000    285832.118559        340000.0        590000.0                90.000000                 5.000000                87.50000                92.50000                 47.333333                  2.886751                    46.50                    49.00       558333.333333       318956.632371           375000.0           665000.0  142.666667  107.769816      80.50     176.00         3       0         250000.0            290000.0       95.50         1.000000           100.000000
                                    Asian      Female     Hispanic or Latino           9    426111.111111    234810.798540        255000.0        505000.0                75.530889                27.038003                58.04000                95.00000                 46.833333                  3.920034                      NaN                      NaN       610555.555556       297746.163330           395000.0           815000.0  114.111111   39.835425      92.00     134.00         8       1         250000.0            420000.0       42.00         0.888889            88.888889
                                    Asian      Female Not Hispanic or Latino         215    548255.813953    211097.719878        415000.0        685000.0                73.473233                17.367487                67.88600                80.00000                 43.660256                  3.739065                      NaN                      NaN       771139.534884       292637.824498           560000.0           910000.0  170.106977   77.820382     118.50     210.00       191      24         270000.0            350000.0       91.50         0.888372            88.837209
                                    Asian        Male     Hispanic or Latino           6    685000.000000    252982.212813        510000.0        765000.0                76.097333                16.172247                64.08250                88.41800                 43.600000                  5.899152                      NaN                      NaN       948333.333333       455265.490309           752500.0           987500.0  161.833333   57.223830     128.75     186.50         4       2         255000.0            235000.0       57.75         0.666667            66.666667
                                    Asian        Male Not Hispanic or Latino         368    625978.260870    237333.322130        465000.0        765000.0                72.365315                17.786034                63.87300                80.00000                 43.447059                  4.006410                      NaN                      NaN       920625.000000       413436.637881           645000.0          1155000.0  211.633152  142.989467     132.00     244.25       335      33         300000.0            510000.0      112.25         0.910326            91.032609
                Black or African American      Female     Hispanic or Latino           4    577500.000000    139612.559129        487500.0        650000.0                85.835000                 8.659613                81.25500                91.25000                 38.666667                  2.516611                      NaN                      NaN       677500.000000       161115.900312           575000.0           802500.0  167.000000   58.120564     127.75     213.25         4       0         162500.0            227500.0       85.50         1.000000           100.000000
                Black or African American      Female Not Hispanic or Latino          36    551944.444444    229220.037075        390000.0        667500.0                80.569194                18.868654                79.75000                95.00000                 43.366667                  4.097799                      NaN                      NaN       718611.111111       297245.956625           535000.0           817500.0  172.944444   80.037114     124.00     219.75        33       3         277500.0            282500.0       95.75         0.916667            91.666667
                Black or African American        Male     Hispanic or Latino           5    633000.000000    133678.719324        495000.0        735000.0                86.998000                 6.707087                80.00000                90.00000                 46.666667                  0.577350                      NaN                      NaN       719000.000000       106911.178087           615000.0           765000.0  202.400000   73.656636     145.00     270.00         5       0         240000.0            150000.0      125.00         1.000000           100.000000
                Black or African American        Male Not Hispanic or Latino          42    488571.428571    236837.099811        287500.0        707500.0                80.916619                22.312752                76.08500                95.00000                 43.033333                  4.222137                      NaN                      NaN       608095.238095       232457.581709           425000.0           735000.0  157.238095   75.713777      97.25     190.25        37       5         420000.0            310000.0       93.00         0.880952            88.095238
Native Hawaiian or Other Pacific Islander      Female     Hispanic or Latino           1    445000.000000              NaN        445000.0        445000.0               100.000000                      NaN               100.00000               100.00000                 48.000000                       NaN                    48.00                    48.00       455000.000000                 NaN           455000.0           455000.0   87.000000         NaN      87.00      87.00         1       0              0.0                 0.0        0.00         1.000000           100.000000
Native Hawaiian or Other Pacific Islander      Female Not Hispanic or Latino           4    392500.000000    155643.824163        362500.0        455000.0                81.882500                20.945976                67.22000                97.16250                 45.500000                  2.645751                    43.75                    46.75       552500.000000       163171.688721           430000.0           672500.0  117.750000   41.435693     104.75     142.50         4       0          92500.0            242500.0       37.75         1.000000           100.000000
Native Hawaiian or Other Pacific Islander        Male Not Hispanic or Latino           4    372500.000000    176894.507169        302500.0        425000.0                68.421000                25.529362                51.36450                84.50000                 46.333333                  3.055050                      NaN                      NaN       612500.000000       294321.253055           545000.0           777500.0  120.250000   61.597484      77.00     164.75         3       1         122500.0            232500.0       87.75         0.750000            75.000000
                                    White      Female     Hispanic or Latino         163    439969.325153    197056.657370        310000.0        535000.0                84.384294                14.316808                80.00000                95.00000                 44.917910                  3.793640                      NaN                      NaN       546840.490798       257433.292963           380000.0           625000.0  130.883436  111.968712      82.50     149.00       143      20         225000.0            245000.0       66.50         0.877301            87.730061
                                    White      Female Not Hispanic or Latino         351    466139.601140    244961.478952        290000.0        615000.0                70.255634                20.977082                59.70300                83.60550                 43.864542                  4.054328                      NaN                      NaN       702692.307692       369722.022101           450000.0           885000.0  162.054131  108.337066      91.00     201.00       328      23         325000.0            435000.0      110.00         0.934473            93.447293
                                    White        Male     Hispanic or Latino         262    474198.473282    221856.773371        317500.0        605000.0                81.274290                17.543959                75.03050                95.00000                 44.233696                  4.388853                      NaN                      NaN       619961.832061       294340.939347           415000.0           752500.0  181.538168  244.203711      96.00     189.00       244      18         287500.0            337500.0       93.00         0.931298            93.129771
                                    White        Male Not Hispanic or Latino         495    544595.959596    244107.559056        360000.0        715000.0                74.608440                17.893925                65.70700                88.78550                 43.559767                  4.076937                      NaN                      NaN       765080.808081       378065.062969           505000.0           965000.0  212.862626  274.190116     113.00     241.00       460      35         355000.0            460000.0      128.00         0.929293            92.929293