                             derived_race derived_sex      derived_ethnicity  total_apps  avg_loan_amount  std_loan_amount  Q1_loan_amount  Q3_loan_amount  avg_loan_to_value_ratio  std_loan_to_value_ratio  Q1_loan_to_value_ratio  Q3_loan_to_value_ratio  avg_debt_to_income_ratio  std_debt_to_income_ratio  Q1_debt_to_income_ratio  Q3_debt_to_income_ratio  avg_property_value  std_property_value  Q1_property_value  Q3_property_value  avg_income  std_income  Q1_income  Q3_income  accepted  denied  iqr_loan_amount  iqr_property_value  iqr_income  acceptance_rate  acceptance_rate_pct
                 2 or more minority races      Female     Hispanic or Latino           2    390000.000000    304055.915910        282500.0        497500.0                90.502000                 7.252087                87.93800                93.06600                 44.500000                  0.707107                    44.25                    44.75       525000.000000       254558.441227           435000.0           615000.0  101.000000   52.325902      82.50     119.50         2       0         215000.0            180000.0       37.00         1.000000           100.000000
                 2 or more minority races        Male     Hispanic or Latino           4    472500.000000    167804.449683        347500.0        605000.0                85.000000                 5.773503                80.00000                90.00000                 40.666667                  0.577350                      NaN                      NaN       562500.000000       199895.806192           425000.0           722500.0  172.000000   74.265290     132.75     211.25         4       0         257500.0            297500.0       78.50         1.000000           100.000000
                 2 or more minority races        Male Not Hispanic or Latino           6    518333.333333    218051.981570        392500.0        702500.0                89.272333                 8.708445                82.48675                96.16250                 44.800000                  5.848077                      NaN                      NaN       616666.666667       289303.761930           452500.0           840000.0  169.833333  111.418879      81.75     228.00         5       1         310000.0            387500.0      146.25         0.833333            83.333333
         American Indian or Alaska Native      Female     Hispanic or Latino           6    565000.000000    314261.037992        355000.0        712500.0                88.016667                 9.345272                82.49750                95.00000                 44.800000                  4.711688                      NaN                      NaN       633333.333333       309801.011404           442500.0           777500.0  174.333333   96.886876      89.25     254.75         6       0         357500.0            335000.0      165.50         1.000000           100.000000
         American Indian or Alaska Native      Female Not Hispanic or Latino           3    541666.666667     47258.156263        515000.0        560000.0                85.000000                 8.660254                80.00000                87.50000                 46.000000                  0.000000                      NaN                      NaN       638333.333333        23094.010768           625000.0           645000.0  160.000000   47.444705     142.50     187.00         3       0          45000.0             20000.0       44.50         1.000000           100.000000
         American Indian or Alaska Native        Male     Hispanic or Latino          13    387307.692308    180515.643189        285000.0        515000.0                81.292923                17.658650                80.00000                91.76200                 43.700000                  4.110961                      NaN                      NaN       533461.538462       349829.628863           325000.0           705000.0  141.769231  104.328131      73.00     151.00        13       0         230000.0            380000.0       78.00         1.000000           100.000000
         American Indian or Alaska Native        Male Not Hispanic or Latino           4    420000.000000    341906.419946        255000.0        500000.0                66.946000                32.180755                61.25000                83.19600                 45.333333                  1.527525                      NaN                      NaN       610000.000000       255929.677841           450000.0           690000.0  196.000000  110.643572     107.00     284.50         3       1         245000.0            240000.0      177.50         0.750000            75.000000
                                    Asian      Female     Hispanic or Latino           8    397500.000000     84978.989000        347500.0        427500.0                79.168750                14.293249                78.05275                89.91750                 44.375000                  3.739270                    41.75                    48.25       516250.000000       126878.738509           445000.0           607500.0  105.250000   21.933341      94.75     117.50         8       0          80000.0            162500.0       22.75         1.000000           100.000000
                                    Asian      Female Not Hispanic or Latino         224    562678.571429    231543.784246        395000.0        705000.0                71.151156                18.116413                61.94950                80.00000                 43.614458                  4.145333                      NaN                      NaN       832232.142857       395280.929381           562500.0           987500.0  177.406250   82.786885     125.25     204.25       214      10         310000.0            425000.0       79.00         0.955357            95.535714
                                    Asian        Male     Hispanic or Latino           5    561000.000000    160872.620418        575000.0        675000.0                88.286000                 8.887574                80.00000                90.00000                 48.000000                  1.000000                      NaN                      NaN       649000.000000       212673.458617           665000.0           745000.0  156.800000   63.645110     139.00     168.00         3       2         100000.0             80000.0       29.00         0.600000            60.000000
                                    Asian        Male Not Hispanic or Latino         373    612104.557641    225368.711765        455000.0        755000.0                73.441764                17.445776                67.83200                80.00000                 43.598540                  3.994428                      NaN                      NaN       885482.573727       394221.408836           605000.0          1055000.0  204.211796  168.185703     127.00     235.00       356      17         300000.0            450000.0      108.00         0.954424            95.442359
                Black or African American      Female     Hispanic or Latino           3    655000.000000    141774.468788        600000.0        735000.0                82.670333                 2.517348                81.50550                84.00550                 45.000000                  1.414214                      NaN                      NaN       788333.333333       153079.500043           730000.0           875000.0  388.333333  439.356727     135.50     532.50         3       0         135000.0            145000.0      397.00         1.000000           100.000000
                Black or African American      Female Not Hispanic or Latino          51    456764.705882    216616.766501        290000.0        640000.0               123.446451               278.813795                72.50000                95.00000                 44.829268                  4.236168                      NaN                      NaN       601666.666667       306846.324186           395000.0           760000.0  138.254902   70.733823      87.50     169.50        45       6         350000.0            365000.0       82.00         0.882353            88.235294
                Black or African American        Male     Hispanic or Latino           5    483000.000000    139355.660093        425000.0        485000.0                80.821000                17.865923                80.00000                95.00000                 43.333333                  0.577350                      NaN                      NaN       671000.000000       392339.139011           475000.0           605000.0  175.000000   42.877733     159.00     192.00         5       0          60000.0            130000.0       33.00         1.000000           100.000000
                Black or African American        Male Not Hispanic or Latino          37    545810.810811    254682.573438        375000.0        705000.0                80.744595                19.627471                80.00000                90.00000                 43.681818                  4.201886                      NaN                      NaN       685270.270270       287957.235313           455000.0           875000.0  166.324324   77.684567     114.00     214.00        29       8         330000.0            420000.0      100.00         0.783784            78.378378
Native Hawaiian or Other Pacific Islander      Female Not Hispanic or Latino           3    271666.666667    102632.028789        215000.0        315000.0                80.000000                 0.000000                80.00000                80.00000                 40.000000                       NaN                      NaN                      NaN       415000.000000       158745.078664           355000.0           505000.0  114.000000   61.220911      82.00     143.00         3       0         100000.0            150000.0       61.00         1.000000           100.000000
Native Hawaiian or Other Pacific Islander        Male     Hispanic or Latino           3    475000.000000    182482.875909        415000.0        580000.0                94.000000                 7.937254                91.00000                98.50000                 49.000000                  0.000000                      NaN                      NaN       515000.000000       226053.091109           420000.0           640000.0  106.000000   28.792360      96.00     122.50         2       1         165000.0            220000.0       26.50         0.666667            66.666667
Native Hawaiian or Other Pacific Islander        Male Not Hispanic or Latino           4    510000.000000    301164.406928        312500.0        757500.0                64.427500                25.529630                52.66500                77.43750                 41.000000                  4.242641                      NaN                      NaN       740000.000000       263122.278292           577500.0           872500.0  166.000000   67.379522     111.50     210.50         3       1         445000.0            295000.0       99.00         0.750000            75.000000
                                    White      Female     Hispanic or Latino         155    446354.838710    222129.824621        295000.0        575000.0                79.422335                19.011392                75.00000                95.00000                 44.849206                  3.790657                      NaN                      NaN       583774.193548       286660.882695           405000.0           705000.0  138.232258   98.438907      76.50     164.00       141      14         280000.0            300000.0       87.50         0.909677            90.967742
                                    White      Female Not Hispanic or Latino         341    472741.935484    256438.051746        285000.0        635000.0                69.770103                21.549331                54.85800                82.81100                 43.600000                  4.043209                      NaN                      NaN       717580.645161       394352.518590           445000.0           875000.0  169.653959  132.292359      99.00     200.00       320      21         350000.0            430000.0      101.00         0.938416            93.841642
                                    White        Male     Hispanic or Latino         268    470223.880597    199839.697623        332500.0        585000.0                81.364866                15.478489                75.00000                95.00000                 44.311475                  3.910570                      NaN                      NaN       598805.970149       265566.442242           425000.0           722500.0  161.854478  245.177665      88.00     182.25       231      37         252500.0            297500.0       94.25         0.861940            86.194030
                                    White        Male Not Hispanic or Latino         482    560435.684647    251437.275986        365000.0        725000.0                73.432408                19.785230                63.28575                89.88975                 43.434783                  4.200256                      NaN                      NaN       825539.419087       439645.623100           525000.0          1005000.0  244.101660  609.504110     116.00     250.00       460      22         360000.0            480000.0      134.00         0.954357            95.435685