                             derived_race derived_sex      derived_ethnicity  total_apps  avg_loan_amount  std_loan_amount  Q1_loan_amount  Q3_loan_amount  avg_loan_to_value_ratio  std_loan_to_value_ratio  Q1_loan_to_value_ratio  Q3_loan_to_value_ratio  avg_debt_to_income_ratio  std_debt_to_income_ratio  Q1_debt_to_income_ratio  Q3_debt_to_income_ratio  avg_property_value  std_property_value  Q1_property_value  Q3_property_value  avg_income  std_income  Q1_income  Q3_income  accepted  denied  iqr_loan_amount  iqr_property_value  iqr_income  acceptance_rate  acceptance_rate_pct
                 2 or more minority races      Female     Hispanic or Latino           1    465000.000000              NaN        465000.0        465000.0                98.697000                      NaN                98.69700                98.69700                       NaN                       NaN                      NaN                      NaN       475000.000000                 NaN           475000.0           475000.0    0.000000         NaN       0.00       0.00         0       1              0.0                 0.0        0.00         0.000000             0.000000
                 2 or more minority races      Female Not Hispanic or Latino           1    595000.000000              NaN        595000.0        595000.0                97.000000                      NaN                97.00000                97.00000                       NaN                       NaN                      NaN                      NaN       615000.000000                 NaN           615000.0           615000.0  114.000000         NaN     114.00     114.00         1       0              0.0                 0.0        0.00         1.000000           100.000000
                 2 or more minority races        Male     Hispanic or Latino           1    105000.000000              NaN        105000.0        105000.0                95.000000                      NaN                95.00000                95.00000                 38.000000                       NaN                     38.0                     38.0       105000.000000                 NaN           105000.0           105000.0   31.000000         NaN      31.00      31.00         1       0              0.0                 0.0        0.00         1.000000           100.000000
                 2 or more minority races        Male Not Hispanic or Latino           4    445000.000000    199666.388425        355000.0        505000.0                78.712000                24.425349                70.94175                95.27025                 43.333333                  6.350853                      NaN                      NaN       560000.000000       126622.799421           487500.0           587500.0  145.000000   47.251102     117.25     176.25         3       1         150000.0            100000.0       59.00         0.750000            75.000000
         American Indian or Alaska Native      Female     Hispanic or Latino           3    485000.000000    202977.831302        395000.0        595000.0                67.396000                27.974589                59.09400                83.54500                 45.666667                  4.041452                     44.5                     48.0       731666.666667        85049.005481           700000.0           780000.0  109.333333   21.007935      99.00     120.00         3       0         200000.0             80000.0       21.00         1.000000           100.000000
         American Indian or Alaska Native      Female Not Hispanic or Latino           5    487000.000000    109635.760589        455000.0        485000.0                79.399000                22.287211                70.51600                89.90000                 45.000000                       NaN                      NaN                      NaN       661000.000000       236283.727751           535000.0           865000.0  248.200000  171.269378     152.00     250.00         4       1          30000.0            330000.0       98.00         0.800000            80.000000
         American Indian or Alaska Native        Male     Hispanic or Latino           7    416428.571429    175729.770901        300000.0        540000.0                80.645714                15.951299                76.50000                90.09250                 45.250000                  4.349329                      NaN                      NaN       539285.714286       265069.622480           390000.0           655000.0  145.857143   51.589497     107.50     183.00         7       0         240000.0            265000.0       75.50         1.000000           100.000000
         American Indian or Alaska Native        Male Not Hispanic or Latino           3    545000.000000    286181.760425        455000.0        710000.0                89.035333                 7.226046                86.05300                93.05300                 46.000000                  2.828427                      NaN                      NaN       628333.333333       355293.306063           495000.0           830000.0  145.333333   81.770003     106.50     188.00         3       0         255000.0            335000.0       81.50         1.000000           100.000000
                                    Asian      Female     Hispanic or Latino           9    436111.111111    174244.400516        335000.0        565000.0                82.606889                17.913426                80.00000                95.00000                 46.857143                  2.193063                      NaN                      NaN       560555.555556       252839.430821           355000.0           705000.0  107.555556   59.785264      82.00     135.00         7       2         230000.0            350000.0       53.00         0.777778            77.777778
                                    Asian      Female Not Hispanic or Latino         224    564955.357143    230904.825322        395000.0        697500.0                70.262161                19.251746                59.77050                80.00000                 44.692308                  3.761632                      NaN                      NaN       877857.142857       520691.896662           595000.0          1037500.0  179.825893  126.816385     117.50     211.00       206      18         302500.0            442500.0       93.50         0.919643            91.964286
                                    Asian        Male     Hispanic or Latino          11    593181.818182    264076.435216        395000.0        710000.0                78.364545                12.481491                68.33500                86.94700                 47.571429                  2.572751                      NaN                      NaN       785909.090909       385861.491871           440000.0           980000.0  150.727273   84.688950     100.50     164.00         9       2         315000.0            540000.0       63.50         0.818182            81.818182
                                    Asian        Male Not Hispanic or Latino         343    640422.740525    243389.285220        465000.0        800000.0                74.040650                16.767415                67.66600                80.00000                 44.200837                  3.817452                      NaN                      NaN       915029.154519       412389.626235           615000.0          1125000.0  225.510204  365.216926     137.50     249.50       328      15         335000.0            510000.0      112.00         0.956268            95.626822
                Black or African American      Female     Hispanic or Latino           3    515000.000000    199248.588452        455000.0        630000.0                86.666667                 7.637626                82.50000                90.00000                 45.500000                  4.949747                      NaN                      NaN       608333.333333       263881.286440           520000.0           760000.0  154.666667   90.781790     105.00     194.00         3       0         175000.0            240000.0       89.00         1.000000           100.000000
                Black or African American      Female Not Hispanic or Latino          43    575000.000000    243662.530093        420000.0        740000.0                83.228233                14.253686                78.84000                93.73800                 43.787879                  4.113678                      NaN                      NaN       710116.279070       307388.168538           500000.0           835000.0  177.930233   91.561428     107.50     224.00        40       3         320000.0            335000.0      116.50         0.930233            93.023256
                Black or African American        Male     Hispanic or Latino           3    411666.666667    100166.528009        360000.0        460000.0                79.875333                25.199041                69.81300                94.00650                 47.000000                  2.828427                      NaN                      NaN       575000.000000       104403.065089           540000.0           635000.0  138.333333   55.608752     107.50     161.50         2       1         100000.0             95000.0       54.00         0.666667            66.666667
                Black or African American        Male Not Hispanic or Latino          39    515256.410256    202880.405262        395000.0        600000.0                80.382572                16.043232                75.00000                93.00350                 43.178571                  4.554636                      NaN                      NaN       660641.025641       282086.165184           485000.0           760000.0  185.692308   99.841494     110.00     232.50        36       3         205000.0            275000.0      122.50         0.923077            92.307692
Native Hawaiian or Other Pacific Islander      Female Not Hispanic or Latino           4    727500.000000    293300.187521        650000.0        897500.0                83.663750                 4.637771                80.00000                86.16375                 40.000000                  2.943920                     38.5                     41.0       867500.000000       351982.480625           737500.0          1070000.0  195.000000   83.817262     151.00     251.00         4       0         247500.0            332500.0      100.00         1.000000           100.000000
Native Hawaiian or Other Pacific Islander        Male Not Hispanic or Latino           5    559000.000000    161647.765218        455000.0        715000.0                85.000000                15.411035                80.00000                95.00000                 43.000000                  2.645751                      NaN                      NaN       671000.000000       205499.391727           575000.0           765000.0  157.400000   39.595454     135.00     176.00         4       1         260000.0            190000.0       41.00         0.800000            80.000000
                                    White      Female     Hispanic or Latino         174    413505.747126    197931.667637        285000.0        522500.0                80.329672                19.294397                75.36775                95.00000                 44.318841                  3.892695                      NaN                      NaN       542586.206897       255431.021954           385000.0           665000.0  160.821839  328.876503      79.25     154.00       158      16         237500.0            280000.0       74.75         0.908046            90.804598
                                    White      Female Not Hispanic or Latino         360    482111.111111    245764.089362        305000.0        635000.0                70.328173                20.704373                57.34800                85.00000                 43.814672                  3.909393                      NaN                      NaN       732083.333333       384965.496048           475000.0           905000.0  172.491667  173.240442      90.75     203.75       340      20         330000.0            430000.0      113.00         0.944444            94.444444
                                    White        Male     Hispanic or Latino         285    464824.561404    219847.027707        305000.0        595000.0                83.750287                16.043473                80.00000                95.00000                 44.431925                  3.638281                      NaN                      NaN       578263.157895       278319.056849           385000.0           715000.0  155.459649  145.003555      90.00     178.00       259      26         290000.0            330000.0       88.00         0.908772            90.877193
                                    White        Male Not Hispanic or Latino         472    553961.864407    249262.143891        355000.0        705000.0                73.436541                19.068224                60.03600                89.82950                 43.638037                  3.844392                      NaN                      NaN       800021.186441       417082.679254           535000.0           995000.0  210.275424  293.981932     118.00     232.75       443      29         350000.0            460000.0      114.75         0.938559            93.855932