                             derived_race derived_sex      derived_ethnicity  total_apps  avg_loan_amount  std_loan_amount  Q1_loan_amount  Q3_loan_amount  avg_loan_to_value_ratio  std_loan_to_value_ratio  Q1_loan_to_value_ratio  Q3_loan_to_value_ratio  avg_debt_to_income_ratio  std_debt_to_income_ratio  Q1_debt_to_income_ratio  Q3_debt_to_income_ratio  avg_property_value  std_property_value  Q1_property_value  Q3_property_value  avg_income  std_income  Q1_income  Q3_income  accepted  denied  iqr_loan_amount  iqr_property_value  iqr_income  acceptance_rate  acceptance_rate_pct
                 2 or more minority races      Female Not Hispanic or Latino           3    615000.000000    374699.879904        405000.0        765000.0                90.666667                 9.291573                87.50000                96.00000                 42.000000                  2.000000                    41.00                    43.00        8.416667e+05       392725.519076           615000.0           960000.0  233.000000  225.175487     103.00     299.00         2       1         360000.0            345000.0      196.00         0.666667            66.666667
                 2 or more minority races        Male     Hispanic or Latino           2    670000.000000    289913.780286        567500.0        772500.0                89.042500                 5.716958                87.02125                91.06375                 47.500000                  0.707107                    47.25                    47.75        7.450000e+05       282842.712475           645000.0           845000.0  188.500000  120.915260     145.75     231.25         2       0         205000.0            200000.0       85.50         1.000000           100.000000
                 2 or more minority races        Male Not Hispanic or Latino           3    798333.333333    285365.263011        690000.0        960000.0                80.666667                 4.041452                78.50000                82.50000                 44.000000                  2.828427                      NaN                      NaN        9.916667e+05       343559.795863           890000.0          1190000.0  308.000000  258.470501     159.50     395.00         3       0         270000.0            300000.0      235.50         1.000000           100.000000
         American Indian or Alaska Native      Female     Hispanic or Latino           6    518333.333333    139666.268894        447500.0        592500.0                89.770000                 9.664647                81.25000                98.65500                 45.000000                  4.195235                    42.00                    48.50        5.966667e+05       201535.770191           485000.0           645000.0  142.500000   51.983651     108.00     154.25         6       0         145000.0            160000.0       46.25         1.000000           100.000000
         American Indian or Alaska Native      Female Not Hispanic or Latino           4    382500.000000    220661.883130        232500.0        475000.0                59.784500                25.207486                43.40600                74.62250                 44.000000                  6.082763                      NaN                      NaN        6.900000e+05       399874.980463           400000.0           880000.0  113.250000   23.963514      98.00     128.75         4       0         242500.0            480000.0       30.75         1.000000           100.000000
         American Indian or Alaska Native        Male     Hispanic or Latino           9    407222.222222    153604.832100        355000.0        465000.0                77.636000                29.988932                80.00000                95.00000                 42.714286                  2.497618                      NaN                      NaN        5.950000e+05       218460.522750           485000.0           665000.0  161.555556   59.091267     141.00     183.00         8       1         110000.0            180000.0       42.00         0.888889            88.888889
         American Indian or Alaska Native        Male Not Hispanic or Latino           1    455000.000000              NaN        455000.0        455000.0                75.000000                      NaN                75.00000                75.00000                 38.000000                       NaN                    38.00                    38.00        6.150000e+05                 NaN           615000.0           615000.0  131.000000         NaN     131.00     131.00         1       0              0.0                 0.0        0.00         1.000000           100.000000
                                    Asian      Female     Hispanic or Latino           3    635000.000000     81853.527719        600000.0        680000.0                84.333333                 5.131601                81.50000                86.50000                 41.000000                       NaN                      NaN                      NaN        7.616667e+05       109696.551146           700000.0           805000.0  220.666667   58.705480     188.50     246.00         3       0          80000.0            105000.0       57.50         1.000000           100.000000
                                    Asian      Female Not Hispanic or Latino         217    560483.870968    210015.147090        415000.0        685000.0                70.441115                18.311057                60.00000                80.00000                 44.049080                  3.929634                      NaN                      NaN        8.485023e+05       400250.721475           625000.0           985000.0  181.506912  102.841487     125.00     208.00       205      12         270000.0            360000.0       83.00         0.944700            94.470046
                                    Asian        Male     Hispanic or Latino          17    513823.529412    222875.591781        375000.0        665000.0                78.944471                19.803465                72.42900                90.00000                 43.307692                  3.816294                      NaN                      NaN        6.644118e+05       317951.855401           495000.0           755000.0  156.529412   59.227440     123.00     165.00        14       3         290000.0            260000.0       42.00         0.823529            82.352941
                                    Asian        Male Not Hispanic or Latino         367    628215.258856    235944.827733        455000.0        765000.0                72.609624                18.281155                61.32000                85.00000                 43.923372                  4.075474                      NaN                      NaN        9.190872e+05       404637.965454           625000.0          1155000.0  204.367847  170.699168     128.50     245.00       338      29         310000.0            530000.0      116.50         0.920981            92.098093
                Black or African American      Female     Hispanic or Latino           3    321666.666667    198578.280115        210000.0        400000.0                46.237667                38.693723                24.35650                61.07850                 45.000000                  6.928203                    43.00                    49.00        8.750000e+05       547448.627727           560000.0          1055000.0  129.666667   56.871200     113.00     162.50         3       0         190000.0            495000.0       49.50         1.000000           100.000000
                Black or African American      Female Not Hispanic or Latino          40    409500.000000    187779.876588        315000.0        510000.0                80.304100                20.297979                69.71775                97.00000                 43.656250                  3.798212                      NaN                      NaN        5.875000e+05       264213.879951           475000.0           675000.0  133.750000   82.330401      93.00     138.75        36       4         195000.0            200000.0       45.75         0.900000            90.000000
                Black or African American        Male     Hispanic or Latino           2    640000.000000    134350.288425        592500.0        687500.0                85.000000                14.142136                80.00000                90.00000                 42.500000                  6.363961                    40.25                    44.75        7.800000e+05       289913.780286           677500.0           882500.0  169.000000    8.485281     166.00     172.00         2       0          95000.0            205000.0        6.00         1.000000           100.000000
                Black or African American        Male Not Hispanic or Latino          37    534459.459459    261766.922895        365000.0        715000.0                81.244027                20.386554                80.00000                95.00000                 43.454545                  4.973523                      NaN                      NaN        7.266216e+05       424941.260735           465000.0           795000.0  206.162162  158.614577     111.00     242.00        33       4         350000.0            330000.0      131.00         0.891892            89.189189
Native Hawaiian or Other Pacific Islander      Female Not Hispanic or Latino           3    518333.333333    150111.069989        475000.0        605000.0                87.674333                 6.815877                85.00000                91.51150                 39.666667                  3.511885                    38.00                    41.50        5.950000e+05       190000.000000           515000.0           700000.0  149.000000   31.953091     136.50     167.00         3       0         130000.0            185000.0       30.50         1.000000           100.000000
Native Hawaiian or Other Pacific Islander        Male Not Hispanic or Latino           3    751666.666667    310214.979221        600000.0        910000.0                68.198000                 8.093074                65.45200                72.84500                 42.500000                  9.192388                      NaN                      NaN        1.078333e+06       345012.077083           905000.0          1250000.0  210.333333   46.875722     193.00     237.00         2       1         310000.0            345000.0       44.00         0.666667            66.666667
                                    White      Female     Hispanic or Latino         164    429329.268293    190166.640187        295000.0        550000.0                80.449723                18.544386                75.00000                95.00000                 44.517986                  3.916432                      NaN                      NaN        5.604878e+05       245722.435255           375000.0           705000.0  128.914634   76.046999      82.75     157.50       153      11         255000.0            330000.0       74.75         0.932927            93.292683
                                    White      Female Not Hispanic or Latino         343    482667.638484    242055.851843        305000.0        625000.0                70.909153                20.768135                57.03250                87.22000                 43.606987                  4.077446                      NaN                      NaN        7.189359e+05       389643.661579           455000.0           875000.0  160.110787   88.605832      94.50     201.50       328      15         320000.0            420000.0      107.00         0.956268            95.626822
                                    White        Male     Hispanic or Latino         286    490839.160839    196949.976741        345000.0        625000.0                84.346727                15.234669                80.00000                95.00000                 44.400966                  3.965702                      NaN                      NaN        6.156993e+05       309070.253411           425000.0           735000.0  162.699301  123.252076      91.25     188.25       255      31         280000.0            310000.0       97.00         0.891608            89.160839
                                    White        Male Not Hispanic or Latino         487    560030.800821    259180.310220        365000.0        735000.0                75.783107                17.143081                70.00000                89.85450                 43.866667                  3.887101                      NaN                      NaN        7.864990e+05       454109.279984           490000.0           955000.0  217.361396  250.737375     113.00     234.50       457      30         370000.0            465000.0      121.50         0.938398            93.839836