                             derived_race derived_sex      derived_ethnicity  total_apps  avg_loan_amount  std_loan_amount  Q1_loan_amount  Q3_loan_amount  avg_loan_to_value_ratio  std_loan_to_value_ratio  Q1_loan_to_value_ratio  Q3_loan_to_value_ratio  avg_debt_to_income_ratio  std_debt_to_income_ratio  Q1_debt_to_income_ratio  Q3_debt_to_income_ratio  avg_property_value  std_property_value  Q1_property_value  Q3_property_value  avg_income  std_income  Q1_income  Q3_income  accepted  denied  iqr_loan_amount  iqr_property_value  iqr_income  acceptance_rate  acceptance_rate_pct
                 2 or more minority races      Female Not Hispanic or Latino           1    315000.000000              NaN        315000.0        315000.0                97.000000                      NaN                 97.0000                 97.0000                 40.000000                       NaN                    40.00                     40.0        6.250000e+05                 NaN           625000.0           625000.0  105.000000         NaN     105.00     105.00         1       0              0.0                 0.0        0.00         1.000000           100.000000
                 2 or more minority races        Male     Hispanic or Latino           1    365000.000000              NaN        365000.0        365000.0                80.000000                      NaN                 80.0000                 80.0000                       NaN                       NaN                      NaN                      NaN        4.550000e+05                 NaN           455000.0           455000.0  195.000000         NaN     195.00     195.00         1       0              0.0                 0.0        0.00         1.000000           100.000000
                 2 or more minority races        Male Not Hispanic or Latino           3    561666.666667    185831.464864        485000.0        665000.0                75.115000                20.908737                 64.6320                 85.5405                 45.000000                  1.732051                    44.00                     45.5        7.350000e+05        85440.037453           695000.0           780000.0  147.000000   44.192760     123.00     166.50         2       1         180000.0             85000.0       43.50         0.666667            66.666667
         American Indian or Alaska Native      Female     Hispanic or Latino           6    546666.666667    299226.781333        417500.0        495000.0                90.675167                 9.183395                 83.7500                 95.7500                 46.500000                  2.428992                    44.75                     48.0        6.083333e+05       309300.285591           462500.0           580000.0  142.333333   93.079894      98.50     128.50         5       1          77500.0            117500.0       30.00         0.833333            83.333333
         American Indian or Alaska Native      Female Not Hispanic or Latino           7    385000.000000    143061.758226        290000.0        485000.0                79.750286                29.258169                 70.0000                 96.0000                 48.000000                       NaN                      NaN                      NaN        6.592857e+05       600384.797244           305000.0           715000.0  171.285714  175.650898      82.00     177.50         5       2         195000.0            410000.0       95.50         0.714286            71.428571
         American Indian or Alaska Native        Male     Hispanic or Latino          11    527727.272727    216152.303207        425000.0        620000.0                81.716091                15.283413                 80.0000                 87.4965                 42.875000                  4.969550                      NaN                      NaN        6.431818e+05       231681.599693           515000.0           740000.0  204.909091  192.763822     128.50     177.00        10       1         195000.0            225000.0       48.50         0.909091            90.909091
                                    Asian      Female     Hispanic or Latino           4    547500.000000    160286.202359        465000.0        567500.0                83.750000                 7.500000                 80.0000                 83.7500                 46.000000                  3.464102                    45.50                     47.5        6.600000e+05       212053.452381           540000.0           690000.0  137.500000   56.382621     107.25     155.25         4       0         102500.0            150000.0       48.00         1.000000           100.000000
                                    Asian      Female Not Hispanic or Latino         225    567800.000000    232303.449947        405000.0        695000.0                71.930163                18.559064                 60.0000                 80.0000                 43.658824                  3.595042                      NaN                      NaN        8.407333e+05       382277.619763           575000.0          1025000.0  176.320000   92.925925     111.00     213.00       208      17         290000.0            450000.0      102.00         0.924444            92.444444
                                    Asian        Male     Hispanic or Latino          13    592692.307692    175601.530278        475000.0        625000.0                79.205538                10.127475                 72.4290                 80.0000                 42.090909                  4.109855                      NaN                      NaN        7.696154e+05       273606.024075           595000.0           865000.0  187.307692   76.063991     124.00     248.00        13       0         150000.0            270000.0      124.00         1.000000           100.000000
                                    Asian        Male Not Hispanic or Latino         372    649838.709677    249047.188736        472500.0        817500.0                73.335016                17.065554                 67.9055                 80.0000                 43.365759                  4.149369                      NaN                      NaN        9.227419e+05       385515.733353           662500.0          1127500.0  226.618280  218.409725     140.00     253.25       347      25         345000.0            465000.0      113.25         0.932796            93.279570
                Black or African American      Female     Hispanic or Latino           6    336666.666667    180822.196278        222500.0        462500.0                93.148333                 7.342480                 91.2500                 97.9175                 45.800000                  4.147288                      NaN                      NaN        3.833333e+05       211321.240453           237500.0           560000.0  101.166667   40.236385      70.00     126.25         4       2         240000.0            322500.0       56.25         0.666667            66.666667
                Black or African American      Female Not Hispanic or Latino          44    480681.818182    187336.256902        362500.0        567500.0                84.200818                16.616185                 80.0000                 95.0000                 45.593750                  3.563791                      NaN                      NaN        6.134091e+05       259471.226005           442500.0           687500.0  158.204545   84.622439      92.50     188.25        36       8         205000.0            245000.0       95.75         0.818182            81.818182
                Black or African American        Male     Hispanic or Latino           5    565000.000000    256027.342290        415000.0        565000.0                80.904600                23.428956                 65.1700                 97.0000                 44.250000                  5.188127                      NaN                      NaN        8.670000e+05       712509.649057           525000.0           715000.0  159.200000   78.260463     114.00     145.00         3       2         150000.0            190000.0       31.00         0.600000            60.000000
                Black or African American        Male Not Hispanic or Latino          26    458076.923077    201311.087241        325000.0        562500.0                83.058846                17.028102                 80.0000                 94.7500                 44.904762                  4.023739                      NaN                      NaN        5.619231e+05       219449.661303           430000.0           642500.0  136.615385   63.784059      92.00     163.75        25       1         237500.0            212500.0       71.75         0.961538            96.153846
Native Hawaiian or Other Pacific Islander      Female Not Hispanic or Latino           1    965000.000000              NaN        965000.0        965000.0                80.000000                      NaN                 80.0000                 80.0000                 37.000000                       NaN                    37.00                     37.0        1.205000e+06                 NaN          1205000.0          1205000.0  278.000000         NaN     278.00     278.00         1       0              0.0                 0.0        0.00         1.000000           100.000000
Native Hawaiian or Other Pacific Islander        Male Not Hispanic or Latino           3    375000.000000     36055.512755        355000.0        390000.0                64.228000                29.242692                 47.8420                 75.9435                 47.000000                  3.464102                    46.00                     49.0        6.483333e+05       205507.501891           550000.0           755000.0  111.666667   40.278199      88.50     125.00         3       0          35000.0            205000.0       36.50         1.000000           100.000000
                                    White      Female     Hispanic or Latino         159    419528.301887    179756.157315        295000.0        515000.0                82.160686                17.951991                 75.0000                 95.0000                 44.866667                  3.617536                      NaN                      NaN        5.336164e+05       228549.299414           380000.0           670000.0  126.691824   83.057320      81.00     150.50       142      17         220000.0            290000.0       69.50         0.893082            89.308176
                                    White      Female Not Hispanic or Latino         362    486160.220994    242573.418690        305000.0        642500.0                71.303492                20.749604                 60.0000                 85.0000                 43.482625                  4.146855                      NaN                      NaN        7.317403e+05       415191.287194           475000.0           895000.0  164.234807  103.197053      97.00     199.75       346      16         337500.0            420000.0      102.75         0.955801            95.580110
                                    White        Male     Hispanic or Latino         280    465642.857143    200935.841735        325000.0        575000.0                84.342136                15.271712                 80.0000                 95.0000                 44.450495                  3.960002                      NaN                      NaN        5.706071e+05       255156.827070           385000.0           725000.0  156.742857  138.865623      89.00     177.00       254      26         250000.0            340000.0       88.00         0.907143            90.714286
                                    White        Male Not Hispanic or Latino         471    562133.757962    257542.521064        375000.0        735000.0                74.343851                19.166899                 65.4010                 89.8440                 43.376761                  4.036357                      NaN                      NaN        8.108174e+05       512717.541370           520000.0          1015000.0  249.770701  605.862672     118.00     253.50       446      25         360000.0            495000.0      135.50         0.946921            94.692144