                             derived_race derived_sex      derived_ethnicity  total_apps  avg_loan_amount  std_loan_amount  Q1_loan_amount  Q3_loan_amount  avg_loan_to_value_ratio  std_loan_to_value_ratio  Q1_loan_to_value_ratio  Q3_loan_to_value_ratio  avg_debt_to_income_ratio  std_debt_to_income_ratio  Q1_debt_to_income_ratio  Q3_debt_to_income_ratio  avg_property_value  std_property_value  Q1_property_value  Q3_property_value  avg_income  std_income  Q1_income  Q3_income  accepted  denied  iqr_loan_amount  iqr_property_value  iqr_income  acceptance_rate  acceptance_rate_pct
                 2 or more minority races      Female     Hispanic or Latino           1    695000.000000              NaN        695000.0        695000.0                90.000000                      NaN                90.00000                90.00000                 40.000000                       NaN                     40.0                     40.0       935000.000000                 NaN           935000.0           935000.0  224.000000         NaN     224.00     224.00         1       0              0.0                 0.0        0.00         1.000000           100.000000
                 2 or more minority races      Female Not Hispanic or Latino           3    518333.333333    285715.476188        370000.0        655000.0                58.720000                15.932206                50.58000                66.50000                       NaN                       NaN                      NaN                      NaN       831666.666667       265769.323537           705000.0           970000.0  104.666667   57.422411      73.00     129.00         2       1         285000.0            265000.0       56.00         0.666667            66.666667
                 2 or more minority races        Male Not Hispanic or Latino           3    691666.666667    237557.010701        555000.0        770000.0                78.996667                11.527794                73.50000                84.99500                 41.000000                  1.414214                      NaN                      NaN       881666.666667       292631.736716           720000.0          1005000.0  206.333333  127.268745     133.00     247.00         3       0         215000.0            285000.0      114.00         1.000000           100.000000
         American Indian or Alaska Native      Female     Hispanic or Latino           5    343000.000000     79183.331579        285000.0        415000.0                84.543600                13.043070                80.00000                89.99400                 43.250000                  2.872281                      NaN                      NaN       441000.000000        60249.481326           405000.0           485000.0   97.600000   32.723081      77.00     131.00         4       1         130000.0             80000.0       54.00         0.800000            80.000000
         American Indian or Alaska Native      Female Not Hispanic or Latino           6    438333.333333    315066.130624        247500.0        670000.0                76.865000                 6.771986                72.98000                78.75000                 44.600000                  5.319774                      NaN                      NaN       640000.000000       516710.750807           327500.0           932500.0  125.666667   67.336964      72.25     183.75         4       2         422500.0            605000.0      111.50         0.666667            66.666667
         American Indian or Alaska Native        Male     Hispanic or Latino           9    431666.666667    253377.189186        355000.0        525000.0                82.184889                31.747528                61.38000                95.00000                 41.600000                  4.037326                      NaN                      NaN       598333.333333       424175.671155           275000.0           855000.0  210.444444  182.288995      90.00     165.00         6       3         170000.0            580000.0       75.00         0.666667            66.666667
         American Indian or Alaska Native        Male Not Hispanic or Latino           1    135000.000000              NaN        135000.0        135000.0                88.235000                      NaN                88.23500                88.23500                       NaN                       NaN                      NaN                      NaN       175000.000000                 NaN           175000.0           175000.0   64.000000         NaN      64.00      64.00         1       0              0.0                 0.0        0.00         1.000000           100.000000
                                    Asian      Female     Hispanic or Latino           7    273571.428571    123211.007548        175000.0        365000.0                65.885286                27.781620                39.87000                85.00000                 45.000000                  4.690416                      NaN                      NaN       505000.000000       274408.454680           345000.0           690000.0   89.714286   45.021159      63.00     107.00         6       1         190000.0            345000.0       44.00         0.857143            85.714286
                                    Asian      Female Not Hispanic or Latino         204    560294.117647    214635.472313        422500.0        695000.0                71.746255                18.718742                60.00000                83.58075                 44.026144                  4.165882                      NaN                      NaN       829901.960784       389558.914641           612500.0           985000.0  185.666667  133.127468     127.00     212.00       190      14         272500.0            372500.0       85.00         0.931373            93.137255
                                    Asian        Male     Hispanic or Latino          12    514166.666667    276519.219563        325000.0        627500.0                82.559500                15.001422                78.75000                92.82500                 45.454545                  3.205110                      NaN                      NaN       645000.000000       337665.784198           472500.0           747500.0  161.833333   83.049638      89.50     218.50        11       1         302500.0            275000.0      129.00         0.916667            91.666667
                                    Asian        Male Not Hispanic or Latino         339    611283.185841    239935.376002        445000.0        760000.0                72.916419                17.921429                67.95750                80.00000                 43.484127                  4.214818                      NaN                      NaN       895619.469027       412583.037765           635000.0          1075000.0  196.457227  121.946396     128.50     232.00       318      21         315000.0            440000.0      103.50         0.938053            93.805310
                Black or African American      Female     Hispanic or Latino           2    685000.000000     98994.949366        650000.0        720000.0                95.000000                 0.000000                95.00000                95.00000                 47.000000                       NaN                      NaN                      NaN       725000.000000        98994.949366           690000.0           760000.0  190.500000   28.991378     180.25     200.75         2       0          70000.0             70000.0       20.50         1.000000           100.000000
                Black or African American      Female Not Hispanic or Latino          46    510869.565217    223045.347526        382500.0        645000.0                80.429370                16.073321                70.43775                95.00000                 43.973684                  4.226601                      NaN                      NaN       661521.739130       254542.879089           515000.0           815000.0  159.695652   82.002675     109.00     190.75        38       8         262500.0            300000.0       81.75         0.826087            82.608696
                Black or African American        Male     Hispanic or Latino           3    741666.666667    186100.331363        655000.0        840000.0                81.000000                 7.937254                76.50000                84.00000                 47.000000                  1.414214                      NaN                      NaN       918333.333333       231588.715902           790000.0          1015000.0  174.666667   69.241125     137.50     206.00         3       0         185000.0            225000.0       68.50         1.000000           100.000000
                Black or African American        Male Not Hispanic or Latino          39    562692.307692    231930.814757        405000.0        680000.0                83.401923                17.835066                80.00000                95.00000                 43.357143                  3.763512                      NaN                      NaN       694230.769231       249793.436931           550000.0           775000.0  188.384615   95.214610     114.00     240.00        33       6         275000.0            225000.0      126.00         0.846154            84.615385
Native Hawaiian or Other Pacific Islander      Female     Hispanic or Latino           1    335000.000000              NaN        335000.0        335000.0                90.000000                      NaN                90.00000                90.00000                 49.000000                       NaN                     49.0                     49.0       365000.000000                 NaN           365000.0           365000.0  143.000000         NaN     143.00     143.00         1       0              0.0                 0.0        0.00         1.000000           100.000000
Native Hawaiian or Other Pacific Islander      Female Not Hispanic or Latino           3    645000.000000    165227.116419        565000.0        730000.0                96.666667                 2.886751                95.00000                97.50000                 43.000000                  4.582576                     40.5                     45.0       681666.666667       175023.807904           595000.0           770000.0  188.666667   16.623277     181.00     197.50         3       0         165000.0            175000.0       16.50         1.000000           100.000000
Native Hawaiian or Other Pacific Islander        Male     Hispanic or Latino           2    545000.000000     70710.678119        520000.0        570000.0                87.500000                 3.535534                86.25000                88.75000                 49.000000                       NaN                      NaN                      NaN       630000.000000       106066.017178           592500.0           667500.0  105.000000   29.698485      94.50     115.50         1       1          50000.0             75000.0       21.00         0.500000            50.000000
Native Hawaiian or Other Pacific Islander        Male Not Hispanic or Latino           1    285000.000000              NaN        285000.0        285000.0                97.000000                      NaN                97.00000                97.00000                 47.000000                       NaN                     47.0                     47.0       295000.000000                 NaN           295000.0           295000.0  102.000000         NaN     102.00     102.00         1       0              0.0                 0.0        0.00         1.000000           100.000000
                                    White      Female     Hispanic or Latino         172    428895.348837    196886.438552        292500.0        555000.0                81.389597                18.710991                75.00000                95.00000                 44.185714                  3.950386                      NaN                      NaN       559069.767442       253549.667128           392500.0           685000.0  139.436047  148.701048      82.00     160.00       152      20         262500.0            292500.0       78.00         0.883721            88.372093
                                    White      Female Not Hispanic or Latino         344    476918.604651    243542.452768        302500.0        607500.0                71.262206                21.015818                59.18200                85.00000                 44.331878                  3.979540                      NaN                      NaN       723459.302326       443810.308776           445000.0           867500.0  176.194767  152.776557      93.75     206.25       327      17         305000.0            422500.0      112.50         0.950581            95.058140
                                    White        Male     Hispanic or Latino         298    459697.986577    204160.618907        305000.0        585000.0                83.969545                13.889556                80.00000                95.00000                 44.216590                  3.894928                      NaN                      NaN       568859.060403       252987.949571           385000.0           705000.0  144.798658   99.722172      90.25     169.00       276      22         280000.0            320000.0       78.75         0.926174            92.617450
                                    White        Male Not Hispanic or Latino         499    565501.002004    255909.962947        370000.0        740000.0                75.352365                22.236864                65.40250                89.98400                 43.904110                  3.992315                      NaN                      NaN       803096.192385       443016.520363           510000.0           985000.0  206.146293  200.695199     119.00     243.50       474      25         370000.0            475000.0      124.50         0.949900            94.989980