                             derived_race derived_sex      derived_ethnicity  total_apps  avg_loan_amount  std_loan_amount  Q1_loan_amount  Q3_loan_amount  avg_loan_to_value_ratio  std_loan_to_value_ratio  Q1_loan_to_value_ratio  Q3_loan_to_value_ratio  avg_debt_to_income_ratio  std_debt_to_income_ratio  Q1_debt_to_income_ratio  Q3_debt_to_income_ratio  avg_property_value  std_property_value  Q1_property_value  Q3_property_value  avg_income  std_income  Q1_income  Q3_income  accepted  denied  iqr_loan_amount  iqr_property_value  iqr_income  acceptance_rate  acceptance_rate_pct
                 2 or more minority races      Female Not Hispanic or Latino           2    465000.000000    494974.746831        290000.0        640000.0                65.000000                14.142136                60.00000                  70.000                       NaN                       NaN                      NaN                      NaN        6.450000e+05       622253.967444           425000.0           865000.0   52.000000    5.656854      50.00      54.00         1       1         350000.0            440000.0        4.00         0.500000            50.000000
                 2 or more minority races        Male     Hispanic or Latino           1    935000.000000              NaN        935000.0        935000.0                90.000000                      NaN                90.00000                  90.000                       NaN                       NaN                      NaN                      NaN        1.245000e+06                 NaN          1245000.0          1245000.0  560.000000         NaN     560.00     560.00         1       0              0.0                 0.0        0.00         1.000000           100.000000
                 2 or more minority races        Male Not Hispanic or Latino           2    350000.000000     63639.610307        327500.0        372500.0                87.500000                10.606602                83.75000                  91.250                 45.500000                  4.949747                    43.75                    47.25        4.050000e+05        28284.271247           395000.0           415000.0  104.000000   24.041631      95.50     112.50         2       0          45000.0             20000.0       17.00         1.000000           100.000000
         American Indian or Alaska Native      Female     Hispanic or Latino           8    337500.000000    173514.099880        207500.0        480000.0                74.782625                24.975455                69.40375                  91.250                 44.833333                  4.167333                      NaN                      NaN        4.787500e+05       210369.572759           322500.0           605000.0  123.000000   35.002041     109.75     146.00         8       0         272500.0            282500.0       36.25         1.000000           100.000000
         American Indian or Alaska Native      Female Not Hispanic or Latino           2    605000.000000    212132.034356        530000.0        680000.0                50.000000                 0.000000                50.00000                  50.000                       NaN                       NaN                      NaN                      NaN        1.205000e+06       424264.068712          1055000.0          1355000.0  414.000000  178.190909     351.00     477.00         2       0         150000.0            300000.0      126.00         1.000000           100.000000
         American Indian or Alaska Native        Male     Hispanic or Latino           5    401000.000000    153394.915170        285000.0        485000.0                91.778000                 7.301125                90.00000                  95.000                 43.250000                  3.685557                      NaN                      NaN        4.450000e+05       162018.517460           325000.0           515000.0  103.600000   51.655590      84.00     122.00         4       1         200000.0            190000.0       38.00         0.800000            80.000000
         American Indian or Alaska Native        Male Not Hispanic or Latino           3    351666.666667    228108.161479        250000.0        475000.0                95.666667                 4.041452                93.50000                  97.500                 49.000000                       NaN                      NaN                      NaN        3.750000e+05       238956.062907           270000.0           505000.0  127.333333   83.152470      96.00     174.50         3       0         225000.0            235000.0       78.50         1.000000           100.000000
                                    Asian      Female     Hispanic or Latino          10    402000.000000    141582.327836        325000.0        500000.0                72.760100                19.294929                61.44725                  83.750                 44.400000                  3.717825                    41.00                    47.00        5.630000e+05       176055.546790           447500.0           655000.0  106.600000   39.872575      73.50     126.50        10       0         175000.0            207500.0       53.00         1.000000           100.000000
                                    Asian      Female Not Hispanic or Latino         233    564098.712446    215987.215554        405000.0        715000.0                73.296523                18.395057                64.37000                  85.000                 44.164773                  3.879780                      NaN                      NaN        8.234120e+05       402973.390744           575000.0           965000.0  204.832618  502.849803     112.00     210.00       211      22         310000.0            390000.0       98.00         0.905579            90.557940
                                    Asian        Male     Hispanic or Latino           8    572500.000000    329837.622388        380000.0        685000.0                75.888750                14.686403                68.02750                  82.500                 44.500000                  2.073644                      NaN                      NaN        7.837500e+05       507076.705947           490000.0           920000.0  154.750000   70.637404     100.50     198.25         8       0         305000.0            430000.0       97.75         1.000000           100.000000
                                    Asian        Male Not Hispanic or Latino         375    624280.000000    234855.203998        455000.0        765000.0                73.363093                17.879307                64.59800                  85.000                 43.714286                  4.070530                      NaN                      NaN        9.058000e+05       423248.072035           645000.0          1085000.0  200.274667  125.858684     130.00     237.00       350      25         310000.0            440000.0      107.00         0.933333            93.333333
                Black or African American      Female     Hispanic or Latino           2    500000.000000     63639.610307        477500.0        522500.0                72.000000                32.526912                60.50000                  83.500                 49.000000                       NaN                      NaN                      NaN        8.000000e+05       445477.272148           642500.0           957500.0  162.000000   39.597980     148.00     176.00         2       0          45000.0            315000.0       28.00         1.000000           100.000000
                Black or African American      Female Not Hispanic or Latino          50    456400.000000    217499.800610        337500.0        605000.0                84.099780                16.770372                76.23500                  97.000                 43.600000                  4.017909                      NaN                      NaN        5.950000e+05       229061.973612           440000.0           715000.0  137.640000   64.098699      89.50     170.50        45       5         267500.0            275000.0       81.00         0.900000            90.000000
                Black or African American        Male     Hispanic or Latino           6    561666.666667    251528.659732        357500.0        772500.0                74.819500                16.341701                63.74250                  83.750                 44.750000                  4.787136                      NaN                      NaN        7.850000e+05       395018.986885           610000.0           942500.0  585.500000  999.393166     155.00     256.25         5       1         415000.0            332500.0      101.25         0.833333            83.333333
                Black or African American        Male Not Hispanic or Latino          26    522692.307692    265876.778863        397500.0        662500.0                78.614615                23.984708                76.25000                  95.000                 43.105263                  4.712805                      NaN                      NaN        6.976923e+05       287409.918998           515000.0           830000.0  187.230769  139.874031     114.25     190.25        23       3         265000.0            315000.0       76.00         0.884615            88.461538
Native Hawaiian or Other Pacific Islander      Female     Hispanic or Latino           3    421666.666667    100664.459137        375000.0        475000.0                83.856000                 8.588997                80.56900                  88.715                 47.000000                  1.000000                    46.50                    47.50        5.116667e+05       127017.059222           475000.0           585000.0   97.666667   28.023799      82.00     109.00         3       0         100000.0            110000.0       27.00         1.000000           100.000000
Native Hawaiian or Other Pacific Islander      Female Not Hispanic or Latino           3    508333.333333    170391.705588        420000.0        590000.0                83.333000                 5.773791                79.99950                  85.000                 43.500000                  0.707107                      NaN                      NaN        6.183333e+05       235017.729828           500000.0           735000.0  180.000000  100.861291     122.00     213.50         3       0         170000.0            235000.0       91.50         1.000000           100.000000
Native Hawaiian or Other Pacific Islander        Male     Hispanic or Latino           2    360000.000000     77781.745931        332500.0        387500.0                85.000000                 7.071068                82.50000                  87.500                 47.000000                       NaN                      NaN                      NaN        4.300000e+05       120208.152802           387500.0           472500.0  132.000000    9.899495     128.50     135.50         2       0          55000.0             85000.0        7.00         1.000000           100.000000
Native Hawaiian or Other Pacific Islander        Male Not Hispanic or Latino           5    655000.000000    354964.786986        325000.0        955000.0                85.600000                14.170392                75.00000                  95.000                 45.333333                  2.886751                      NaN                      NaN        7.970000e+05       484375.887096           435000.0          1125000.0  279.000000  162.878789     207.00     285.00         5       0         630000.0            690000.0       78.00         1.000000           100.000000
                                    White      Female     Hispanic or Latino         168    443690.476190    198480.936275        305000.0        577500.0                82.527333                15.169746                80.00000                  95.000                 44.194915                  3.868034                      NaN                      NaN        5.550595e+05       232985.047511           395000.0           725000.0  147.494048  116.028233      80.00     176.25       150      18         272500.0            330000.0       96.25         0.892857            89.285714
                                    White      Female Not Hispanic or Latino         359    467089.136490    225163.709205        305000.0        610000.0                70.986894                19.812096                57.86300                  85.000                 44.646091                  4.015242                      NaN                      NaN        6.958635e+05       350989.154172           450000.0           865000.0  162.203343  138.407343      92.50     186.50       334      25         305000.0            415000.0       94.00         0.930362            93.036212
                                    White        Male     Hispanic or Latino         264    455643.939394    214616.029316        305000.0        597500.0                82.471136                16.306618                80.00000                  95.000                 44.123153                  3.930032                      NaN                      NaN        5.843561e+05       296127.031435           392500.0           727500.0  173.981061  262.604597      82.75     185.50       239      25         292500.0            335000.0      102.75         0.905303            90.530303
                                    White        Male Not Hispanic or Latino         463    557678.185745    273466.123838        355000.0        745000.0                74.131590                19.146237                67.12050                  89.211                 43.536184                  4.050670                      NaN                      NaN        7.934017e+05       418484.219211           500000.0          1020000.0  218.330454  412.866881     111.50     236.00       430      33         390000.0            520000.0      124.50         0.928726            92.872570