                             derived_race derived_sex      derived_ethnicity  total_apps  avg_loan_amount  std_loan_amount  Q1_loan_amount  Q3_loan_amount  avg_loan_to_value_ratio  std_loan_to_value_ratio  Q1_loan_to_value_ratio  Q3_loan_to_value_ratio  avg_debt_to_income_ratio  std_debt_to_income_ratio  Q1_debt_to_income_ratio  Q3_debt_to_income_ratio  avg_property_value  std_property_value  Q1_property_value  Q3_property_value  avg_income  std_income  Q1_income  Q3_income  accepted  denied  iqr_loan_amount  iqr_property_value  iqr_income  acceptance_rate  acceptance_rate_pct
                 2 or more minority races      Female Not Hispanic or Latino           5    447000.000000    115195.486023        415000.0        475000.0                69.214000                17.014872                62.89000                80.00000                 48.250000                  0.500000                      NaN                      NaN        8.310000e+05       442978.554786           515000.0          1185000.0  150.200000   67.027606     117.00     186.00         4       1          60000.0            670000.0       69.00         0.800000            80.000000
                 2 or more minority races        Male     Hispanic or Latino           1    365000.000000              NaN        365000.0        365000.0                80.000000                      NaN                80.00000                80.00000                       NaN                       NaN                      NaN                      NaN        4.550000e+05                 NaN           455000.0           455000.0  195.000000         NaN     195.00     195.00         1       0              0.0                 0.0        0.00         1.000000           100.000000
                 2 or more minority races        Male Not Hispanic or Latino           1    905000.000000              NaN        905000.0        905000.0                77.000000                      NaN                77.00000                77.00000                 46.000000                       NaN                    46.00                    46.00        1.185000e+06                 NaN          1185000.0          1185000.0  185.000000         NaN     185.00     185.00         1       0              0.0                 0.0        0.00         1.000000           100.000000
         American Indian or Alaska Native      Female     Hispanic or Latino          10    432000.000000    163981.706297        352500.0        437500.0                78.597200                19.312913                78.25950                90.75000                 46.428571                  2.370453                      NaN                      NaN        5.830000e+05       241605.739446           397500.0           737500.0  175.700000  205.159586      82.50     144.25        10       0          85000.0            340000.0       61.75         1.000000           100.000000
         American Indian or Alaska Native      Female Not Hispanic or Latino          11    477727.272727    247430.430994        330000.0        645000.0                80.428545                14.847843                73.65000                92.49500                 45.222222                  4.711098                      NaN                      NaN        6.804545e+05       340627.762708           465000.0           775000.0  166.181818  131.580255      98.00     182.50        10       1         315000.0            310000.0       84.50         0.909091            90.909091
         American Indian or Alaska Native        Male     Hispanic or Latino           7    450714.285714    196965.068211        280000.0        625000.0                79.495429                16.961844                69.80000                95.00000                 45.666667                  3.055050                      NaN                      NaN        5.878571e+05       265123.511199           315000.0           805000.0  170.142857  134.319803      94.00     172.00         5       2         345000.0            490000.0       78.00         0.714286            71.428571
         American Indian or Alaska Native        Male Not Hispanic or Latino           4    425000.000000    116332.855777        397500.0        497500.0                83.000000                 9.626353                78.75000                84.25000                 45.333333                  4.618802                      NaN                      NaN        5.150000e+05       123558.353286           472500.0           582500.0  129.750000   68.810731      98.25     146.50         4       0         100000.0            110000.0       48.25         1.000000           100.000000
                                    Asian      Female     Hispanic or Latino           1    665000.000000              NaN        665000.0        665000.0                83.000000                      NaN                83.00000                83.00000                 44.000000                       NaN                    44.00                    44.00        8.050000e+05                 NaN           805000.0           805000.0  145.000000         NaN     145.00     145.00         1       0              0.0                 0.0        0.00         1.000000           100.000000
                                    Asian      Female Not Hispanic or Latino         227    532312.775330    208649.903594        385000.0        665000.0                71.887110                18.731445                59.72950                81.00000                 43.802469                  4.117588                      NaN                      NaN        7.965419e+05       385295.888783           550000.0           925000.0  173.039648   85.709652     121.50     202.50       210      17         280000.0            375000.0       81.00         0.925110            92.511013
                                    Asian        Male     Hispanic or Latino           6    520000.000000    218426.188906        360000.0        625000.0                81.159167                 9.022183                75.02725                83.75000                 45.000000                  3.898718                    43.75                    47.75        6.583333e+05       303951.750557           445000.0           837500.0  149.666667   84.331884     101.50     175.75         6       0         265000.0            392500.0       74.25         1.000000           100.000000
                                    Asian        Male Not Hispanic or Latino         371    638611.859838    243781.914655        455000.0        780000.0                73.603267                17.282628                65.00000                83.16650                 43.557252                  4.033690                      NaN                      NaN        9.168329e+05       412237.643477           650000.0          1105000.0  241.539084  704.552183     134.50     248.00       337      34         325000.0            455000.0      113.50         0.908356            90.835580
                Black or African American      Female     Hispanic or Latino           2    465000.000000     56568.542495        445000.0        485000.0                98.500000                 4.949747                96.75000               100.25000                 44.000000                  5.656854                    42.00                    46.00        6.900000e+05       219203.102168           612500.0           767500.0  128.500000   13.435029     123.75     133.25         2       0          40000.0            155000.0        9.50         1.000000           100.000000
                Black or African American      Female Not Hispanic or Latino          44    455681.818182    231299.641835        300000.0        562500.0                82.216136                20.266789                77.50000                95.00000                 44.864865                  4.063128                      NaN                      NaN        5.881818e+05       256902.594221           425000.0           660000.0  140.818182   74.765765      96.50     165.50        40       4         262500.0            235000.0       69.00         0.909091            90.909091
                Black or African American        Male     Hispanic or Latino           2    580000.000000    176776.695297        517500.0        642500.0                96.000000                 1.414214                95.50000                96.50000                 49.000000                  0.000000                    49.00                    49.00        6.000000e+05       190918.830920           532500.0           667500.0  170.000000   79.195959     142.00     198.00         1       1         125000.0            135000.0       56.00         0.500000            50.000000
                Black or African American        Male Not Hispanic or Latino          28    563571.428571    242085.296962        375000.0        692500.0                81.695893                17.492970                80.00000                95.00000                 43.888889                  3.708320                      NaN                      NaN        7.225000e+05       301006.029225           505000.0           910000.0  193.607143   81.128768     132.75     232.25        22       6         317500.0            405000.0       99.50         0.785714            78.571429
Native Hawaiian or Other Pacific Islander      Female     Hispanic or Latino           2    440000.000000      7071.067812        437500.0        442500.0                80.000000                 0.000000                80.00000                80.00000                 42.500000                  3.535534                    41.25                    43.75        5.500000e+05         7071.067812           547500.0           552500.0   99.000000    1.414214      98.50      99.50         2       0           5000.0              5000.0        1.00         1.000000           100.000000
Native Hawaiian or Other Pacific Islander      Female Not Hispanic or Latino           2    645000.000000     56568.542495        625000.0        665000.0                79.999500                 0.000707                79.99925                79.99975                 36.000000                       NaN                      NaN                      NaN        8.050000e+05        70710.678119           780000.0           830000.0  235.000000   86.267027     204.50     265.50         2       0          40000.0             50000.0       61.00         1.000000           100.000000
Native Hawaiian or Other Pacific Islander        Male Not Hispanic or Latino           3    505000.000000    396862.696660        280000.0        655000.0                81.000000                24.248711                74.00000                95.00000                 47.000000                       NaN                      NaN                      NaN        5.850000e+05       363868.107973           375000.0           695000.0  207.000000  123.575888     146.50     270.00         3       0         375000.0            320000.0      123.50         1.000000           100.000000
                                    White      Female     Hispanic or Latino         184    444565.217391    218268.962488        305000.0        565000.0                78.656049                18.803554                73.55250                94.61750                 44.591241                  3.779890                      NaN                      NaN        5.983696e+05       297269.089977           412500.0           725000.0  131.288043   65.223187      80.75     164.00       165      19         260000.0            312500.0       83.25         0.896739            89.673913
                                    White      Female Not Hispanic or Latino         324    488611.111111    241528.126547        315000.0        645000.0                71.487892                20.649434                59.57750                85.00000                 43.711297                  4.253066                      NaN                      NaN        7.187654e+05       352530.903166           465000.0           877500.0  168.595679  100.101219     102.75     215.00       309      15         330000.0            412500.0      112.25         0.953704            95.370370
                                    White        Male     Hispanic or Latino         276    461159.420290    203256.479136        315000.0        577500.0                84.415004                15.086002                80.00000                95.00000                 44.388889                  3.906663                      NaN                      NaN        5.792029e+05       347679.709648           392500.0           715000.0  147.608696  104.407170      87.00     167.25       247      29         262500.0            322500.0       80.25         0.894928            89.492754
                                    White        Male Not Hispanic or Latino         489    554100.204499    249840.949775        375000.0        715000.0                75.100266                17.404043                67.94000                86.06500                 43.819672                  4.072162                      NaN                      NaN        7.768405e+05       395547.305927           515000.0           975000.0  204.948875  200.347545     115.00     240.00       453      36         340000.0            460000.0      125.00         0.926380            92.638037