                             derived_race derived_sex      derived_ethnicity  total_apps  avg_loan_amount  std_loan_amount  Q1_loan_amount  Q3_loan_amount  avg_loan_to_value_ratio  std_loan_to_value_ratio  Q1_loan_to_value_ratio  Q3_loan_to_value_ratio  avg_debt_to_income_ratio  std_debt_to_income_ratio  Q1_debt_to_income_ratio  Q3_debt_to_income_ratio  avg_property_value  std_property_value  Q1_property_value  Q3_property_value  avg_income  std_income  Q1_income  Q3_income  accepted  denied  iqr_loan_amount  iqr_property_value  iqr_income  acceptance_rate  acceptance_rate_pct
                 2 or more minority races      Female Not Hispanic or Latino           2    540000.000000    134350.288425        492500.0        587500.0                87.500000                10.606602               83.750000                91.25000                 47.000000                  2.828427                     46.0                     48.0        6.350000e+05        2.262742e+05           555000.0           715000.0  134.500000   37.476659     121.25     147.75         2       0          95000.0            160000.0       26.50         1.000000           100.000000
                 2 or more minority races        Male     Hispanic or Latino           1    355000.000000              NaN        355000.0        355000.0                41.793000                      NaN               41.793000                41.79300                       NaN                       NaN                      NaN                      NaN        8.550000e+05                 NaN           855000.0           855000.0  187.000000         NaN     187.00     187.00         1       0              0.0                 0.0        0.00         1.000000           100.000000
                 2 or more minority races        Male Not Hispanic or Latino           4    475000.000000    180185.090023        357500.0        557500.0                73.254750                42.017085               63.268000                94.96025                 43.333333                  4.163332                      NaN                      NaN        1.377500e+06        1.655282e+06           375000.0          1672500.0  214.250000  124.679255     120.50     271.25         3       1         200000.0           1297500.0      150.75         0.750000            75.000000
         American Indian or Alaska Native      Female     Hispanic or Latino           1    445000.000000              NaN        445000.0        445000.0                80.000000                      NaN               80.000000                80.00000                       NaN                       NaN                      NaN                      NaN        5.550000e+05                 NaN           555000.0           555000.0  127.000000         NaN     127.00     127.00         1       0              0.0                 0.0        0.00         1.000000           100.000000
         American Indian or Alaska Native      Female Not Hispanic or Latino           6    506666.666667    271471.299895        430000.0        600000.0                76.251667                 9.209007               74.992500                79.50000                 49.000000                       NaN                      NaN                      NaN        7.283333e+05        4.419804e+05           662500.0           755000.0  267.833333  174.765462     142.25     352.50         5       1         170000.0             92500.0      210.25         0.833333            83.333333
         American Indian or Alaska Native        Male     Hispanic or Latino           6    418333.333333    145693.742716        322500.0        547500.0                86.608333                17.062251               83.750000                95.00000                 45.750000                  2.986079                      NaN                      NaN        4.800000e+05        1.052141e+05           395000.0           577500.0  102.666667   28.274842      89.50     116.00         6       0         225000.0            182500.0       26.50         1.000000           100.000000
         American Indian or Alaska Native        Male Not Hispanic or Latino           1    605000.000000              NaN        605000.0        605000.0                58.537000                      NaN               58.537000                58.53700                 38.000000                       NaN                     38.0                     38.0        1.025000e+06                 NaN          1025000.0          1025000.0  221.000000         NaN     221.00     221.00         1       0              0.0                 0.0        0.00         1.000000           100.000000
                                    Asian      Female     Hispanic or Latino           7    492142.857143    173177.585705        365000.0        560000.0                80.142857                12.746615               74.500000                87.50000                 46.333333                  2.160247                      NaN                      NaN        6.107143e+05        1.694950e+05           510000.0           715000.0  151.285714   61.415835     106.00     200.00         7       0         195000.0            205000.0       94.00         1.000000           100.000000
                                    Asian      Female Not Hispanic or Latino         223    538363.228700    228257.969859        400000.0        645000.0                71.900775                18.563975               65.094935                80.00000                 44.117284                  3.926951                      NaN                      NaN        8.058520e+05        4.149674e+05           560000.0           930000.0  196.354260  508.797571     110.00     197.00       203      20         245000.0            370000.0       87.00         0.910314            91.031390
                                    Asian        Male     Hispanic or Latino           9    482777.777778    256504.277634        345000.0        665000.0                75.304556                21.719309               79.000000                89.99000                 42.625000                  4.867898                      NaN                      NaN        6.705556e+05        3.152821e+05           465000.0           825000.0  163.111111  111.886599      88.00     202.00         8       1         320000.0            360000.0      114.00         0.888889            88.888889
                                    Asian        Male Not Hispanic or Latino         358    635055.865922    248252.147066        445000.0        782500.0                72.326849                17.495928               65.000000                80.00000                 43.349398                  3.982119                      NaN                      NaN        9.324581e+05        4.285648e+05           627500.0          1165000.0  203.824022  102.026990     139.00     250.00       333      25         337500.0            537500.0      111.00         0.930168            93.016760
                Black or African American      Female     Hispanic or Latino           3    485000.000000    112694.276696        450000.0        550000.0                86.800000                15.057224               80.200000                95.00000                 45.500000                  4.949747                      NaN                      NaN        6.016667e+05        9.504385e+04           555000.0           650000.0  121.000000   65.107603     100.00     158.50         2       1         100000.0             95000.0       58.50         0.666667            66.666667
                Black or African American      Female Not Hispanic or Latino          52    500192.307692    253102.245360        292500.0        645000.0                82.731173                18.430271               75.000000                95.00000                 44.846154                  3.738410                      NaN                      NaN        6.755769e+05        3.224989e+05           455000.0           795000.0  157.250000   96.400894      94.00     194.75        43       9         352500.0            340000.0      100.75         0.826923            82.692308
                Black or African American        Male     Hispanic or Latino           2    615000.000000    212132.034356        540000.0        690000.0                77.585000                17.557461               71.377500                83.79250                 47.000000                  1.414214                     46.5                     47.5        7.850000e+05        9.899495e+04           750000.0           820000.0  154.000000   12.727922     149.50     158.50         2       0         150000.0             70000.0        9.00         1.000000           100.000000
                Black or African American        Male Not Hispanic or Latino          36    506388.888889    230392.866677        365000.0        665000.0                80.153222                23.469634               80.000000                95.00000                 43.880000                  4.585484                      NaN                      NaN        7.202778e+05        6.131627e+05           497500.0           742500.0  176.638889  123.690432     103.50     230.00        30       6         300000.0            245000.0      126.50         0.833333            83.333333
Native Hawaiian or Other Pacific Islander        Male Not Hispanic or Latino           5    545000.000000    179443.584449        445000.0        715000.0                81.107200                20.806476               80.000000                95.00000                 40.500000                  4.795832                      NaN                      NaN        7.230000e+05        3.166544e+05           485000.0           895000.0  150.800000   32.081147     119.00     176.00         5       0         270000.0            410000.0       57.00         1.000000           100.000000
                                    White      Female     Hispanic or Latino         147    419217.687075    200567.431936        290000.0        535000.0                79.979320                19.559581               75.000000                95.00000                 44.163793                  4.307615                      NaN                      NaN        5.757483e+05        3.541072e+05           385000.0           665000.0  128.768707   73.841191      77.00     155.50       132      15         245000.0            280000.0       78.50         0.897959            89.795918
                                    White      Female Not Hispanic or Latino         363    479600.550964    238588.257411        295000.0        635000.0                70.549650                21.237555               57.199500                88.70300                 43.922179                  4.009970                      NaN                      NaN        7.203444e+05        3.949936e+05           455000.0           905000.0  181.377410  194.262675      93.50     200.00       336      27         340000.0            450000.0      106.50         0.925620            92.561983
                                    White        Male     Hispanic or Latino         251    485717.131474    234792.426763        305000.0        590000.0                82.232773                15.991210               80.000000                95.00000                 44.305556                  3.875287                      NaN                      NaN        6.198606e+05        3.171931e+05           405000.0           745000.0  171.681275  178.173068      89.00     192.50       226      25         285000.0            340000.0      103.50         0.900398            90.039841
                                    White        Male Not Hispanic or Latino         523    550755.258126    252879.874989        365000.0        715000.0                75.608111                18.243455               68.689000                90.00000                 43.680672                  3.968838                      NaN                      NaN        7.742543e+05        4.190804e+05           495000.0           960000.0  201.673040  188.677963     113.00     234.00       487      36         350000.0            465000.0      121.00         0.931166            93.116635