                             derived_race derived_sex      derived_ethnicity  total_apps  avg_loan_amount  std_loan_amount  Q1_loan_amount  Q3_loan_amount  avg_loan_to_value_ratio  std_loan_to_value_ratio  Q1_loan_to_value_ratio  Q3_loan_to_value_ratio  avg_debt_to_income_ratio  std_debt_to_income_ratio  Q1_debt_to_income_ratio  Q3_debt_to_income_ratio  avg_property_value  std_property_value  Q1_property_value  Q3_property_value  avg_income  std_income  Q1_income  Q3_income  accepted  denied  iqr_loan_amount  iqr_property_value  iqr_income  acceptance_rate  acceptance_rate_pct
                 2 or more minority races      Female     Hispanic or Latino           1    985000.000000              NaN        985000.0        985000.0                80.000000                      NaN                80.00000                 80.0000                 41.000000                       NaN                    41.00                    41.00        1.225000e+06                 NaN          1225000.0          1225000.0  249.000000         NaN     249.00     249.00         1       0              0.0                 0.0        0.00         1.000000           100.000000
                 2 or more minority races      Female Not Hispanic or Latino           3    628333.333333    414045.086112        395000.0        790000.0                82.166667                11.898879                75.75000                 87.5000                 45.333333                  2.516611                    44.00                    46.50        8.050000e+05       626418.390535           445000.0          1015000.0  151.666667   89.901798     103.50     192.50         2       1         395000.0            570000.0       89.00         0.666667            66.666667
                 2 or more minority races        Male     Hispanic or Latino           2    405000.000000     70710.678119        380000.0        430000.0                86.000000                15.556349                80.50000                 91.5000                 42.500000                  9.192388                    39.25                    45.75        4.850000e+05       169705.627485           425000.0           545000.0  112.000000   49.497475      94.50     129.50         1       1          50000.0            120000.0       35.00         0.500000            50.000000
                 2 or more minority races        Male Not Hispanic or Latino           5    543000.000000    129305.839002        505000.0        605000.0                71.852800                13.742792                60.00000                 80.0000                 43.200000                  4.549725                    39.00                    47.00        7.530000e+05       120291.313070           645000.0           835000.0  188.000000   88.907255     155.00     180.00         4       1         100000.0            190000.0       25.00         0.800000            80.000000
         American Indian or Alaska Native      Female     Hispanic or Latino           1    875000.000000              NaN        875000.0        875000.0                80.000000                      NaN                80.00000                 80.0000                 44.000000                       NaN                    44.00                    44.00        1.095000e+06                 NaN          1095000.0          1095000.0  744.000000         NaN     744.00     744.00         1       0              0.0                 0.0        0.00         1.000000           100.000000
         American Indian or Alaska Native      Female Not Hispanic or Latino           4    430000.000000    244062.833440        235000.0        600000.0                70.314250                 5.523658                66.30925                 75.0000                 47.666667                  0.577350                      NaN                      NaN        6.125000e+05       354812.156876           350000.0           827500.0  152.500000  147.201676      56.75     198.75         4       0         365000.0            477500.0      142.00         1.000000           100.000000
         American Indian or Alaska Native        Male     Hispanic or Latino           8    396250.000000    159949.768901        300000.0        517500.0                74.933875                22.270074                56.82925                 95.5000                 47.000000                  1.825742                      NaN                      NaN        5.500000e+05       245589.669397           385000.0           620000.0  125.875000   52.086295      93.00     142.75         7       1         217500.0            235000.0       49.75         0.875000            87.500000
         American Indian or Alaska Native        Male Not Hispanic or Latino           1    285000.000000              NaN        285000.0        285000.0                80.000000                      NaN                80.00000                 80.0000                       NaN                       NaN                      NaN                      NaN        3.550000e+05                 NaN           355000.0           355000.0  111.000000         NaN     111.00     111.00         1       0              0.0                 0.0        0.00         1.000000           100.000000
                                    Asian      Female     Hispanic or Latino           8    462500.000000    177582.978592        370000.0        502500.0                77.547875                20.816556                76.01775                 87.5000                 45.750000                  4.367085                    44.75                    49.00        6.250000e+05       230713.180006           485000.0           712500.0  111.625000   40.949228      82.50     134.75         8       0         132500.0            227500.0       52.25         1.000000           100.000000
                                    Asian      Female Not Hispanic or Latino         212    566320.754717    208128.995143        412500.0        705000.0                72.970636                18.644785                61.91750                 85.0000                 43.885542                  4.074180                      NaN                      NaN        8.193868e+05       317908.003944           625000.0          1005000.0  170.250000  141.787501     115.00     189.25       196      16         292500.0            380000.0       74.25         0.924528            92.452830
                                    Asian        Male     Hispanic or Latino           9    573888.888889    170619.785228        445000.0        695000.0                83.453778                 7.961493                80.00000                 90.0000                 45.600000                  3.974921                      NaN                      NaN        6.972222e+05       233172.563661           475000.0           795000.0  253.555556  295.084357     126.00     204.00         8       1         250000.0            320000.0       78.00         0.888889            88.888889
                                    Asian        Male Not Hispanic or Latino         370    642891.891892    243276.837609        465000.0        795000.0                73.411124                17.028571                65.03625                 80.0000                 43.367041                  4.065271                      NaN                      NaN        9.304595e+05       434161.097734           645000.0          1155000.0  216.729730  212.629218     136.25     250.75       340      30         330000.0            510000.0      114.50         0.918919            91.891892
                Black or African American      Female     Hispanic or Latino           6    488333.333333    168364.683549        427500.0        515000.0                96.666667                 4.273952                95.00000                 99.5000                 43.200000                  4.494441                      NaN                      NaN        6.766667e+05       273160.514472           492500.0           840000.0  144.166667   73.600045     106.75     138.00         6       0          87500.0            347500.0       31.25         1.000000           100.000000
                Black or African American      Female Not Hispanic or Latino          50    500000.000000    215844.331661        350000.0        600000.0                80.049880                18.819662                74.05125                 95.0000                 44.111111                  3.976918                      NaN                      NaN        6.698000e+05       290672.970037           465000.0           825000.0  165.800000   90.010657     111.50     208.50        45       5         250000.0            360000.0       97.00         0.900000            90.000000
                Black or African American        Male     Hispanic or Latino           4    502500.000000    265753.645318        360000.0        582500.0                68.207000                13.928606                58.20700                 80.0000                 36.000000                       NaN                      NaN                      NaN        7.300000e+05       270616.579931           570000.0           840000.0  285.250000  172.911104     172.75     370.50         4       0         222500.0            270000.0      197.75         1.000000           100.000000
                Black or African American        Male Not Hispanic or Latino          28    551428.571429    213006.942779        467500.0        672500.0                85.975964                10.613776                80.00000                 95.0000                 43.772727                  4.104954                      NaN                      NaN        6.475000e+05       258308.242509           512500.0           755000.0  176.535714   86.895204     119.25     202.25        26       2         205000.0            242500.0       83.00         0.928571            92.857143
Native Hawaiian or Other Pacific Islander      Female     Hispanic or Latino           1    455000.000000              NaN        455000.0        455000.0                80.000000                      NaN                80.00000                 80.0000                 48.000000                       NaN                    48.00                    48.00        5.650000e+05                 NaN           565000.0           565000.0   93.000000         NaN      93.00      93.00         1       0              0.0                 0.0        0.00         1.000000           100.000000
Native Hawaiian or Other Pacific Islander      Female Not Hispanic or Latino           4    747500.000000    367729.520164        477500.0       1010000.0                84.115000                13.730728                76.61500                 95.0000                 37.000000                       NaN                      NaN                      NaN        9.675000e+05       622702.443655           505000.0          1337500.0  147.250000  113.152920     110.75     191.00         3       1         532500.0            832500.0       80.25         0.750000            75.000000
Native Hawaiian or Other Pacific Islander        Male     Hispanic or Latino           3    328333.333333     56862.407031        305000.0        360000.0                69.518333                26.645404                59.27750                 84.5805                 37.000000                  1.414214                      NaN                      NaN        5.083333e+05       142945.210949           430000.0           570000.0   84.666667   19.655364      78.50      96.00         2       1          55000.0            140000.0       17.50         0.666667            66.666667
Native Hawaiian or Other Pacific Islander        Male Not Hispanic or Latino           2    810000.000000    205060.966544        737500.0        882500.0                80.500000                20.506097                73.25000                 87.7500                 43.000000                       NaN                      NaN                      NaN        1.080000e+06       530330.085890           892500.0          1267500.0  374.500000  236.880772     290.75     458.25         2       0         145000.0            375000.0      167.50         1.000000           100.000000
                                    White      Female     Hispanic or Latino         139    413345.323741    201766.104802        260000.0        520000.0                82.250091                16.987046                80.00000                 95.0000                 44.581197                  3.902341                      NaN                      NaN        5.363669e+05       244523.201942           375000.0           695000.0  120.755396   65.721177      75.00     143.50       124      15         260000.0            320000.0       68.50         0.892086            89.208633
                                    White      Female Not Hispanic or Latino         383    482624.020888    230210.112649        315000.0        620000.0                70.542901                20.911832                56.98850                 85.0000                 43.327402                  4.087384                      NaN                      NaN        7.274543e+05       378380.030544           485000.0           885000.0  170.738903  122.697921      97.50     206.00       363      20         305000.0            400000.0      108.50         0.947781            94.778068
                                    White        Male     Hispanic or Latino         267    480617.977528    200116.254123        340000.0        605000.0                84.506169                14.690503                80.00000                 95.0000                 44.102041                  3.847050                      NaN                      NaN        5.916292e+05       260375.425109           425000.0           755000.0  163.535581  144.088168      94.00     184.00       247      20         265000.0            330000.0       90.00         0.925094            92.509363
                                    White        Male Not Hispanic or Latino         489    559601.226994    248080.116782        355000.0        715000.0                75.802393                18.204439                69.74700                 90.0000                 43.764706                  4.111081                      NaN                      NaN        7.915440e+05       443610.049057           505000.0           955000.0  212.967280  179.637234     120.00     247.00       459      30         360000.0            450000.0      127.00         0.938650            93.865031