                             derived_race derived_sex      derived_ethnicity  total_apps  avg_loan_amount  std_loan_amount  Q1_loan_amount  Q3_loan_amount  avg_loan_to_value_ratio  std_loan_to_value_ratio  Q1_loan_to_value_ratio  Q3_loan_to_value_ratio  avg_debt_to_income_ratio  std_debt_to_income_ratio  Q1_debt_to_income_ratio  Q3_debt_to_income_ratio  avg_property_value  std_property_value  Q1_property_value  Q3_property_value  avg_income  std_income  Q1_income  Q3_income  accepted  denied  iqr_loan_amount  iqr_property_value  iqr_income  acceptance_rate  acceptance_rate_pct
                 2 or more minority races      Female Not Hispanic or Latino           4    305000.000000    124365.054041        225000.0        385000.0                71.535250                28.441050                49.02575                95.50000                 48.500000                  0.707107                      NaN                      NaN       477500.000000       230994.227922           397500.0           595000.0  116.750000   27.463612     103.50     124.25         4       0         160000.0            197500.0       20.75         1.000000           100.000000
                 2 or more minority races        Male     Hispanic or Latino           1    365000.000000              NaN        365000.0        365000.0               104.353000                      NaN               104.35300               104.35300                 38.000000                       NaN                     38.0                     38.0       425000.000000                 NaN           425000.0           425000.0  170.000000         NaN     170.00     170.00         1       0              0.0                 0.0        0.00         1.000000           100.000000
                 2 or more minority races        Male Not Hispanic or Latino           4    602500.000000    403846.092796        385000.0        797500.0                83.750000                 7.500000                80.00000                83.75000                 42.333333                  4.932883                      NaN                      NaN       727500.000000       483830.204376           492500.0           895000.0  206.250000  150.982063      95.50     330.25         4       0         412500.0            402500.0      234.75         1.000000           100.000000
         American Indian or Alaska Native      Female     Hispanic or Latino           4    322500.000000    138172.597380        237500.0        385000.0                68.777500                29.098999                47.27500                92.25000                 48.666667                  0.577350                      NaN                      NaN       475000.000000        69761.498455           457500.0           512500.0  120.500000   55.716545      87.25     140.25         4       0         147500.0             55000.0       53.00         1.000000           100.000000
         American Indian or Alaska Native      Female Not Hispanic or Latino           5    481000.000000    309079.277856        385000.0        755000.0                71.588000                18.745161                60.63000                75.00000                 43.666667                  1.154701                      NaN                      NaN       835000.000000       457711.699654           635000.0          1065000.0  155.800000   83.911859     117.00     180.00         4       1         370000.0            430000.0       63.00         0.800000            80.000000
         American Indian or Alaska Native        Male     Hispanic or Latino          13    384230.769231    129837.176139        305000.0        455000.0                82.072077                17.860356                76.70400                97.00000                 43.444444                  3.643869                      NaN                      NaN       468846.153846       130034.512184           425000.0           565000.0  122.000000   39.642149      99.00     144.00        12       1         150000.0            140000.0       45.00         0.923077            92.307692
         American Indian or Alaska Native        Male Not Hispanic or Latino           1    735000.000000              NaN        735000.0        735000.0                85.000000                      NaN                85.00000                85.00000                 42.000000                       NaN                     42.0                     42.0       865000.000000                 NaN           865000.0           865000.0  176.000000         NaN     176.00     176.00         1       0              0.0                 0.0        0.00         1.000000           100.000000
                                    Asian      Female     Hispanic or Latino           2    745000.000000    325269.119346        630000.0        860000.0                85.000000                 7.071068                82.50000                87.50000                       NaN                       NaN                      NaN                      NaN       900000.000000       459619.407771           737500.0          1062500.0  585.500000   98.287843     550.75     620.25         2       0         230000.0            325000.0       69.50         1.000000           100.000000
                                    Asian      Female Not Hispanic or Latino         218    534449.541284    208920.132745        397500.0        662500.0                71.378546                18.386392                60.75000                80.00000                 43.987879                  4.180366                      NaN                      NaN       791055.045872       360039.727323           557500.0           955000.0  208.775229  521.209211     110.75     193.00       204      14         265000.0            397500.0       82.25         0.935780            93.577982
                                    Asian        Male     Hispanic or Latino          10    437000.000000    159777.623242        335000.0        480000.0                79.145700                19.358294                76.25000                90.21575                 44.285714                  4.231402                      NaN                      NaN       573000.000000       199766.530397           450000.0           687500.0  161.400000   56.265640     115.50     187.00        10       0         145000.0            237500.0       71.50         1.000000           100.000000
                                    Asian        Male Not Hispanic or Latino         378    604232.804233    244832.414471        427500.0        762500.0                72.591421                17.888979                65.08250                80.00000                 43.206107                  3.996584                      NaN                      NaN       888915.343915       421601.737004           615000.0          1095000.0  232.579365  698.987286     126.00     237.50       350      28         335000.0            480000.0      111.50         0.925926            92.592593
                Black or African American      Female     Hispanic or Latino           1    465000.000000              NaN        465000.0        465000.0                95.000000                      NaN                95.00000                95.00000                 48.000000                       NaN                     48.0                     48.0       485000.000000                 NaN           485000.0           485000.0  134.000000         NaN     134.00     134.00         1       0              0.0                 0.0        0.00         1.000000           100.000000
                Black or African American      Female Not Hispanic or Latino          42    460952.380952    185525.746340        315000.0        545000.0                82.307476                15.968208                78.59375                95.00000                 44.466667                  3.857222                      NaN                      NaN       588571.428571       220617.994850           455000.0           690000.0  153.190476   75.218134      93.00     200.00        38       4         230000.0            235000.0      107.00         0.904762            90.476190
                Black or African American        Male     Hispanic or Latino           1    595000.000000              NaN        595000.0        595000.0                95.000000                      NaN                95.00000                95.00000                 42.000000                       NaN                     42.0                     42.0       625000.000000                 NaN           625000.0           625000.0  190.000000         NaN     190.00     190.00         1       0              0.0                 0.0        0.00         1.000000           100.000000
                Black or African American        Male Not Hispanic or Latino          41    553292.682927    208385.489406        375000.0        655000.0                83.380927                14.104006                80.00000                94.98700                 44.205882                  3.952593                      NaN                      NaN       675487.804878       248826.759207           505000.0           795000.0  171.073171   84.981583     109.00     201.00        40       1         280000.0            290000.0       92.00         0.975610            97.560976
Native Hawaiian or Other Pacific Islander        Male     Hispanic or Latino           1    345000.000000              NaN        345000.0        345000.0                90.000000                      NaN                90.00000                90.00000                       NaN                       NaN                      NaN                      NaN       385000.000000                 NaN           385000.0           385000.0   62.000000         NaN      62.00      62.00         0       1              0.0                 0.0        0.00         0.000000             0.000000
Native Hawaiian or Other Pacific Islander        Male Not Hispanic or Latino           3    478333.333333    221885.856542        355000.0        570000.0                95.613000                 1.203872                94.91950                96.00000                 46.000000                  3.605551                     44.5                     48.0       505000.000000       233023.603955           375000.0           600000.0  121.666667   32.254199     104.50     136.50         3       0         215000.0            225000.0       32.00         1.000000           100.000000
                                    White      Female     Hispanic or Latino         159    421666.666667    172313.618505        295000.0        505000.0                79.875843                19.810645                73.51150                95.00000                 44.418605                  3.970000                      NaN                      NaN       554182.389937       218037.763985           405000.0           680000.0  142.767296  131.560603      82.00     152.50       143      16         210000.0            275000.0       70.50         0.899371            89.937107
                                    White      Female Not Hispanic or Latino         359    447339.832869    233830.350456        270000.0        580000.0                68.105042                22.119509                52.64050                84.46250                 43.617424                  4.125576                      NaN                      NaN       701378.830084       394663.750804           455000.0           855000.0  157.743733  106.632984      89.00     190.50       339      20         310000.0            400000.0      101.50         0.944290            94.428969
                                    White        Male     Hispanic or Latino         270    472370.370370    196656.371590        335000.0        585000.0                82.530974                16.762528                80.00000                95.00000                 44.428571                  3.938710                      NaN                      NaN       608185.185185       281810.798540           425000.0           735000.0  156.877778  125.690376      92.00     178.75       245      25         250000.0            310000.0       86.75         0.907407            90.740741
                                    White        Male Not Hispanic or Latino         483    561708.074534    255051.316285        365000.0        725000.0                74.977669                17.235184                67.27000                88.64300                 43.188088                  3.990836                      NaN                      NaN       790196.687371       411932.134751           505000.0          1005000.0  205.511387  161.398817     117.00     241.50       454      29         360000.0            500000.0      124.50         0.939959            93.995859