                             derived_race derived_sex      derived_ethnicity  total_apps  avg_loan_amount  std_loan_amount  Q1_loan_amount  Q3_loan_amount  avg_loan_to_value_ratio  std_loan_to_value_ratio  Q1_loan_to_value_ratio  Q3_loan_to_value_ratio  avg_debt_to_income_ratio  std_debt_to_income_ratio  Q1_debt_to_income_ratio  Q3_debt_to_income_ratio  avg_property_value  std_property_value  Q1_property_value  Q3_property_value  avg_income  std_income  Q1_income  Q3_income  accepted  denied  iqr_loan_amount  iqr_property_value  iqr_income  acceptance_rate  acceptance_rate_pct
                 2 or more minority races      Female Not Hispanic or Latino           3    331666.666667     90737.717259        280000.0        365000.0                86.833333                 6.048416                84.50000                90.25000                 44.666667                  6.658328                    42.50                    48.50       405000.000000        70000.000000           365000.0           430000.0  159.333333   97.940458     103.50     195.00         3       0          85000.0             65000.0       91.50         1.000000           100.000000
                 2 or more minority races        Male Not Hispanic or Latino           5    361000.000000    176578.594399        375000.0        435000.0                86.970000                16.272815                80.00000                95.00000                 43.800000                  5.215362                    42.00                    48.00       437000.000000       264140.114333           345000.0           495000.0   98.800000   36.853765      81.00     125.00         4       1          60000.0            150000.0       44.00         0.800000            80.000000
         American Indian or Alaska Native      Female     Hispanic or Latino           6    486666.666667    189358.566394        362500.0        615000.0                80.267667                 6.197247                79.25000                80.00000                 42.333333                  4.457204                    39.25                    44.75       613333.333333       262634.092735           410000.0           805000.0  125.000000   37.629775     102.50     150.50         5       1         252500.0            395000.0       48.00         0.833333            83.333333
         American Indian or Alaska Native      Female Not Hispanic or Latino           2    610000.000000    106066.017178        572500.0        647500.0                84.486500                 7.783124                81.73475                87.23825                 47.000000                       NaN                      NaN                      NaN       720000.000000        63639.610307           697500.0           742500.0  340.000000  282.842712     240.00     440.00         2       0          75000.0             45000.0      200.00         1.000000           100.000000
         American Indian or Alaska Native        Male     Hispanic or Latino          13    398846.153846    182735.622396        315000.0        575000.0                71.014615                24.433175                51.87800                95.00000                 46.111111                  3.407508                      NaN                      NaN       578076.923077       203894.769239           455000.0           725000.0  150.692308  111.059582      81.00     154.00        10       3         260000.0            270000.0       73.00         0.769231            76.923077
         American Indian or Alaska Native        Male Not Hispanic or Latino           6    445000.000000    303776.233435        275000.0        532500.0                91.156667                 9.586828                82.50000                98.75000                 48.250000                  0.957427                      NaN                      NaN       516666.666667       382121.272199           305000.0           562500.0  141.666667  137.184061      68.00     137.75         5       1         257500.0            257500.0       69.75         0.833333            83.333333
                                    Asian      Female     Hispanic or Latino           4    737500.000000    188392.321146        625000.0        832500.0                84.802750                10.914866                78.05275                91.75000                 44.000000                  3.000000                      NaN                      NaN       875000.000000       236784.008469           732500.0           917500.0  285.750000  164.469602     186.00     342.75         4       0         207500.0            185000.0      156.75         1.000000           100.000000
                                    Asian      Female Not Hispanic or Latino         228    572456.140351    232554.522634        422500.0        705000.0                72.581658                18.631194                63.79500                84.69725                 44.316092                  3.862982                      NaN                      NaN       851710.526316       471658.583002           572500.0           997500.0  184.228070  102.697540     112.75     225.25       213      15         282500.0            425000.0      112.50         0.934211            93.421053
                                    Asian        Male     Hispanic or Latino          13    488846.153846    111470.359404        435000.0        555000.0                78.504077                17.470651                78.72300                90.00000                 44.375000                  4.955156                      NaN                      NaN       641153.846154       137449.291349           495000.0           715000.0  165.230769   46.148589     144.00     167.00        13       0         120000.0            220000.0       23.00         1.000000           100.000000
                                    Asian        Male Not Hispanic or Latino         385    644402.597403    232361.980749        485000.0        805000.0                73.023803                17.349792                65.00000                80.00000                 43.714286                  3.904309                      NaN                      NaN       934350.649351       423768.859162           655000.0          1145000.0  209.844156  161.931832     132.00     242.00       350      35         320000.0            490000.0      110.00         0.909091            90.909091
                Black or African American      Female     Hispanic or Latino           1    265000.000000              NaN        265000.0        265000.0                45.690000                      NaN                45.69000                45.69000                       NaN                       NaN                      NaN                      NaN       585000.000000                 NaN           585000.0           585000.0   87.000000         NaN      87.00      87.00         1       0              0.0                 0.0        0.00         1.000000           100.000000
                Black or African American      Female Not Hispanic or Latino          49    505612.244898    239682.152055        365000.0        665000.0                81.766551                16.414330                74.36000                95.00000                 44.270270                  3.798016                      NaN                      NaN       674591.836735       287865.414037           505000.0           835000.0  148.285714   61.778165     108.00     181.00        44       5         300000.0            330000.0       73.00         0.897959            89.795918
                Black or African American        Male     Hispanic or Latino           4    500000.000000    177482.393493        427500.0        622500.0                88.000000                 9.273618                80.00000                95.50000                 47.500000                  2.121320                      NaN                      NaN       585000.000000       251396.101800           445000.0           775000.0  165.500000   64.013020     150.50     192.50         2       2         195000.0            330000.0       42.00         0.500000            50.000000
                Black or African American        Male Not Hispanic or Latino          35    558142.857143    207020.479643        385000.0        655000.0                81.551771                14.725808                69.02250                95.00000                 45.192308                  3.187717                      NaN                      NaN       711000.000000       311667.243367           490000.0           780000.0  190.457143  101.820876     116.00     230.00        32       3         270000.0            290000.0      114.00         0.914286            91.428571
Native Hawaiian or Other Pacific Islander      Female     Hispanic or Latino           1    225000.000000              NaN        225000.0        225000.0                37.500000                      NaN                37.50000                37.50000                 42.000000                       NaN                    42.00                    42.00       605000.000000                 NaN           605000.0           605000.0   66.000000         NaN      66.00      66.00         1       0              0.0                 0.0        0.00         1.000000           100.000000
Native Hawaiian or Other Pacific Islander      Female Not Hispanic or Latino           4    452500.000000    132256.064763        422500.0        515000.0                65.577500                26.554360                46.82750                83.75000                 46.000000                  2.828427                      NaN                      NaN       747500.000000       279806.480745           587500.0           830000.0  201.500000  110.361527     137.00     219.50         4       0          92500.0            242500.0       82.50         1.000000           100.000000
Native Hawaiian or Other Pacific Islander        Male     Hispanic or Latino           2    435000.000000    240416.305603        350000.0        520000.0                86.920000                18.497913                80.38000                93.46000                 49.000000                       NaN                      NaN                      NaN       540000.000000       388908.729653           402500.0           677500.0   90.000000   24.041631      81.50      98.50         1       1         170000.0            275000.0       17.00         0.500000            50.000000
Native Hawaiian or Other Pacific Islander        Male Not Hispanic or Latino           6    528333.333333    153579.512523        425000.0        617500.0                81.063000                12.510852                79.53350                87.50000                 45.333333                  4.033196                    42.00                    48.75       666666.666667       211604.977887           482500.0           792500.0  128.333333   37.227230      99.50     153.75         6       0         192500.0            310000.0       54.25         1.000000           100.000000
                                    White      Female     Hispanic or Latino         169    437248.520710    210262.669656        285000.0        525000.0                81.607402                19.017337                75.82100                95.00000                 44.335766                  4.144943                      NaN                      NaN       559733.727811       235571.910689           415000.0           695000.0  137.159763   93.486716      80.00     164.00       156      13         240000.0            280000.0       84.00         0.923077            92.307692
                                    White      Female Not Hispanic or Latino         347    468919.308357    229309.529942        300000.0        605000.0                68.936922                21.657865                54.59500                85.00000                 44.095238                  3.982889                      NaN                      NaN       731397.694524       376689.247735           465000.0           885000.0  170.181556  199.566261      96.50     189.50       329      18         305000.0            420000.0       93.00         0.948127            94.812680
                                    White        Male     Hispanic or Latino         285    456578.947368    194765.925542        315000.0        575000.0                81.080126                16.615846                75.00000                95.00000                 44.638889                  3.806869                      NaN                      NaN       578824.561404       255065.106492           405000.0           695000.0  161.768421  166.488619      90.00     173.00       261      24         260000.0            290000.0       83.00         0.915789            91.578947
                                    White        Male Not Hispanic or Latino         432    540995.370370    260483.095678        345000.0        725000.0                74.507625                18.652268                63.92600                89.83250                 43.588448                  3.921828                      NaN                      NaN       780717.592593       483101.391908           492500.0           955000.0  207.275463  154.400797     113.75     243.25       396      36         380000.0            462500.0      129.50         0.916667            91.666667