                             derived_race derived_sex      derived_ethnicity  total_apps  avg_loan_amount  std_loan_amount  Q1_loan_amount  Q3_loan_amount  avg_loan_to_value_ratio  std_loan_to_value_ratio  Q1_loan_to_value_ratio  Q3_loan_to_value_ratio  avg_debt_to_income_ratio  std_debt_to_income_ratio  Q1_debt_to_income_ratio  Q3_debt_to_income_ratio  avg_property_value  std_property_value  Q1_property_value  Q3_property_value  avg_income  std_income  Q1_income  Q3_income  accepted  denied  iqr_loan_amount  iqr_property_value  iqr_income  acceptance_rate  acceptance_rate_pct
                 2 or more minority races      Female     Hispanic or Latino           2    135000.000000     56568.542495        115000.0        155000.0                77.595000                25.505342                68.57750                 86.6125                 42.500000                  2.121320                    41.75                    43.25        2.550000e+05       127279.220614           210000.0           300000.0   60.500000    4.949747      58.75      62.25         2       0          40000.0             90000.0        3.50         1.000000           100.000000
                 2 or more minority races      Female Not Hispanic or Latino           3    415000.000000     36055.512755        395000.0        430000.0                87.666667                10.785793                81.50000                 91.5000                 43.000000                  7.071068                      NaN                      NaN        4.950000e+05        85440.037453           455000.0           540000.0  122.333333   27.392213     107.50     134.50         3       0          35000.0             85000.0       27.00         1.000000           100.000000
                 2 or more minority races        Male     Hispanic or Latino           1    675000.000000              NaN        675000.0        675000.0                97.000000                      NaN                97.00000                 97.0000                 46.000000                       NaN                    46.00                    46.00        9.750000e+05                 NaN           975000.0           975000.0  203.000000         NaN     203.00     203.00         1       0              0.0                 0.0        0.00         1.000000           100.000000
                 2 or more minority races        Male Not Hispanic or Latino           1    695000.000000              NaN        695000.0        695000.0                95.000000                      NaN                95.00000                 95.0000                       NaN                       NaN                      NaN                      NaN        7.350000e+05                 NaN           735000.0           735000.0  343.000000         NaN     343.00     343.00         1       0              0.0                 0.0        0.00         1.000000           100.000000
         American Indian or Alaska Native      Female     Hispanic or Latino           7    392142.857143    143261.332968        320000.0        485000.0                82.778186                25.363811                81.02000                 94.9500                 47.400000                  2.607681                      NaN                      NaN        5.350000e+05       213150.963717           440000.0           665000.0  111.857143   51.741114      87.00     133.50         6       1         165000.0            225000.0       46.50         0.857143            85.714286
         American Indian or Alaska Native      Female Not Hispanic or Latino           1    595000.000000              NaN        595000.0        595000.0                90.000000                      NaN                90.00000                 90.0000                 47.000000                       NaN                    47.00                    47.00        6.650000e+05                 NaN           665000.0           665000.0  149.000000         NaN     149.00     149.00         1       0              0.0                 0.0        0.00         1.000000           100.000000
         American Indian or Alaska Native        Male     Hispanic or Latino           4    467500.000000    216852.484422        395000.0        527500.0                85.171000                 8.357572                79.17600                 90.4850                 42.500000                  4.041452                    40.75                    45.25        5.475000e+05       223960.562004           485000.0           642500.0  118.750000   67.153431      89.25     133.50         4       0         132500.0            157500.0       44.25         1.000000           100.000000
                                    Asian      Female     Hispanic or Latino           3    355000.000000    205182.845287        255000.0        460000.0                69.299667                26.789293                59.40700                 84.5425                 40.500000                  4.949747                      NaN                      NaN        7.050000e+05       629523.629421           350000.0           950000.0  140.666667  112.646941      76.00     179.00         3       0         205000.0            600000.0      103.00         1.000000           100.000000
                                    Asian      Female Not Hispanic or Latino         243    567592.592593    236388.693311        395000.0        705000.0                71.773790                17.114559                63.19000                 80.0000                 43.632432                  4.031807                      NaN                      NaN        8.167695e+05       333429.085319           590000.0           975000.0  181.909465  100.058289     116.50     211.00       231      12         310000.0            385000.0       94.50         0.950617            95.061728
                                    Asian        Male     Hispanic or Latino          12    531666.666667    232587.552756        415000.0        612500.0                79.927333                12.513392                73.74850                 89.9415                 43.700000                  4.785394                      NaN                      NaN        7.041667e+05       402660.658695           465000.0           767500.0  206.666667  156.768117     129.00     213.50        11       1         197500.0            302500.0       84.50         0.916667            91.666667
                                    Asian        Male Not Hispanic or Latino         360    612500.000000    216861.315323        462500.0        755000.0                73.842869                17.358722                66.30375                 85.0000                 43.610236                  4.195053                      NaN                      NaN        8.869167e+05       408373.284575           615000.0          1060000.0  199.738889  138.029986     136.00     231.50       338      22         292500.0            445000.0       95.50         0.938889            93.888889
                Black or African American      Female     Hispanic or Latino           6    470000.000000    117430.830705        382500.0        520000.0                82.270000                20.129990                85.00250                 90.0000                 43.600000                  5.176872                      NaN                      NaN        6.766667e+05       233616.494851           515000.0           770000.0  146.666667   78.800169     108.00     137.75         6       0         137500.0            255000.0       29.75         1.000000           100.000000
                Black or African American      Female Not Hispanic or Latino          45    579222.222222    239150.854720        475000.0        695000.0                83.645000                16.684449                80.00000                 95.0000                 44.923077                  3.895913                      NaN                      NaN        7.194444e+05       245454.638982           545000.0           845000.0  252.688889  534.349980     124.00     217.00        43       2         220000.0            300000.0       93.00         0.955556            95.555556
                Black or African American        Male     Hispanic or Latino           2    575000.000000    226274.169980        495000.0        655000.0                95.000000                 7.071068                92.50000                 97.5000                 45.500000                  2.121320                    44.75                    46.25        6.750000e+05       212132.034356           600000.0           750000.0  159.500000   78.488853     131.75     187.25         1       1         160000.0            150000.0       55.50         0.500000            50.000000
                Black or African American        Male Not Hispanic or Latino          42    537857.142857    240581.467509        357500.0        652500.0                79.422595                16.937312                70.72575                 90.0000                 44.727273                  4.079466                      NaN                      NaN        7.047619e+05       297038.127595           490000.0           807500.0  157.904762   94.530627      91.25     190.50        36       6         295000.0            317500.0       99.25         0.857143            85.714286
Native Hawaiian or Other Pacific Islander      Female     Hispanic or Latino           2    445000.000000     14142.135624        440000.0        450000.0                77.069000                 4.145060                75.60350                 78.5345                 48.000000                  0.000000                    48.00                    48.00        5.750000e+05        14142.135624           570000.0           580000.0   91.000000    2.828427      90.00      92.00         2       0          10000.0             10000.0        2.00         1.000000           100.000000
Native Hawaiian or Other Pacific Islander      Female Not Hispanic or Latino           1    515000.000000              NaN        515000.0        515000.0                80.000000                      NaN                80.00000                 80.0000                 48.000000                       NaN                    48.00                    48.00        6.450000e+05                 NaN           645000.0           645000.0  195.000000         NaN     195.00     195.00         1       0              0.0                 0.0        0.00         1.000000           100.000000
Native Hawaiian or Other Pacific Islander        Male     Hispanic or Latino           1    945000.000000              NaN        945000.0        945000.0                90.000000                      NaN                90.00000                 90.0000                 48.000000                       NaN                    48.00                    48.00        1.055000e+06                 NaN          1055000.0          1055000.0  246.000000         NaN     246.00     246.00         1       0              0.0                 0.0        0.00         1.000000           100.000000
Native Hawaiian or Other Pacific Islander        Male Not Hispanic or Latino           3    545000.000000    295127.091267        450000.0        715000.0                76.000000                21.283797                66.50000                 87.5000                 43.000000                  4.000000                    41.00                    45.00        6.783333e+05       258907.963055           580000.0           825000.0  144.000000   55.758407     122.50     175.50         3       0         265000.0            245000.0       53.00         1.000000           100.000000
                                    White      Female     Hispanic or Latino         169    423047.337278    213592.508414        275000.0        525000.0                81.203734                19.335590                74.07000                 95.0000                 43.905797                  4.139692                      NaN                      NaN        5.594970e+05       292603.077569           365000.0           685000.0  132.082840   82.802578      77.00     157.00       156      13         250000.0            320000.0       80.00         0.923077            92.307692
                                    White      Female Not Hispanic or Latino         367    466743.869210    235191.376113        305000.0        605000.0                70.210362                21.272209                56.51700                 85.0000                 43.453184                  4.186518                      NaN                      NaN        7.239373e+05       415380.810069           470000.0           895000.0  160.490463  115.225814      94.00     200.00       346      21         300000.0            425000.0      106.00         0.942779            94.277929
                                    White        Male     Hispanic or Latino         282    474326.241135    199292.092236        335000.0        605000.0                82.418865                15.678315                78.84250                 95.0000                 43.836449                  3.942828                      NaN                      NaN        5.985816e+05       256382.461635           405000.0           735000.0  163.574468  140.907114      94.00     186.75       266      16         270000.0            330000.0       92.75         0.943262            94.326241
                                    White        Male Not Hispanic or Latino         443    563419.864560    249822.081057        375000.0        725000.0                75.819648                17.784935                69.95500                 89.9940                 43.729167                  4.025561                      NaN                      NaN        7.851580e+05       401266.910356           505000.0           950000.0  228.352144  308.086236     123.00     249.00       407      36         350000.0            445000.0      126.00         0.918736            91.873589