                             derived_race derived_sex      derived_ethnicity  total_apps  avg_loan_amount  std_loan_amount  Q1_loan_amount  Q3_loan_amount  avg_loan_to_value_ratio  std_loan_to_value_ratio  Q1_loan_to_value_ratio  Q3_loan_to_value_ratio  avg_debt_to_income_ratio  std_debt_to_income_ratio  Q1_debt_to_income_ratio  Q3_debt_to_income_ratio  avg_property_value  std_property_value  Q1_property_value  Q3_property_value  avg_income  std_income  Q1_income  Q3_income  accepted  denied  iqr_loan_amount  iqr_property_value  iqr_income  acceptance_rate  acceptance_rate_pct
                 2 or more minority races      Female     Hispanic or Latino           1    515000.000000              NaN        515000.0        515000.0                97.000000                      NaN                97.00000                97.00000                 48.000000                       NaN                    48.00                    48.00        5.350000e+05                 NaN           535000.0           535000.0  122.000000         NaN     122.00     122.00         1       0              0.0                 0.0        0.00         1.000000           100.000000
                 2 or more minority races      Female Not Hispanic or Latino           3    598333.333333    405010.287935        380000.0        780000.0                79.996667                 9.995000                75.00000                84.99500                 42.500000                  9.192388                      NaN                      NaN        7.350000e+05       430348.695827           525000.0           955000.0  161.333333   92.791882     122.00     212.50         3       0         400000.0            430000.0       90.50         1.000000           100.000000
                 2 or more minority races        Male     Hispanic or Latino           3    758333.333333    153079.500043        670000.0        805000.0                89.000000                 8.544004                85.00000                93.50000                 47.500000                  2.121320                      NaN                      NaN        1.018333e+06       208406.653765           905000.0          1110000.0  314.333333  213.064153     191.50     381.50         3       0         135000.0            205000.0      190.00         1.000000           100.000000
                 2 or more minority races        Male Not Hispanic or Latino           3    441666.666667     56862.407031        410000.0        465000.0                97.916667                 3.467107                96.00000                99.37500                 46.333333                  3.785939                    45.00                    48.50        4.550000e+05        60827.625303           420000.0           475000.0  110.333333   21.385353     101.00     122.00         3       0          55000.0             55000.0       21.00         1.000000           100.000000
         American Indian or Alaska Native      Female     Hispanic or Latino           5    365000.000000    103923.048454        275000.0        425000.0                67.176000                29.350892                58.00000                80.00000                 42.333333                  4.725816                      NaN                      NaN        6.350000e+05       290602.821734           475000.0           595000.0  125.000000   32.977265     107.00     131.00         4       1         150000.0            120000.0       24.00         0.800000            80.000000
         American Indian or Alaska Native      Female Not Hispanic or Latino           2    325000.000000         0.000000        325000.0        325000.0                73.959500                29.755760                63.43925                84.47975                 41.000000                       NaN                      NaN                      NaN        4.750000e+05       183847.763109           410000.0           540000.0  122.000000   45.254834     106.00     138.00         2       0              0.0            130000.0       32.00         1.000000           100.000000
         American Indian or Alaska Native        Male     Hispanic or Latino          18    376111.111111    170117.222176        282500.0        445000.0                74.406889                22.217415                64.55500                93.75000                 41.500000                  3.023716                      NaN                      NaN        5.172222e+05       203022.906721           405000.0           655000.0  132.222222   68.873760      88.25     173.50        12       6         162500.0            250000.0       85.25         0.666667            66.666667
         American Indian or Alaska Native        Male Not Hispanic or Latino           7    580714.285714    166918.856819        505000.0        695000.0                77.909714                17.001020                68.57150                88.50000                 43.000000                  3.847077                      NaN                      NaN        7.764286e+05       312219.397829           570000.0           870000.0  219.142857  152.941632     134.50     240.00         7       0         190000.0            300000.0      105.50         1.000000           100.000000
                                    Asian      Female     Hispanic or Latino           9    488333.333333    152970.585408        355000.0        565000.0                73.727111                14.789972                64.34700                80.00000                 45.000000                  3.854496                      NaN                      NaN        6.650000e+05       164240.677057           595000.0           715000.0  143.111111   49.913536     118.00     183.00         9       0         210000.0            120000.0       65.00         1.000000           100.000000
                                    Asian      Female Not Hispanic or Latino         234    593247.863248    234454.728776        415000.0        752500.0                73.616636                16.426953                65.00000                80.00000                 44.221557                  4.136819                      NaN                      NaN        8.372222e+05       364875.453173           605000.0          1022500.0  187.944444  124.905703     124.00     228.00       217      17         337500.0            417500.0      104.00         0.927350            92.735043
                                    Asian        Male     Hispanic or Latino           9    563888.888889    316798.218289        365000.0        705000.0                76.435000                25.791529                79.54500                92.00000                 45.000000                  2.280351                      NaN                      NaN        7.872222e+05       451491.355891           495000.0           885000.0  184.111111  112.009424      96.00     253.00         9       0         340000.0            390000.0      157.00         1.000000           100.000000
                                    Asian        Male Not Hispanic or Latino         381    625524.934383    241382.503907        455000.0        765000.0                72.934192                18.342633                65.59400                85.00000                 43.454545                  4.044543                      NaN                      NaN        9.110367e+05       422477.391128           625000.0          1145000.0  209.125984  178.028664     135.00     242.00       344      37         310000.0            520000.0      107.00         0.902887            90.288714
                Black or African American      Female     Hispanic or Latino           4    452500.000000    180069.431054        385000.0        517500.0                86.754250                11.934107                78.75000                93.00425                 45.750000                  3.403430                    44.75                    47.50        5.525000e+05       269242.765301           425000.0           662500.0  133.750000   85.316567      93.00     142.25         3       1         132500.0            237500.0       49.25         0.750000            75.000000
                Black or African American      Female Not Hispanic or Latino          61    484508.196721    198967.553716        325000.0        555000.0                81.955361                18.246775                75.00000                95.55800                 44.270833                  4.170512                      NaN                      NaN        6.472951e+05       319115.409858           425000.0           755000.0  148.049180   78.706295      95.00     178.00        52       9         230000.0            330000.0       83.00         0.852459            85.245902
                Black or African American        Male     Hispanic or Latino           3    708333.333333    289194.283023        580000.0        865000.0                88.365333                16.448217                82.31800                97.73000                 45.000000                  5.656854                      NaN                      NaN        8.916667e+05       302875.111776           785000.0          1065000.0  139.666667   46.704746     119.00     165.00         2       1         285000.0            280000.0       46.00         0.666667            66.666667
                Black or African American        Male Not Hispanic or Latino          32    570000.000000    263500.015303        412500.0        747500.0                79.706219                23.791577                77.25000                95.00000                 44.181818                  3.935629                      NaN                      NaN        8.278125e+05       682018.987414           515000.0           852500.0  216.937500  157.074451     111.75     252.50        28       4         335000.0            337500.0      140.75         0.875000            87.500000
Native Hawaiian or Other Pacific Islander        Male     Hispanic or Latino           2    625000.000000     42426.406871        610000.0        640000.0                79.028000                 8.445683                76.04200                82.01400                 47.500000                  2.121320                    46.75                    48.25        8.050000e+05       141421.356237           755000.0           855000.0  137.500000   16.263456     131.75     143.25         2       0          30000.0            100000.0       11.50         1.000000           100.000000
Native Hawaiian or Other Pacific Islander        Male Not Hispanic or Latino           4    440000.000000    202895.703914        365000.0        580000.0                72.902500                27.235480                68.15250                89.25000                 46.666667                  2.516611                      NaN                      NaN        5.875000e+05       135246.688191           480000.0           677500.0  167.250000   69.858786     114.50     205.25         4       0         215000.0            197500.0       90.75         1.000000           100.000000
                                    White      Female     Hispanic or Latino         186    458064.516129    200760.085753        325000.0        582500.0                82.235699                16.504380                78.11500                95.00000                 44.244755                  3.866098                      NaN                      NaN        5.727419e+05       227883.939319           415000.0           715000.0  146.962366  103.786494      92.00     164.50       173      13         257500.0            300000.0       72.50         0.930108            93.010753
                                    White      Female Not Hispanic or Latino         314    458694.267516    233119.658627        297500.0        582500.0                70.730296                19.803609                56.74200                84.75500                 43.800000                  3.941050                      NaN                      NaN        6.785350e+05       322547.646700           465000.0           862500.0  159.449045  101.505972      91.25     196.00       294      20         285000.0            397500.0      104.75         0.936306            93.630573
                                    White        Male     Hispanic or Latino         263    476064.638783    200342.282499        335000.0        615000.0                81.727970                17.077475                79.99250                95.00000                 44.112821                  3.715056                      NaN                      NaN        6.085741e+05       264843.611525           430000.0           765000.0  163.524715  145.777719      97.00     187.00       240      23         280000.0            335000.0       90.00         0.912548            91.254753
                                    White        Male Not Hispanic or Latino         456    535000.000000    262156.735268        345000.0        695000.0                73.303853                19.677221                61.21000                89.99850                 43.665493                  3.982835                      NaN                      NaN        7.793860e+05       470972.405506           502500.0           925000.0  202.506579  149.850299     111.75     242.00       430      26         350000.0            422500.0      130.25         0.942982            94.298246