                             derived_race derived_sex      derived_ethnicity  total_apps  avg_loan_amount  std_loan_amount  Q1_loan_amount  Q3_loan_amount  avg_loan_to_value_ratio  std_loan_to_value_ratio  Q1_loan_to_value_ratio  Q3_loan_to_value_ratio  avg_debt_to_income_ratio  std_debt_to_income_ratio  Q1_debt_to_income_ratio  Q3_debt_to_income_ratio  avg_property_value  std_property_value  Q1_property_value  Q3_property_value  avg_income  std_income  Q1_income  Q3_income  accepted  denied  iqr_loan_amount  iqr_property_value  iqr_income  acceptance_rate  acceptance_rate_pct
                 2 or more minority races      Female Not Hispanic or Latino           3    335000.000000     78102.496759        290000.0        360000.0                73.630000                14.405232                65.44500                79.00000                 46.333333                  2.516611                     45.0                    47.50       471666.666667       145716.619963           395000.0           540000.0   77.666667   10.785793      71.50      81.50         3       0          70000.0            145000.0       10.00         1.000000           100.000000
                 2 or more minority races        Male     Hispanic or Latino           4    547500.000000    195512.147960        540000.0        642500.0                82.449000                13.318799                76.19900                91.25000                 43.000000                  4.320494                     40.5                    44.50       702500.000000       305655.034312           605000.0           872500.0  141.250000   53.149945     127.75     174.00         3       1         102500.0            267500.0       46.25         0.750000            75.000000
                 2 or more minority races        Male Not Hispanic or Latino           5    503000.000000    152381.101190        425000.0        585000.0                90.750000                 8.792753                85.00000                97.00000                 44.000000                  3.741657                     42.0                    48.00       559000.000000       184743.064822           415000.0           645000.0  137.800000   25.839892     121.00     143.00         5       0         160000.0            230000.0       22.00         1.000000           100.000000
         American Indian or Alaska Native      Female     Hispanic or Latino           5    341000.000000    140285.423334        255000.0        435000.0                77.945000                28.689831                80.00000                99.90000                 45.333333                  6.350853                      NaN                      NaN       497000.000000       245906.486291           445000.0           565000.0  117.600000   28.588459      94.00     128.00         5       0         180000.0            120000.0       34.00         1.000000           100.000000
         American Indian or Alaska Native      Female Not Hispanic or Latino           3    468333.333333     51316.014394        440000.0        490000.0                71.666667                14.433757                67.50000                80.00000                 41.000000                  4.582576                     38.5                    43.00       675000.000000       105356.537529           620000.0           725000.0  126.000000   17.776389     119.00     136.00         3       0          50000.0            105000.0       17.00         1.000000           100.000000
         American Indian or Alaska Native        Male     Hispanic or Latino           2    410000.000000    304055.915910        302500.0        517500.0                87.740000                 3.874945                86.37000                89.11000                 43.000000                       NaN                      NaN                      NaN       475000.000000       367695.526217           345000.0           605000.0  149.500000   60.104076     128.25     170.75         1       1         215000.0            260000.0       42.50         0.500000            50.000000
         American Indian or Alaska Native        Male Not Hispanic or Latino           2    285000.000000    226274.169980        205000.0        365000.0                77.500000                 3.535534                76.25000                78.75000                 40.000000                       NaN                      NaN                      NaN       365000.000000       282842.712475           265000.0           465000.0   86.500000   33.234019      74.75      98.25         2       0         160000.0            200000.0       23.50         1.000000           100.000000
                                    Asian      Female     Hispanic or Latino           7    435000.000000    167531.091642        380000.0        465000.0                77.293714                15.118329                67.75000                90.00000                 45.333333                  4.926121                      NaN                      NaN       567857.142857       215074.737840           450000.0           670000.0  125.285714   87.726306      72.50     139.50         6       1          85000.0            220000.0       67.00         0.857143            85.714286
                                    Asian      Female Not Hispanic or Latino         205    584512.195122    222593.351418        425000.0        705000.0                73.587982                17.594916                63.94900                89.12300                 43.722973                  4.115378                      NaN                      NaN       841878.048780       364780.366038           615000.0           995000.0  190.482927  113.668748     125.00     225.00       193      12         280000.0            380000.0      100.00         0.941463            94.146341
                                    Asian        Male     Hispanic or Latino           9    498333.333333    178395.627749        405000.0        615000.0                79.788444                25.343376                80.00000                95.00000                 44.714286                  4.785892                      NaN                      NaN       699444.444444       302742.097796           525000.0           785000.0  143.888889   58.370464      98.00     177.00         9       0         210000.0            260000.0       79.00         1.000000           100.000000
                                    Asian        Male Not Hispanic or Latino         397    617518.891688    234381.202858        455000.0        765000.0                72.982801                17.424242                65.51800                80.00000                 43.936803                  4.014863                      NaN                      NaN       889785.894207       362596.928180           625000.0          1105000.0  205.002519  140.547424     130.00     231.00       363      34         310000.0            480000.0      101.00         0.914358            91.435768
                Black or African American      Female     Hispanic or Latino           4    530000.000000    285248.429736        407500.0        582500.0                92.962500                 3.601244                89.93750                95.50000                 44.750000                  2.872281                     43.0                    45.25       577500.000000       323148.572641           432500.0           645000.0  156.250000   91.576471     116.50     172.25         3       1         175000.0            212500.0       55.75         0.750000            75.000000
                Black or African American      Female Not Hispanic or Latino          34    590000.000000    264245.638707        420000.0        727500.0                84.965882                14.392370                80.00000                95.00000                 43.960000                  4.247352                      NaN                      NaN       719705.882353       340607.614767           497500.0           872500.0  175.058824  112.592841      95.25     192.00        30       4         307500.0            375000.0       96.75         0.882353            88.235294
                Black or African American        Male     Hispanic or Latino           2    625000.000000    353553.390593        500000.0        750000.0                87.500000                10.606602                83.75000                91.25000                 48.000000                       NaN                      NaN                      NaN       745000.000000       494974.746831           570000.0           920000.0  323.500000  263.750829     230.25     416.75         2       0         250000.0            350000.0      186.50         1.000000           100.000000
                Black or African American        Male Not Hispanic or Latino          39    553974.358974    207044.298232        425000.0        660000.0                85.229795                16.525896                80.00000                95.00000                 43.222222                  4.200122                      NaN                      NaN       727564.102564       624490.183433           520000.0           735000.0  162.461538   66.142528     114.00     195.00        31       8         235000.0            215000.0       81.00         0.794872            79.487179
Native Hawaiian or Other Pacific Islander      Female     Hispanic or Latino           2    320000.000000    162634.559673        262500.0        377500.0                75.239000                 1.557049                74.68850                75.78950                 48.000000                       NaN                      NaN                      NaN       425000.000000       226274.169980           345000.0           505000.0   58.500000   43.133514      43.25      73.75         1       1         115000.0            160000.0       30.50         0.500000            50.000000
Native Hawaiian or Other Pacific Islander      Female Not Hispanic or Latino           2    355000.000000    197989.898732        285000.0        425000.0                55.768500                41.339584                41.15275                70.38425                 49.000000                       NaN                      NaN                      NaN       695000.000000       169705.627485           635000.0           755000.0  176.500000  150.613744     123.25     229.75         2       0         140000.0            120000.0      106.50         1.000000           100.000000
Native Hawaiian or Other Pacific Islander        Male Not Hispanic or Latino           1    505000.000000              NaN        505000.0        505000.0                76.923000                      NaN                76.92300                76.92300                       NaN                       NaN                      NaN                      NaN       655000.000000                 NaN           655000.0           655000.0  156.000000         NaN     156.00     156.00         0       1              0.0                 0.0        0.00         0.000000             0.000000
                                    White      Female     Hispanic or Latino         157    447993.630573    206786.973776        305000.0        585000.0                81.203777                16.638949                77.00000                95.00000                 44.487179                  3.856511                      NaN                      NaN       572324.840764       254481.328129           385000.0           715000.0  147.605096  121.661034      82.00     166.00       134      23         280000.0            330000.0       84.00         0.853503            85.350318
                                    White      Female Not Hispanic or Latino         348    467442.528736    243673.991182        295000.0        615000.0                71.141184                21.873879                57.69125                85.28850                 44.347826                  3.801311                      NaN                      NaN       699511.494253       362928.438870           452500.0           905000.0  170.333333  188.310885      93.75     196.00       318      30         320000.0            452500.0      102.25         0.913793            91.379310
                                    White        Male     Hispanic or Latino         289    461020.761246    190756.205988        335000.0        595000.0                82.465754                16.806601                80.00000                95.00000                 44.347418                  4.030714                      NaN                      NaN       580467.128028       247466.060648           405000.0           725000.0  148.705882  101.579539      90.00     172.00       263      26         260000.0            320000.0       82.00         0.910035            91.003460
                                    White        Male Not Hispanic or Latino         480    570916.666667    257769.445410        392500.0        745000.0                75.788413                17.665830                70.00000                88.67825                 43.863492                  4.039270                      NaN                      NaN       794125.000000       413314.502371           525000.0           975000.0  227.877083  324.074896     122.50     250.50       451      29         352500.0            450000.0      128.00         0.939583            93.958333