                             derived_race derived_sex      derived_ethnicity  total_apps  avg_loan_amount  std_loan_amount  Q1_loan_amount  Q3_loan_amount  avg_loan_to_value_ratio  std_loan_to_value_ratio  Q1_loan_to_value_ratio  Q3_loan_to_value_ratio  avg_debt_to_income_ratio  std_debt_to_income_ratio  Q1_debt_to_income_ratio  Q3_debt_to_income_ratio  avg_property_value  std_property_value  Q1_property_value  Q3_property_value  avg_income  std_income  Q1_income  Q3_income  accepted  denied  iqr_loan_amount  iqr_property_value  iqr_income  acceptance_rate  acceptance_rate_pct
                 2 or more minority races      Female Not Hispanic or Latino           4    572500.000000    226476.636028        470000.0        617500.0                77.107500                 7.936806                71.07250                81.75000                 44.000000                  2.828427                      NaN                      NaN       737500.000000       237819.959914           642500.0           825000.0  178.250000   79.529345     146.75     208.00         3       1         147500.0            182500.0       61.25         0.750000            75.000000
                 2 or more minority races        Male     Hispanic or Latino           1    365000.000000              NaN        365000.0        365000.0                80.000000                      NaN                80.00000                80.00000                       NaN                       NaN                      NaN                      NaN       455000.000000                 NaN           455000.0           455000.0  195.000000         NaN     195.00     195.00         1       0              0.0                 0.0        0.00         1.000000           100.000000
                 2 or more minority races        Male Not Hispanic or Latino           5    453000.000000     65726.706901        415000.0        475000.0                85.827400                 9.386211                80.00000                95.00000                 42.250000                  5.315073                      NaN                      NaN       555000.000000        91378.334412           505000.0           595000.0  187.800000  107.115358     127.00     272.00         5       0          60000.0             90000.0      145.00         1.000000           100.000000
         American Indian or Alaska Native      Female     Hispanic or Latino           6    350000.000000    120623.380818        260000.0        425000.0                60.910167                27.394740                39.53950                77.60750                 45.666667                  3.511885                      NaN                      NaN       613333.333333       146617.415973           512500.0           642500.0  122.833333   46.918724      91.25     158.25         6       0         165000.0            130000.0       67.00         1.000000           100.000000
         American Indian or Alaska Native      Female Not Hispanic or Latino           5    483000.000000    263286.915740        465000.0        585000.0                66.046800                30.893202                70.51600                79.51800                 42.666667                  6.027714                      NaN                      NaN       679000.000000       200947.754404           605000.0           745000.0  174.200000  102.179744     162.00     191.00         5       0         120000.0            140000.0       29.00         1.000000           100.000000
         American Indian or Alaska Native        Male     Hispanic or Latino          14    487142.857143    236226.051173        357500.0        587500.0                80.737857                11.205972                77.52250                88.75000                 43.333333                  4.153312                      NaN                      NaN       621428.571429       319846.288632           397500.0           805000.0  170.928571   99.017065     104.75     213.00        13       1         230000.0            407500.0      108.25         0.928571            92.857143
         American Indian or Alaska Native        Male Not Hispanic or Latino           5    477000.000000    316654.385727        165000.0        745000.0                81.711600                11.373625                75.00000                90.00000                 47.000000                  2.828427                      NaN                      NaN       559000.000000       330499.621785           255000.0           795000.0  155.000000  103.443221      53.00     216.00         5       0         580000.0            540000.0      163.00         1.000000           100.000000
                                    Asian      Female     Hispanic or Latino           3    351666.666667     35118.845843        335000.0        370000.0                82.666667                15.176737                74.50000                89.50000                 45.666667                  4.163332                    44.00                    48.00       478333.333333        75718.777944           435000.0           505000.0   74.666667    8.621678      70.00      78.50         3       0          35000.0             70000.0        8.50         1.000000           100.000000
                                    Asian      Female Not Hispanic or Latino         220    570772.727273    218921.898005        425000.0        695000.0                73.507727                17.374666                69.24725                80.00000                 44.014184                  3.758772                      NaN                      NaN       823772.727273       353598.388369           605000.0           987500.0  186.590909  142.784558     116.75     211.25       197      23         270000.0            382500.0       94.50         0.895455            89.545455
                                    Asian        Male     Hispanic or Latino           6    436666.666667    285406.143358        260000.0        520000.0                79.950000                17.668248                72.10000                89.97500                 44.400000                  3.781534                      NaN                      NaN       543333.333333       316190.870625           320000.0           612500.0  128.500000   54.478436     103.00     161.00         6       0         260000.0            292500.0       58.00         1.000000           100.000000
                                    Asian        Male Not Hispanic or Latino         362    644723.756906    243246.579724        445000.0        805000.0                73.320757                16.554138                64.04000                84.67200                 43.715827                  4.002955                      NaN                      NaN       920000.000000       374847.152599           645000.0          1155000.0  236.441989  718.227835     130.00     233.25       340      22         360000.0            510000.0      103.25         0.939227            93.922652
                Black or African American      Female     Hispanic or Latino           3    321666.666667    207444.771767        210000.0        415000.0                76.666667                27.537853                67.50000                92.50000                 46.333333                  3.785939                    45.00                    48.50       405000.000000       173205.080757           305000.0           455000.0  101.000000   54.027771      70.00     119.50         3       0         205000.0            150000.0       49.50         1.000000           100.000000
                Black or African American      Female Not Hispanic or Latino          44    485000.000000    179741.416330        392500.0        615000.0                84.306500                15.606104                79.59250                95.00000                 43.837838                  4.106320                      NaN                      NaN       599772.727273       189276.328528           482500.0           725000.0  151.590909   63.997572     107.00     189.75        41       3         222500.0            242500.0       82.75         0.931818            93.181818
                Black or African American        Male     Hispanic or Latino           2    460000.000000      7071.067812        457500.0        462500.0                81.085000                22.507209                73.12750                89.04250                 48.500000                  0.707107                    48.25                    48.75       590000.000000       176776.695297           527500.0           652500.0  129.500000   21.920310     121.75     137.25         1       1           5000.0            125000.0       15.50         0.500000            50.000000
                Black or African American        Male Not Hispanic or Latino          38    483157.894737    216206.298670        367500.0        595000.0                78.919816                19.819743                71.86550                94.64650                 45.111111                  4.022373                      NaN                      NaN       633157.894737       239987.108473           467500.0           770000.0  136.815789   76.460149      90.50     161.25        30       8         227500.0            302500.0       70.75         0.789474            78.947368
Native Hawaiian or Other Pacific Islander      Female     Hispanic or Latino           1    335000.000000              NaN        335000.0        335000.0                90.000000                      NaN                90.00000                90.00000                 49.000000                       NaN                    49.00                    49.00       365000.000000                 NaN           365000.0           365000.0  143.000000         NaN     143.00     143.00         1       0              0.0                 0.0        0.00         1.000000           100.000000
Native Hawaiian or Other Pacific Islander      Female Not Hispanic or Latino           4    337500.000000    187327.698610        235000.0        387500.0                72.500000                 9.574271                67.50000                80.00000                 40.000000                  5.656854                      NaN                      NaN       492500.000000       176328.292303           392500.0           515000.0  116.250000   60.637585      66.50     165.75         4       0         152500.0            122500.0       99.25         1.000000           100.000000
Native Hawaiian or Other Pacific Islander        Male Not Hispanic or Latino           1    665000.000000              NaN        665000.0        665000.0                95.000000                      NaN                95.00000                95.00000                 43.000000                       NaN                    43.00                    43.00       705000.000000                 NaN           705000.0           705000.0  207.000000         NaN     207.00     207.00         1       0              0.0                 0.0        0.00         1.000000           100.000000
                                    White      Female     Hispanic or Latino         184    422500.000000    205240.762257        272500.0        555000.0                82.054973                16.544912                76.07225                95.00000                 44.143836                  4.155577                      NaN                      NaN       535434.782609       262838.282860           375000.0           677500.0  138.777174  147.800114      79.75     160.25       160      24         282500.0            302500.0       80.50         0.869565            86.956522
                                    White      Female Not Hispanic or Latino         362    472486.187845    241840.887867        295000.0        612500.0                71.445657                20.234364                57.87300                87.07275                 43.696721                  4.029499                      NaN                      NaN       705469.613260       395902.909856           447500.0           872500.0  161.419890  108.328015      96.25     195.75       339      23         317500.0            425000.0       99.50         0.936464            93.646409
                                    White        Male     Hispanic or Latino         254    470314.960630    208041.163485        325000.0        622500.0                83.902398                14.969716                80.00000                95.00000                 44.532609                  3.900262                      NaN                      NaN       580078.740157       260884.391469           405000.0           725000.0  151.822835  146.630441      89.25     173.00       236      18         297500.0            320000.0       83.75         0.929134            92.913386
                                    White        Male Not Hispanic or Latino         476    551449.579832    253839.981878        365000.0        715000.0                73.441002                18.875104                65.00000                85.04625                 43.794643                  3.917367                      NaN                      NaN       790273.109244       394762.725526           512500.0           967500.0  200.905462  183.895787     114.00     225.25       453      23         350000.0            455000.0      111.25         0.951681            95.168067