                             derived_race derived_sex      derived_ethnicity  total_apps  avg_loan_amount  std_loan_amount  Q1_loan_amount  Q3_loan_amount  avg_loan_to_value_ratio  std_loan_to_value_ratio  Q1_loan_to_value_ratio  Q3_loan_to_value_ratio  avg_debt_to_income_ratio  std_debt_to_income_ratio  Q1_debt_to_income_ratio  Q3_debt_to_income_ratio  avg_property_value  std_property_value  Q1_property_value  Q3_property_value  avg_income  std_income  Q1_income  Q3_income  accepted  denied  iqr_loan_amount  iqr_property_value  iqr_income  acceptance_rate  acceptance_rate_pct
                 2 or more minority races      Female Not Hispanic or Latino           6    613333.333333    237100.541262        470000.0        755000.0                75.733667                27.582533                75.78600                91.37950                 43.800000                  3.898718                      NaN                      NaN       881666.666667       228531.544139           805000.0          1052500.0  148.000000   70.088515      90.75     191.50         5       1         285000.0            247500.0      100.75         0.833333            83.333333
                 2 or more minority races        Male     Hispanic or Latino           1    675000.000000              NaN        675000.0        675000.0                97.000000                      NaN                97.00000                97.00000                 46.000000                       NaN                    46.00                    46.00       975000.000000                 NaN           975000.0           975000.0  203.000000         NaN     203.00     203.00         1       0              0.0                 0.0        0.00         1.000000           100.000000
                 2 or more minority races        Male Not Hispanic or Latino           8    476250.000000    207876.165060        352500.0        592500.0                87.352250                 9.276764                78.75000                95.00000                 45.875000                  3.181981                    43.50                    48.25       568750.000000       296404.043736           382500.0           687500.0  130.750000   67.292008      82.75     149.00         7       1         240000.0            305000.0       66.25         0.875000            87.500000
         American Indian or Alaska Native      Female     Hispanic or Latino           6    525000.000000    181879.080710        452500.0        642500.0                76.833333                19.135482                68.25000                87.25000                 45.500000                  1.378405                    45.00                    45.75       728333.333333       243118.626737           610000.0           917500.0  132.000000   50.833060     104.00     167.75         6       0         190000.0            307500.0       63.75         1.000000           100.000000
         American Indian or Alaska Native      Female Not Hispanic or Latino           5    525000.000000    260576.284416        375000.0        535000.0                73.421000                21.665732                58.20500                89.90000                 43.000000                  6.557439                      NaN                      NaN       713000.000000       273075.081251           565000.0           645000.0  156.800000   72.585811     135.00     156.00         5       0         160000.0             80000.0       21.00         1.000000           100.000000
         American Indian or Alaska Native        Male     Hispanic or Latino           8    442500.000000    135092.560861        340000.0        520000.0                75.857000                23.882738                68.81275                90.68175                 41.200000                  3.768289                      NaN                      NaN       645000.000000       259560.067367           497500.0           782500.0  149.625000   60.926038     140.25     179.25         7       1         180000.0            285000.0       39.00         0.875000            87.500000
         American Indian or Alaska Native        Male Not Hispanic or Latino           4    410000.000000     63508.529611        375000.0        435000.0                67.826500                25.240061                57.78875                80.84825                 42.000000                  5.000000                      NaN                      NaN       682500.000000       297699.512932           507500.0           755000.0  110.500000   40.418643      84.25     123.75         3       1          60000.0            247500.0       39.50         0.750000            75.000000
                                    Asian      Female     Hispanic or Latino           5    485000.000000    231624.696438        365000.0        595000.0                78.187400                16.360808                65.67000                95.00000                 44.333333                  2.516611                      NaN                      NaN       681000.000000       390166.631069           385000.0           905000.0  122.600000   81.946934      98.00     181.00         4       1         230000.0            520000.0       83.00         0.800000            80.000000
                                    Asian      Female Not Hispanic or Latino         220    571590.909091    241522.408670        395000.0        737500.0                71.805218                18.785227                60.92325                80.00000                 43.469512                  4.185021                      NaN                      NaN       838181.818182       413219.748316           595000.0          1005000.0  178.677273   90.846755     119.50     212.25       207      13         342500.0            410000.0       92.75         0.940909            94.090909
                                    Asian        Male     Hispanic or Latino          10    551000.000000    232149.377198        397500.0        685000.0                85.110000                 7.733685                80.00000                90.32500                 45.875000                  2.356602                      NaN                      NaN       669000.000000       304236.749917           435000.0           852500.0  189.400000  176.721501     112.75     173.25        10       0         287500.0            417500.0       60.50         1.000000           100.000000
                                    Asian        Male Not Hispanic or Latino         371    615539.083558    239795.476950        445000.0        765000.0                73.915442                18.527118                65.57000                85.65050                 43.818519                  4.064584                      NaN                      NaN       902008.086253       451059.949799           615000.0          1045000.0  204.191375  122.287581     131.00     244.00       346      25         320000.0            430000.0      113.00         0.932615            93.261456
                Black or African American      Female     Hispanic or Latino           2    275000.000000    254558.441227        185000.0        365000.0                65.870000                41.196041                51.30500                80.43500                 49.000000                       NaN                      NaN                      NaN       375000.000000       155563.491861           320000.0           430000.0   80.000000   76.367532      53.00     107.00         2       0         180000.0            110000.0       54.00         1.000000           100.000000
                Black or African American      Female Not Hispanic or Latino          59    519237.288136    180642.563719        375000.0        645000.0                84.242797                14.519605                80.00000                95.00000                 45.268293                  3.521537                      NaN                      NaN       652118.644068       262311.021285           465000.0           820000.0  160.322034   81.003499     105.00     187.00        50       9         270000.0            355000.0       82.00         0.847458            84.745763
                Black or African American        Male     Hispanic or Latino           5    597000.000000    289775.775385        385000.0        865000.0                91.800000                 8.288546                90.00000                97.00000                 45.333333                  1.154701                      NaN                      NaN       675000.000000       384252.521137           395000.0           965000.0  182.000000  113.740934     114.00     249.00         3       2         480000.0            570000.0      135.00         0.600000            60.000000
                Black or African American        Male Not Hispanic or Latino          33    545303.030303    260174.038488        395000.0        745000.0                87.143212                15.988335                80.00000                95.00000                 44.681818                  4.444219                      NaN                      NaN       663787.878788       325132.257471           475000.0           815000.0  174.060606  119.211718      99.00     203.00        25       8         350000.0            340000.0      104.00         0.757576            75.757576
Native Hawaiian or Other Pacific Islander      Female     Hispanic or Latino           1    225000.000000              NaN        225000.0        225000.0                37.500000                      NaN                37.50000                37.50000                 42.000000                       NaN                    42.00                    42.00       605000.000000                 NaN           605000.0           605000.0   66.000000         NaN      66.00      66.00         1       0              0.0                 0.0        0.00         1.000000           100.000000
Native Hawaiian or Other Pacific Islander        Male     Hispanic or Latino           2    230000.000000     77781.745931        202500.0        257500.0                94.840500                 0.225567                94.76075                94.92025                 47.500000                  2.121320                    46.75                    48.25       250000.000000        91923.881554           217500.0           282500.0   66.000000   15.556349      60.50      71.50         2       0          55000.0             65000.0       11.00         1.000000           100.000000
Native Hawaiian or Other Pacific Islander        Male Not Hispanic or Latino           1    735000.000000              NaN        735000.0        735000.0                90.000000                      NaN                90.00000                90.00000                 38.000000                       NaN                    38.00                    38.00       815000.000000                 NaN           815000.0           815000.0  448.000000         NaN     448.00     448.00         1       0              0.0                 0.0        0.00         1.000000           100.000000
                                    White      Female     Hispanic or Latino         170    425647.058824    206068.134069        285000.0        545000.0                81.501863                17.519772                78.77975                95.00000                 44.515152                  3.923865                      NaN                      NaN       549705.882353       257879.785925           395000.0           662500.0  136.223529   95.633221      77.50     159.00       151      19         260000.0            267500.0       81.50         0.888235            88.823529
                                    White      Female Not Hispanic or Latino         335    485626.865672    243199.533405        325000.0        655000.0                72.082872                21.681824                59.91950                89.66450                 43.881579                  4.230060                      NaN                      NaN       720223.880597       377942.579554           455000.0           905000.0  171.220896  130.453030     103.50     200.50       308      27         330000.0            450000.0       97.00         0.919403            91.940299
                                    White        Male     Hispanic or Latino         273    477673.992674    199128.136264        345000.0        615000.0                84.050828                14.396948                80.00000                95.00000                 44.165829                  3.735935                      NaN                      NaN       587967.032967       237583.551119           425000.0           745000.0  171.018315  233.781973      94.00     184.00       243      30         270000.0            320000.0       90.00         0.890110            89.010989
                                    White        Male Not Hispanic or Latino         475    571863.157895    259558.315624        375000.0        765000.0                75.099088                22.720863                65.28850                89.98900                 43.542320                  4.027882                      NaN                      NaN       825989.473684       473354.210660           525000.0          1060000.0  228.498947  476.022946     122.00     250.00       451      24         390000.0            535000.0      128.00         0.949474            94.947368