                             derived_race derived_sex      derived_ethnicity  total_apps  avg_loan_amount  std_loan_amount  Q1_loan_amount  Q3_loan_amount  avg_loan_to_value_ratio  std_loan_to_value_ratio  Q1_loan_to_value_ratio  Q3_loan_to_value_ratio  avg_debt_to_income_ratio  std_debt_to_income_ratio  Q1_debt_to_income_ratio  Q3_debt_to_income_ratio  avg_property_value  std_property_value  Q1_property_value  Q3_property_value  avg_income  std_income  Q1_income  Q3_income  accepted  denied  iqr_loan_amount  iqr_property_value  iqr_income  acceptance_rate  acceptance_rate_pct
                 2 or more minority races      Female     Hispanic or Latino           2    605000.000000    127279.220614        560000.0        650000.0                93.500000                 4.949747                91.75000                95.25000                 44.000000                  5.656854                     42.0                     46.0       735000.000000       282842.712475           635000.0           835000.0  173.000000   72.124892     147.50     198.50         2       0          90000.0            200000.0       51.00         1.000000           100.000000
                 2 or more minority races      Female Not Hispanic or Latino           5    521000.000000    225565.954878        305000.0        725000.0                87.701200                 5.264732                85.00000                90.00000                 45.250000                  4.500000                      NaN                      NaN       593000.000000       250539.418056           385000.0           775000.0  179.000000  128.627369      86.00     184.00         5       0         420000.0            390000.0       98.00         1.000000           100.000000
                 2 or more minority races        Male     Hispanic or Latino           1    255000.000000              NaN        255000.0        255000.0                95.000000                      NaN                95.00000                95.00000                 39.000000                       NaN                     39.0                     39.0       275000.000000                 NaN           275000.0           275000.0   64.000000         NaN      64.00      64.00         0       1              0.0                 0.0        0.00         0.000000             0.000000
                 2 or more minority races        Male Not Hispanic or Latino           4    695000.000000    337934.904974        595000.0        850000.0                82.462000                25.801699                82.19175                95.27025                 46.000000                  2.645751                      NaN                      NaN       805000.000000       236220.236220           692500.0           902500.0  182.250000   65.688025     168.25     214.50         3       1         255000.0            210000.0       46.25         0.750000            75.000000
         American Indian or Alaska Native      Female     Hispanic or Latino           5    305000.000000     29154.759474        285000.0        325000.0                82.755600                12.680565                74.11800                95.00000                 42.666667                  3.785939                      NaN                      NaN       379000.000000        80187.280787           335000.0           425000.0  136.000000   83.021082      78.00     190.00         5       0          40000.0             90000.0      112.00         1.000000           100.000000
         American Indian or Alaska Native      Female Not Hispanic or Latino           5    459000.000000    175157.072366        325000.0        605000.0                77.527400                16.028942                80.00000                87.64700                 40.250000                  4.787136                      NaN                      NaN       601000.000000       182016.482770           485000.0           755000.0  215.800000  184.300570     121.00     185.00         5       0         280000.0            270000.0       64.00         1.000000           100.000000
         American Indian or Alaska Native        Male     Hispanic or Latino           7    407857.142857    191895.308759        260000.0        565000.0                83.858571                15.242332                80.00000                95.00000                 47.200000                  1.788854                      NaN                      NaN       489285.714286       180541.513495           365000.0           650000.0  124.571429   58.197529      74.00     155.00         5       2         305000.0            285000.0       81.00         0.714286            71.428571
         American Indian or Alaska Native        Male Not Hispanic or Latino           5    361000.000000    320046.871567        215000.0        285000.0                87.047000                 9.467235                80.00000                95.00000                 46.500000                  3.535534                      NaN                      NaN       449000.000000       444274.689804           225000.0           355000.0  138.000000  134.549247      64.00     111.00         5       0          70000.0            130000.0       47.00         1.000000           100.000000
                                    Asian      Female     Hispanic or Latino           6    388333.333333    159080.692313        305000.0        460000.0                82.874833                18.769859                80.00000                96.50000                 44.250000                  2.986079                      NaN                      NaN       491666.666667       210776.342759           385000.0           592500.0   93.500000   56.613603      88.75     106.25         4       2         155000.0            207500.0       17.50         0.666667            66.666667
                                    Asian      Female Not Hispanic or Latino         246    558170.731707    228563.632271        397500.0        695000.0                72.688732                18.761877                63.00000                84.34475                 43.810345                  4.191059                      NaN                      NaN       806138.211382       343187.229799           565000.0           925000.0  208.089431  557.801420     111.25     212.75       232      14         297500.0            360000.0      101.50         0.943089            94.308943
                                    Asian        Male     Hispanic or Latino           9    593888.888889    222735.518297        465000.0        685000.0                83.911889                11.508022                72.23200                93.33300                 43.500000                  2.428992                      NaN                      NaN       721666.666667       291290.233273           535000.0           895000.0  212.111111   82.590018     162.00     273.00         9       0         220000.0            360000.0      111.00         1.000000           100.000000
                                    Asian        Male Not Hispanic or Latino         340    649264.705882    232085.048090        485000.0        767500.0                74.726512                16.331173                69.42975                85.18325                 43.752000                  4.102416                      NaN                      NaN       914676.470588       376895.658635           645000.0          1105000.0  231.061765  414.617276     131.00     250.25       320      20         282500.0            460000.0      119.25         0.941176            94.117647
                Black or African American      Female     Hispanic or Latino           2    255000.000000     42426.406871        240000.0        270000.0                66.281500                40.614092                51.92225                80.64075                 42.000000                       NaN                      NaN                      NaN       450000.000000       205060.966544           377500.0           522500.0   87.000000   15.556349      81.50      92.50         2       0          30000.0            145000.0       11.00         1.000000           100.000000
                Black or African American      Female Not Hispanic or Latino          45    488111.111111    222463.707175        365000.0        595000.0                82.172267                18.430102                72.00000                95.00000                 46.166667                  3.037856                      NaN                      NaN       636555.555556       305963.125790           445000.0           795000.0  141.644444   62.128224     105.00     180.00        34      11         230000.0            350000.0       75.00         0.755556            75.555556
                Black or African American        Male     Hispanic or Latino           5    707000.000000    303265.560194        565000.0        875000.0                92.296200                 6.080845                89.48100                97.00000                 44.666667                  0.577350                      NaN                      NaN       775000.000000       364760.195197           575000.0          1025000.0  256.400000  165.070591     119.00     275.00         4       1         310000.0            450000.0      156.00         0.800000            80.000000
                Black or African American        Male Not Hispanic or Latino          27    532777.777778    262023.682625        395000.0        625000.0                82.771111                12.685749                80.00000                90.00000                 43.181818                  3.800205                      NaN                      NaN       680925.925926       367321.482118           490000.0           740000.0  183.666667  120.024357     103.50     206.00        22       5         230000.0            250000.0      102.50         0.814815            81.481481
Native Hawaiian or Other Pacific Islander      Female Not Hispanic or Latino           3    445000.000000    168226.038413        350000.0        510000.0                85.000000                 8.660254                80.00000                87.50000                 46.000000                  2.828427                      NaN                      NaN       531666.666667       228108.161479           400000.0           600000.0  144.000000   34.655447     133.50     164.00         3       0         160000.0            200000.0       30.50         1.000000           100.000000
Native Hawaiian or Other Pacific Islander        Male Not Hispanic or Latino           2    500000.000000     91923.881554        467500.0        532500.0                85.000000                 7.071068                82.50000                87.50000                 47.000000                       NaN                      NaN                      NaN       595000.000000       155563.491861           540000.0           650000.0  248.500000   85.559921     218.25     278.75         2       0          65000.0            110000.0       60.50         1.000000           100.000000
                                    White      Female     Hispanic or Latino         168    444821.428571    190459.492336        325000.0        555000.0                82.680792                17.076706                79.99950                95.00000                 45.341270                  3.408607                      NaN                      NaN       574226.190476       282304.454125           405000.0           685000.0  143.827381  146.896843      87.75     156.25       153      15         230000.0            280000.0       68.50         0.910714            91.071429
                                    White      Female Not Hispanic or Latino         331    474697.885196    260563.316266        295000.0        630000.0                69.861163                20.001808                57.26500                80.00000                 43.255924                  4.216848                      NaN                      NaN       701404.833837       373310.423075           435000.0           895000.0  170.081571  120.353152      95.00     211.00       306      25         335000.0            460000.0      116.00         0.924471            92.447130
                                    White        Male     Hispanic or Latino         283    460406.360424    205181.361296        315000.0        585000.0                84.778007                14.744759                80.00000                95.00000                 43.761682                  4.095598                      NaN                      NaN       574081.272085       258965.215296           385000.0           720000.0  164.533569  145.580380      95.00     182.00       266      17         270000.0            335000.0       87.00         0.939929            93.992933
                                    White        Male Not Hispanic or Latino         499    566262.525050    245431.775130        375000.0        735000.0                75.442208                18.274588                68.52250                88.99500                 43.724551                  4.112041                      NaN                      NaN       816683.366733       538122.546866           500000.0           985000.0  216.468938  181.655994     119.50     246.00       462      37         360000.0            485000.0      126.50         0.925852            92.585170