                             derived_race derived_sex      derived_ethnicity  total_apps  avg_loan_amount  std_loan_amount  Q1_loan_amount  Q3_loan_amount  avg_loan_to_value_ratio  std_loan_to_value_ratio  Q1_loan_to_value_ratio  Q3_loan_to_value_ratio  avg_debt_to_income_ratio  std_debt_to_income_ratio  Q1_debt_to_income_ratio  Q3_debt_to_income_ratio  avg_property_value  std_property_value  Q1_property_value  Q3_property_value  avg_income  std_income  Q1_income  Q3_income  accepted  denied  iqr_loan_amount  iqr_property_value  iqr_income  acceptance_rate  acceptance_rate_pct
                 2 or more minority races      Female Not Hispanic or Latino           5    359000.000000    114149.025401        245000.0        415000.0                73.170400                28.873545                80.00000                88.10000                 44.000000                  6.928203                      NaN                      NaN        5.950000e+05       301413.337462           465000.0           605000.0   98.600000   35.253369      67.00     129.00         4       1         170000.0            140000.0       62.00         0.800000            80.000000
                 2 or more minority races        Male     Hispanic or Latino           1    435000.000000              NaN        435000.0        435000.0                87.001000                      NaN                87.00100                87.00100                 44.000000                       NaN                     44.0                     44.0        4.950000e+05                 NaN           495000.0           495000.0  259.000000         NaN     259.00     259.00         1       0              0.0                 0.0        0.00         1.000000           100.000000
                 2 or more minority races        Male Not Hispanic or Latino           3    401666.666667    110604.400154        350000.0        460000.0                72.138000                27.644586                60.70700                87.50000                 42.333333                  4.509250                     40.0                     44.5        6.383333e+05       350190.424388           460000.0           810000.0  249.333333  109.276408     204.00     310.00         2       1         110000.0            350000.0      106.00         0.666667            66.666667
         American Indian or Alaska Native      Female     Hispanic or Latino           3    598333.333333    197315.314493        485000.0        665000.0                96.666667                 2.886751                95.00000                97.50000                 41.000000                  5.656854                      NaN                      NaN        6.216667e+05       213619.599600           500000.0           700000.0  175.333333   46.822359     150.50     197.00         3       0         180000.0            200000.0       46.50         1.000000           100.000000
         American Indian or Alaska Native      Female Not Hispanic or Latino           2    265000.000000    296984.848098        160000.0        370000.0                53.600000                58.548441                32.90000                74.30000                 42.000000                       NaN                      NaN                      NaN        4.600000e+05        63639.610307           437500.0           482500.0  262.000000  322.440692     148.00     376.00         2       0         210000.0             45000.0      228.00         1.000000           100.000000
         American Indian or Alaska Native        Male     Hispanic or Latino          10    433000.000000    212801.420212        245000.0        590000.0                75.355000                24.644837                69.05000                95.00000                 44.000000                  3.162278                      NaN                      NaN        5.790000e+05       245863.557464           492500.0           667500.0  146.900000   71.435208      92.25     195.50         8       2         345000.0            175000.0      103.25         0.800000            80.000000
         American Indian or Alaska Native        Male Not Hispanic or Latino           6    480000.000000    145430.395722        400000.0        545000.0                62.387833                31.025210                37.97600                90.00000                 42.500000                  4.795832                      NaN                      NaN        8.700000e+05       260595.471948           647500.0          1070000.0  120.666667   39.621543      90.00     142.25         4       2         145000.0            422500.0       52.25         0.666667            66.666667
                                    Asian      Female     Hispanic or Latino           6    488333.333333     88694.231304        447500.0        525000.0                71.669500                19.919749                64.67775                86.25000                 47.333333                  2.886751                      NaN                      NaN        7.200000e+05       178409.640995           605000.0           860000.0  239.000000  210.275058     128.75     215.50         6       0          77500.0            255000.0       86.75         1.000000           100.000000
                                    Asian      Female Not Hispanic or Latino         212    536556.603774    208905.819284        392500.0        647500.0                73.792632                18.637572                64.34175                89.84975                 43.324841                  4.171356                      NaN                      NaN        7.641981e+05       316458.211187           565000.0           905000.0  161.849057   75.843915     110.00     193.00       193      19         255000.0            340000.0       83.00         0.910377            91.037736
                                    Asian        Male     Hispanic or Latino          10    597000.000000    189666.373755        467500.0        722500.0                81.496900                11.823868                80.00000                88.41850                 47.777778                  1.922094                      NaN                      NaN        7.500000e+05       263153.947339           537500.0           960000.0  159.800000   48.446534     136.00     176.00        10       0         255000.0            422500.0       40.00         1.000000           100.000000
                                    Asian        Male Not Hispanic or Latino         345    633579.710145    234179.691851        465000.0        765000.0                74.145620                17.083041                69.88000                80.35700                 43.521569                  3.947306                      NaN                      NaN        9.034348e+05       391714.162155           625000.0          1135000.0  203.973913  123.660013     136.00     243.00       321      24         300000.0            510000.0      107.00         0.930435            93.043478
                Black or African American      Female Not Hispanic or Latino          39    428846.153846    186457.493175        315000.0        535000.0                89.910590                11.220071                84.95000                97.00000                 45.516129                  3.192397                      NaN                      NaN        5.467949e+05       318184.585578           370000.0           630000.0  132.153846   65.922817      93.00     146.00        30       9         220000.0            260000.0       53.00         0.769231            76.923077
                Black or African American        Male     Hispanic or Latino           3    841666.666667     94516.312525        805000.0        895000.0                80.358333                 4.019976                78.03750                81.53750                 45.000000                       NaN                      NaN                      NaN        1.045000e+06       121243.556530           980000.0          1100000.0  240.333333   39.715656     223.00     262.00         3       0          90000.0            120000.0       39.00         1.000000           100.000000
                Black or African American        Male Not Hispanic or Latino          43    515465.116279    224922.774984        375000.0        650000.0                81.489891                20.872851                80.00000                95.00000                 44.769231                  4.092018                      NaN                      NaN        6.496512e+05       281757.653694           460000.0           740000.0  173.488372   81.400940     118.50     218.50        39       4         275000.0            280000.0      100.00         0.906977            90.697674
Native Hawaiian or Other Pacific Islander      Female Not Hispanic or Latino           1    325000.000000              NaN        325000.0        325000.0                39.752000                      NaN                39.75200                39.75200                 42.000000                       NaN                     42.0                     42.0        8.050000e+05                 NaN           805000.0           805000.0   91.000000         NaN      91.00      91.00         1       0              0.0                 0.0        0.00         1.000000           100.000000
Native Hawaiian or Other Pacific Islander        Male     Hispanic or Latino           1    655000.000000              NaN        655000.0        655000.0                73.056000                      NaN                73.05600                73.05600                 46.000000                       NaN                     46.0                     46.0        9.050000e+05                 NaN           905000.0           905000.0  149.000000         NaN     149.00     149.00         1       0              0.0                 0.0        0.00         1.000000           100.000000
Native Hawaiian or Other Pacific Islander        Male Not Hispanic or Latino           3    388333.333333    105039.675044        335000.0        440000.0                94.315667                 3.080697                92.97350                95.99750                 45.000000                  2.828427                      NaN                      NaN        4.116667e+05       110604.400154           360000.0           470000.0  119.333333   51.247764      90.50     139.50         3       0         105000.0            110000.0       49.00         1.000000           100.000000
                                    White      Female     Hispanic or Latino         153    452908.496732    212577.086930        305000.0        555000.0                80.888614                18.548610                75.00000                95.00000                 44.538462                  3.815889                      NaN                      NaN        5.886601e+05       275470.295547           415000.0           685000.0  161.333333  155.109893      91.00     177.00       140      13         250000.0            270000.0       86.00         0.915033            91.503268
                                    White      Female Not Hispanic or Latino         374    499732.620321    253257.190334        315000.0        675000.0                72.279880                19.475895                61.93125                85.00000                 43.890977                  4.117078                      NaN                      NaN        7.272727e+05       410761.955231           475000.0           892500.0  187.350267  198.955578      96.00     206.00       352      22         360000.0            417500.0      110.00         0.941176            94.117647
                                    White        Male     Hispanic or Latino         279    485537.634409    209816.803913        345000.0        615000.0                83.350577                15.271179                80.00000                95.00000                 44.024390                  3.817451                      NaN                      NaN        6.093728e+05       262750.156466           435000.0           755000.0  162.032258  105.855961      97.50     189.00       254      25         270000.0            320000.0       91.50         0.910394            91.039427
                                    White        Male Not Hispanic or Latino         501    562485.029940    261299.946949        355000.0        745000.0                75.026829                18.851233                67.00000                90.00000                 43.362573                  4.028870                      NaN                      NaN        8.064371e+05       456099.474390           505000.0           985000.0  214.912176  165.336530     116.00     256.00       475      26         390000.0            480000.0      140.00         0.948104            94.810379