                             derived_race derived_sex      derived_ethnicity  total_apps  avg_loan_amount  std_loan_amount  Q1_loan_amount  Q3_loan_amount  avg_loan_to_value_ratio  std_loan_to_value_ratio  Q1_loan_to_value_ratio  Q3_loan_to_value_ratio  avg_debt_to_income_ratio  std_debt_to_income_ratio  Q1_debt_to_income_ratio  Q3_debt_to_income_ratio  avg_property_value  std_property_value  Q1_property_value  Q3_property_value  avg_income  std_income  Q1_income  Q3_income  accepted  denied  iqr_loan_amount  iqr_property_value  iqr_income  acceptance_rate  acceptance_rate_pct
                 2 or more minority races      Female     Hispanic or Latino           1     6.350000e+05              NaN        635000.0        635000.0                80.000000                      NaN                80.00000                80.00000                 49.000000                       NaN                    49.00                    49.00        7.850000e+05                 NaN           785000.0           785000.0  136.000000         NaN     136.00     136.00         1       0              0.0                 0.0        0.00         1.000000           100.000000
                 2 or more minority races      Female Not Hispanic or Latino           2     4.000000e+05    332340.187158        282500.0        517500.0                88.500000                12.020815                84.25000                92.75000                 45.000000                       NaN                      NaN                      NaN        4.800000e+05       445477.272148           322500.0           637500.0  158.000000    4.242641     156.50     159.50         2       0         235000.0            315000.0        3.00         1.000000           100.000000
                 2 or more minority races        Male Not Hispanic or Latino           4     5.575000e+05    387932.554275        367500.0        655000.0                93.937500                 9.557665                92.75000                98.18750                 44.500000                  4.795832                    41.25                    48.25        6.275000e+05       516873.614468           360000.0           737500.0  157.250000  116.494277     101.00     178.25         3       1         287500.0            377500.0       77.25         0.750000            75.000000
         American Indian or Alaska Native      Female     Hispanic or Latino           7     2.921429e+05     77827.648411        260000.0        335000.0                80.183143                28.133701                79.83600                93.50300                 44.800000                  3.633180                      NaN                      NaN        4.707143e+05       306966.726908           305000.0           435000.0  102.428571   23.200985      83.50     110.00         7       0          75000.0            130000.0       26.50         1.000000           100.000000
         American Indian or Alaska Native      Female Not Hispanic or Latino           4     4.400000e+05    238117.617996        330000.0        510000.0                86.470000                15.345040                83.47000                95.50000                 38.666667                  3.055050                      NaN                      NaN        5.700000e+05       438216.080642           347500.0           657500.0  139.750000   65.835021     106.75     166.50         4       0         180000.0            310000.0       59.75         1.000000           100.000000
         American Indian or Alaska Native        Male     Hispanic or Latino          10     5.440000e+05    244469.948165        382500.0        637500.0                74.361500                21.562356                56.46200                92.17600                 43.166667                  2.483277                      NaN                      NaN        7.300000e+05       263364.977002           617500.0           735000.0  159.600000   44.382679     129.25     183.00         7       3         255000.0            117500.0       53.75         0.700000            70.000000
         American Indian or Alaska Native        Male Not Hispanic or Latino           2     8.700000e+05    148492.424049        817500.0        922500.0                79.924500                 0.106773                79.88675                79.96225                 49.000000                       NaN                      NaN                      NaN        1.090000e+06       176776.695297          1027500.0          1152500.0  283.000000  179.605122     219.50     346.50         2       0         105000.0            125000.0      127.00         1.000000           100.000000
                                    Asian      Female     Hispanic or Latino           7     3.950000e+05    124766.448481        320000.0        485000.0                76.328143                21.817227                72.50000                91.23000                 46.000000                  3.464102                      NaN                      NaN        5.321429e+05       122707.550123           440000.0           630000.0  198.428571  246.823052     104.50     123.50         7       0         165000.0            190000.0       19.00         1.000000           100.000000
                                    Asian      Female Not Hispanic or Latino         216     5.977315e+05    230367.637685        445000.0        725000.0                71.619833                19.093504                60.48750                80.00000                 43.493421                  4.072191                      NaN                      NaN        9.048611e+05       544524.097032           635000.0          1025000.0  214.763889  234.769307     125.00     237.25       205      11         280000.0            390000.0      112.25         0.949074            94.907407
                                    Asian        Male     Hispanic or Latino           8     5.175000e+05    237110.583002        437500.0        570000.0                82.088750                12.778448                77.50000                95.00000                 44.200000                  3.420526                      NaN                      NaN        6.762500e+05       440663.055601           482500.0           735000.0  171.625000   65.856852     118.50     221.25         7       1         132500.0            252500.0      102.75         0.875000            87.500000
                                    Asian        Male Not Hispanic or Latino         365     6.279041e+05    229968.473973        445000.0        765000.0                73.651200                16.274549                64.98000                80.00000                 43.041045                  4.056044                      NaN                      NaN        9.061233e+05       384055.997849           635000.0          1145000.0  207.895890  148.445702     133.00     240.00       346      19         320000.0            510000.0      107.00         0.947945            94.794521
                Black or African American      Female     Hispanic or Latino           2     2.450000e+05     56568.542495        225000.0        265000.0                96.945000                 2.750645                95.97250                97.91750                 42.000000                       NaN                      NaN                      NaN        2.550000e+05        70710.678119           230000.0           280000.0   72.000000    5.656854      70.00      74.00         1       1          40000.0             50000.0        4.00         0.500000            50.000000
                Black or African American      Female Not Hispanic or Latino          42     5.321429e+05    247497.580321        355000.0        687500.0                82.866643                18.631852                80.00000                95.00000                 44.379310                  3.783553                      NaN                      NaN        6.840476e+05       302846.733545           537500.0           822500.0  177.666667   95.460799     111.50     231.50        35       7         332500.0            285000.0      120.00         0.833333            83.333333
                Black or African American        Male     Hispanic or Latino           5     4.390000e+05    113710.157858        355000.0        485000.0                83.974000                17.518230                80.00000                95.00000                 46.000000                  3.605551                      NaN                      NaN        5.330000e+05       109407.495173           485000.0           625000.0  171.200000   58.836213     113.00     196.00         5       0         130000.0            140000.0       83.00         1.000000           100.000000
                Black or African American        Male Not Hispanic or Latino          41     5.096341e+05    207498.163377        385000.0        645000.0                88.629561                13.738734                81.47800                97.00000                 45.030303                  3.539817                      NaN                      NaN        5.984146e+05       265241.491438           425000.0           715000.0  208.609756  300.328560     106.00     177.00        33       8         260000.0            290000.0       71.00         0.804878            80.487805
Native Hawaiian or Other Pacific Islander      Female Not Hispanic or Latino           2     4.350000e+05     56568.542495        415000.0        455000.0                84.500000                14.849242                79.25000                89.75000                 48.000000                       NaN                      NaN                      NaN        5.200000e+05        21213.203436           512500.0           527500.0  164.000000    9.899495     160.50     167.50         2       0          40000.0             15000.0        7.00         1.000000           100.000000
Native Hawaiian or Other Pacific Islander        Male     Hispanic or Latino           1     4.150000e+05              NaN        415000.0        415000.0                80.000000                      NaN                80.00000                80.00000                       NaN                       NaN                      NaN                      NaN        5.150000e+05                 NaN           515000.0           515000.0  139.000000         NaN     139.00     139.00         1       0              0.0                 0.0        0.00         1.000000           100.000000
Native Hawaiian or Other Pacific Islander        Male Not Hispanic or Latino           1     1.065000e+06              NaN       1065000.0       1065000.0                95.000000                      NaN                95.00000                95.00000                 47.000000                       NaN                    47.00                    47.00        1.125000e+06                 NaN          1125000.0          1125000.0  207.000000         NaN     207.00     207.00         1       0              0.0                 0.0        0.00         1.000000           100.000000
                                    White      Female     Hispanic or Latino         171     4.597953e+05    232035.340060        285000.0        575000.0                83.272462                17.412039                80.00000                95.00000                 45.111111                  3.820413                      NaN                      NaN        5.735380e+05       295590.480852           380000.0           705000.0  144.192982  118.179142      78.50     166.50       157      14         290000.0            325000.0       88.00         0.918129            91.812865
                                    White      Female Not Hispanic or Latino         361     4.799861e+05    235855.563915        315000.0        635000.0                69.911366                20.953042                56.00000                84.99900                 43.521739                  4.061594                      NaN                      NaN        7.153047e+05       337192.108457           465000.0           905000.0  167.337950  116.314000      99.00     205.00       344      17         320000.0            440000.0      106.00         0.952909            95.290859
                                    White        Male     Hispanic or Latino         277     4.874549e+05    204244.194265        345000.0        625000.0                84.063635                15.498399                80.00000                95.00000                 43.980952                  4.059323                      NaN                      NaN        5.978520e+05       261194.628217           425000.0           745000.0  173.386282  234.229818      92.00     190.00       261      16         280000.0            320000.0       98.00         0.942238            94.223827
                                    White        Male Not Hispanic or Latino         471     5.387367e+05    256751.487408        355000.0        725000.0                72.553240                20.639910                64.61100                85.58350                 43.645062                  4.212682                      NaN                      NaN        7.976115e+05       457849.942662           515000.0           995000.0  239.777070  420.783427     113.00     241.00       447      24         370000.0            480000.0      128.00         0.949045            94.904459