                             derived_race derived_sex      derived_ethnicity  total_apps  avg_loan_amount  std_loan_amount  Q1_loan_amount  Q3_loan_amount  avg_loan_to_value_ratio  std_loan_to_value_ratio  Q1_loan_to_value_ratio  Q3_loan_to_value_ratio  avg_debt_to_income_ratio  std_debt_to_income_ratio  Q1_debt_to_income_ratio  Q3_debt_to_income_ratio  avg_property_value  std_property_value  Q1_property_value  Q3_property_value  avg_income  std_income  Q1_income  Q3_income  accepted  denied  iqr_loan_amount  iqr_property_value  iqr_income  acceptance_rate  acceptance_rate_pct
                 2 or more minority races      Female Not Hispanic or Latino           5     5.530000e+05    230586.209475        395000.0        765000.0                74.538400                10.005638                66.10200                 83.7000                 48.000000                  1.414214                      NaN                      NaN        7.290000e+05       257934.100111           595000.0           905000.0  148.000000  138.991007      73.00     128.00         4       1         370000.0            310000.0       55.00         0.800000            80.000000
                 2 or more minority races        Male     Hispanic or Latino           2     5.550000e+05    155563.491861        500000.0        610000.0                84.981000                 7.044198                82.49050                 87.4715                 49.000000                       NaN                      NaN                      NaN        6.650000e+05       240416.305603           580000.0           750000.0  168.500000   16.263456     162.75     174.25         2       0         110000.0            170000.0       11.50         1.000000           100.000000
                 2 or more minority races        Male Not Hispanic or Latino           3     5.216667e+05    255408.170060        420000.0        665000.0                74.589000                28.504329                61.88350                 90.0000                 39.000000                       NaN                      NaN                      NaN        6.750000e+05       121655.250606           635000.0           745000.0  158.333333   72.057847     121.50     193.50         3       0         245000.0            110000.0       72.00         1.000000           100.000000
         American Indian or Alaska Native      Female     Hispanic or Latino           9     3.094444e+05     75682.083598        285000.0        365000.0                73.739889                25.390358                55.35700                 93.0000                 47.000000                  2.345208                      NaN                      NaN        4.738889e+05       110164.019131           415000.0           515000.0  112.888889   66.256027      73.00     104.00         8       1          80000.0            100000.0       31.00         0.888889            88.888889
         American Indian or Alaska Native      Female Not Hispanic or Latino           6     5.516667e+05    152665.211056        462500.0        537500.0                82.361667                18.995598                76.24250                 93.7250                 46.000000                  5.196152                      NaN                      NaN        7.533333e+05       364878.975369           545000.0           822500.0  232.500000  154.491100     145.25     219.50         4       2          75000.0            277500.0       74.25         0.666667            66.666667
         American Indian or Alaska Native        Male     Hispanic or Latino          11     3.850000e+05    153883.072493        325000.0        420000.0                77.083364                17.180164                71.02050                 88.1950                 44.857143                  4.099942                      NaN                      NaN        4.895455e+05       115962.376344           420000.0           530000.0  122.727273   56.928184      85.00     174.00        10       1          95000.0            110000.0       89.00         0.909091            90.909091
         American Indian or Alaska Native        Male Not Hispanic or Latino           3     5.483333e+05    262741.951986        470000.0        700000.0                95.220333                14.413141                88.50000                102.8305                 48.000000                  1.414214                      NaN                      NaN        5.883333e+05       312623.309005           445000.0           755000.0  148.333333   68.515205     114.50     183.00         2       1         230000.0            310000.0       68.50         0.666667            66.666667
                                    Asian      Female     Hispanic or Latino          10     4.940000e+05    175527.775580        360000.0        630000.0                71.943300                23.275507                69.10000                 84.5000                 46.000000                  3.829708                      NaN                      NaN        7.310000e+05       242542.092567           555000.0           902500.0  138.700000   35.581050     121.50     155.50        10       0         270000.0            347500.0       34.00         1.000000           100.000000
                                    Asian      Female Not Hispanic or Latino         206     5.529612e+05    221689.121919        405000.0        685000.0                71.890311                18.860862                61.88750                 85.0000                 43.643312                  4.129340                      NaN                      NaN        8.329126e+05       432304.107207           555000.0           975000.0  179.461165  155.263948     111.25     211.50       189      17         280000.0            420000.0      100.25         0.917476            91.747573
                                    Asian        Male     Hispanic or Latino           9     5.672222e+05    157700.489677        475000.0        755000.0                83.577111                11.065081                72.42900                 92.0000                 42.200000                  3.962323                      NaN                      NaN        7.050000e+05       270878.201412           525000.0           945000.0  170.555556   44.763576     143.00     204.00         9       0         280000.0            420000.0       61.00         1.000000           100.000000
                                    Asian        Male Not Hispanic or Latino         377     6.152653e+05    235194.427689        445000.0        765000.0                71.918546                19.284366                62.26400                 84.6880                 43.753731                  4.199049                      NaN                      NaN        9.172546e+05       437426.539591           645000.0          1105000.0  216.769231  228.746497     135.00     230.00       352      25         320000.0            460000.0       95.00         0.933687            93.368700
                Black or African American      Female Not Hispanic or Latino          50     5.096000e+05    214297.237785        360000.0        612500.0                88.670760                34.489074                80.00000                 95.0000                 44.909091                  3.771485                      NaN                      NaN        6.444000e+05       302198.812786           467500.0           782500.0  150.780000   73.728207      99.00     180.75        39      11         252500.0            315000.0       81.75         0.780000            78.000000
                Black or African American        Male     Hispanic or Latino           5     7.390000e+05    284306.172990        555000.0        875000.0                84.890400                 6.987670                80.00000                 89.4810                 49.000000                       NaN                      NaN                      NaN        8.650000e+05       315277.655409           695000.0          1095000.0  301.400000  206.135392     200.00     510.00         4       1         320000.0            400000.0      310.00         0.800000            80.000000
                Black or African American        Male Not Hispanic or Latino          37     5.095946e+05    220146.347720        345000.0        625000.0                81.742622                16.251732                78.03500                 95.0000                 45.461538                  3.992300                      NaN                      NaN        6.241892e+05       216299.411547           495000.0           725000.0  165.513514   79.125646     114.00     205.00        34       3         280000.0            230000.0       91.00         0.918919            91.891892
Native Hawaiian or Other Pacific Islander      Female Not Hispanic or Latino           3     5.116667e+05     85049.005481        470000.0        555000.0                77.960000                18.146206                69.44000                 87.5000                 43.500000                  7.778175                      NaN                      NaN        6.683333e+05       106926.766216           635000.0           730000.0  150.000000   12.767145     143.00     155.50         3       0          85000.0             95000.0       12.50         1.000000           100.000000
Native Hawaiian or Other Pacific Islander        Male Not Hispanic or Latino           1     1.065000e+06              NaN       1065000.0       1065000.0                95.000000                      NaN                95.00000                 95.0000                 47.000000                       NaN                     47.0                     47.0        1.125000e+06                 NaN          1125000.0          1125000.0  207.000000         NaN     207.00     207.00         1       0              0.0                 0.0        0.00         1.000000           100.000000
                                    White      Female     Hispanic or Latino         157     4.439809e+05    191130.861042        295000.0        565000.0                82.987650                17.430605                80.00000                 95.0000                 43.967480                  4.370045                      NaN                      NaN        5.661465e+05       251023.464408           385000.0           705000.0  143.420382  119.941446      84.00     160.00       137      20         270000.0            320000.0       76.00         0.872611            87.261146
                                    White      Female Not Hispanic or Latino         400     4.701000e+05    228231.711832        305000.0        615000.0                71.105340                20.806073                58.78475                 85.0000                 43.877193                  3.942680                      NaN                      NaN        7.114000e+05       379260.644665           465000.0           885000.0  163.212500  135.426061      92.00     193.00       366      34         310000.0            420000.0      101.00         0.915000            91.500000
                                    White        Male     Hispanic or Latino         255     4.850784e+05    218089.398986        325000.0        615000.0                83.205588                15.215665                79.98000                 95.0000                 44.385000                  4.060692                      NaN                      NaN        6.048431e+05       261973.083650           415000.0           760000.0  160.909804  223.769715      93.00     189.00       234      21         290000.0            345000.0       96.00         0.917647            91.764706
                                    White        Male Not Hispanic or Latino         451     5.657317e+05    259637.604435        365000.0        735000.0                76.121113                17.988831                70.00000                 90.0000                 43.585761                  4.123490                      NaN                      NaN        7.781929e+05       387388.413230           505000.0           970000.0  210.864745  216.739602     121.50     231.00       420      31         370000.0            465000.0      109.50         0.931264            93.126386