                             derived_race derived_sex      derived_ethnicity  total_apps  avg_loan_amount  std_loan_amount  Q1_loan_amount  Q3_loan_amount  avg_loan_to_value_ratio  std_loan_to_value_ratio  Q1_loan_to_value_ratio  Q3_loan_to_value_ratio  avg_debt_to_income_ratio  std_debt_to_income_ratio  Q1_debt_to_income_ratio  Q3_debt_to_income_ratio  avg_property_value  std_property_value  Q1_property_value  Q3_property_value  avg_income  std_income  Q1_income  Q3_income  accepted  denied  iqr_loan_amount  iqr_property_value  iqr_income  acceptance_rate  acceptance_rate_pct
                 2 or more minority races      Female Not Hispanic or Latino           3    508333.333333      5773.502692        505000.0        510000.0                85.630667                17.988030                 79.9460                 96.0000                 43.000000                  2.828427                      NaN                      NaN       611666.666667       150111.069989           525000.0           655000.0  174.666667   87.007662     124.50     202.00         3       0           5000.0            130000.0       77.50         1.000000           100.000000
                 2 or more minority races        Male     Hispanic or Latino           2    425000.000000     70710.678119        400000.0        450000.0                82.495000                10.599531                 78.7475                 86.2425                 38.500000                  3.535534                    37.25                    39.75       515000.000000        14142.135624           510000.0           520000.0  138.000000   29.698485     127.50     148.50         2       0          50000.0             10000.0       21.00         1.000000           100.000000
                 2 or more minority races        Male Not Hispanic or Latino           6    438333.333333    130179.363444        422500.0        505000.0                83.400667                21.551298                 82.4975                 96.5000                 44.600000                  3.577709                      NaN                      NaN       583333.333333       261795.085261           487500.0           677500.0  175.500000  110.438671     113.25     242.50         6       0          82500.0            190000.0      129.25         1.000000           100.000000
         American Indian or Alaska Native      Female     Hispanic or Latino           9    478333.333333    166583.312490        325000.0        635000.0                90.166000                11.022980                 85.0000                 95.0000                 46.444444                  2.650996                    45.00                    48.00       562777.777778       201790.595530           435000.0           685000.0  128.000000   59.893656      81.00     162.00         9       0         310000.0            250000.0       81.00         1.000000           100.000000
         American Indian or Alaska Native      Female Not Hispanic or Latino           3    335000.000000     95393.920142        285000.0        380000.0                83.960000                19.121841                 78.4400                 95.0000                 43.000000                  5.291503                    41.00                    46.00       401666.666667        60277.137733           370000.0           430000.0  139.333333   83.482533      93.00     174.00         3       0          95000.0             60000.0       81.00         1.000000           100.000000
         American Indian or Alaska Native        Male     Hispanic or Latino           6    568333.333333    113431.330181        485000.0        660000.0                86.628667                 9.773936                 80.0000                 93.7455                 41.666667                  6.027714                      NaN                      NaN       655000.000000       108811.764070           565000.0           720000.0  186.000000   69.201156     147.25     211.00         3       3         175000.0            155000.0       63.75         0.500000            50.000000
         American Indian or Alaska Native        Male Not Hispanic or Latino           2    400000.000000    417193.000900        252500.0        547500.0                55.553000                50.279535                 37.7765                 73.3295                       NaN                       NaN                      NaN                      NaN       680000.000000       120208.152802           637500.0           722500.0  156.000000   94.752309     122.50     189.50         2       0         295000.0             85000.0       67.00         1.000000           100.000000
                                    Asian      Female     Hispanic or Latino           7    419285.714286    244257.865302        315000.0        595000.0                78.881286                28.354582                 77.5000                 90.9200                 44.250000                  4.031129                      NaN                      NaN       625000.000000       366969.571854           475000.0           760000.0  156.285714   54.039227     131.00     188.00         6       1         280000.0            285000.0       57.00         0.857143            85.714286
                                    Asian      Female Not Hispanic or Latino         225    557400.000000    230539.971743        385000.0        705000.0                70.649673                20.270098                 59.8210                 84.7600                 44.208589                  3.902285                      NaN                      NaN       861355.555556       428239.812840           585000.0          1035000.0  176.000000   96.238218     115.00     214.00       208      17         320000.0            450000.0       99.00         0.924444            92.444444
                                    Asian        Male     Hispanic or Latino          12    553333.333333    227988.569623        400000.0        670000.0                77.763417                12.317960                 68.2500                 89.9925                 43.090909                  4.784444                      NaN                      NaN       711666.666667       277499.658749           470000.0           910000.0  168.333333   79.046975     109.75     205.25        11       1         270000.0            440000.0       95.50         0.916667            91.666667
                                    Asian        Male Not Hispanic or Latino         369    639010.840108    245909.270763        465000.0        775000.0                73.464282                17.688028                 65.0000                 85.0000                 43.801444                  4.009987                      NaN                      NaN       920663.956640       437942.516362           625000.0          1105000.0  201.398374  135.122755     130.00     241.00       342      27         310000.0            480000.0      111.00         0.926829            92.682927
                Black or African American      Female     Hispanic or Latino           2    425000.000000         0.000000        425000.0        425000.0               102.153000                 0.216375                102.0765                102.2295                 42.500000                  3.535534                    41.25                    43.75       850000.000000         7071.067812           847500.0           852500.0  128.000000   14.142136     123.00     133.00         2       0              0.0              5000.0       10.00         1.000000           100.000000
                Black or African American      Female Not Hispanic or Latino          48    480000.000000    223140.066688        327500.0        615000.0                80.208687                20.870267                 80.0000                 95.0000                 44.025641                  4.100624                      NaN                      NaN       623750.000000       222907.527817           472500.0           767500.0  144.458333   77.258604      92.00     179.25        40       8         287500.0            295000.0       87.25         0.833333            83.333333
                Black or African American        Male     Hispanic or Latino           1    505000.000000              NaN        505000.0        505000.0                85.000000                      NaN                 85.0000                 85.0000                       NaN                       NaN                      NaN                      NaN       585000.000000                 NaN           585000.0           585000.0  152.000000         NaN     152.00     152.00         1       0              0.0                 0.0        0.00         1.000000           100.000000
                Black or African American        Male Not Hispanic or Latino          37    607432.432432    275513.716188        405000.0        775000.0                81.443324                17.620687                 75.0000                 95.0000                 44.333333                  4.196331                      NaN                      NaN       780135.135135       362848.465629           545000.0          1075000.0  214.486486  123.829772     129.00     243.00        33       4         370000.0            530000.0      114.00         0.891892            89.189189
Native Hawaiian or Other Pacific Islander      Female Not Hispanic or Latino           2    435000.000000     84852.813742        405000.0        465000.0                91.910000                16.843284                 85.9550                 97.8650                 45.500000                  2.121320                    44.75                    46.25       530000.000000       120208.152802           487500.0           572500.0  120.000000   15.556349     114.50     125.50         2       0          60000.0             85000.0       11.00         1.000000           100.000000
Native Hawaiian or Other Pacific Islander        Male Not Hispanic or Latino           5    607000.000000    414391.119596        225000.0        955000.0                82.000000                12.308534                 73.0000                 90.0000                 37.666667                  2.081666                      NaN                      NaN       793000.000000       582168.360528           235000.0          1095000.0  244.000000  187.217788     121.00     271.00         4       1         730000.0            860000.0      150.00         0.800000            80.000000
                                    White      Female     Hispanic or Latino         164    451097.560976    216864.188637        295000.0        555000.0                82.772732                17.495264                 79.9975                 95.0000                 44.400000                  4.167849                      NaN                      NaN       568536.585366       272224.969898           392500.0           697500.0  138.719512  103.008520      76.75     164.00       153      11         260000.0            305000.0       87.25         0.932927            93.292683
                                    White      Female Not Hispanic or Latino         361    469099.722992    238534.486267        295000.0        605000.0                70.049748                22.038825                 56.2900                 85.0000                 43.757937                  3.897202                      NaN                      NaN       716662.049861       409137.313170           465000.0           855000.0  175.667590  185.399929      96.00     202.00       344      17         310000.0            390000.0      106.00         0.952909            95.290859
                                    White        Male     Hispanic or Latino         271    456180.811808    193609.210642        305000.0        565000.0                82.634875                16.449365                 80.0000                 95.0000                 44.263682                  3.842541                      NaN                      NaN       572822.878229       249875.639426           405000.0           695000.0  164.088561  165.442257      87.00     172.00       241      30         260000.0            290000.0       85.00         0.889299            88.929889
                                    White        Male Not Hispanic or Latino         465    536440.860215    241667.762390        345000.0        695000.0                75.712714                18.393863                 68.5100                 89.2700                 43.789644                  4.146398                      NaN                      NaN       748139.784946       384173.474404           485000.0           905000.0  198.969892  186.981153     109.00     228.00       434      31         350000.0            420000.0      119.00         0.933333            93.333333