                             derived_race derived_sex      derived_ethnicity  total_apps  avg_loan_amount  std_loan_amount  Q1_loan_amount  Q3_loan_amount  avg_loan_to_value_ratio  std_loan_to_value_ratio  Q1_loan_to_value_ratio  Q3_loan_to_value_ratio  avg_debt_to_income_ratio  std_debt_to_income_ratio  Q1_debt_to_income_ratio  Q3_debt_to_income_ratio  avg_property_value  std_property_value  Q1_property_value  Q3_property_value  avg_income  std_income  Q1_income  Q3_income  accepted  denied  iqr_loan_amount  iqr_property_value  iqr_income  acceptance_rate  acceptance_rate_pct
                 2 or more minority races      Female Not Hispanic or Latino           1    255000.000000              NaN        255000.0        255000.0                80.000000                      NaN                 80.0000                 80.0000                 42.000000                       NaN                     42.0                     42.0       315000.000000                 NaN           315000.0           315000.0   88.000000         NaN      88.00      88.00         1       0              0.0                 0.0        0.00         1.000000           100.000000
                 2 or more minority races        Male     Hispanic or Latino           3    601666.666667    144683.562761        555000.0        685000.0                83.449000                15.632641                 76.6735                 92.0005                 43.666667                  2.516611                     42.5                     45.0       838333.333333       299388.265190           735000.0          1010000.0  211.333333   44.094595     187.50     231.00         3       0         130000.0            275000.0       43.50         1.000000           100.000000
                 2 or more minority races        Male Not Hispanic or Latino           4    587500.000000    266129.667643        410000.0        747500.0                84.167500                13.640829                 76.6675                 95.0000                 42.000000                  4.000000                      NaN                      NaN       737500.000000       437597.608159           452500.0           890000.0  191.000000  110.914381     120.25     235.75         4       0         337500.0            437500.0      115.50         1.000000           100.000000
         American Indian or Alaska Native      Female     Hispanic or Latino           5    367000.000000    180055.546985        325000.0        385000.0                93.717000                 9.736809                 90.0000                100.0000                 44.400000                  4.335897                     41.0                     48.0       419000.000000       205499.391727           335000.0           485000.0   94.800000   47.814224      63.00     105.00         5       0          60000.0            150000.0       42.00         1.000000           100.000000
         American Indian or Alaska Native      Female Not Hispanic or Latino           5    585000.000000    132287.565553        475000.0        615000.0                89.998000                 3.535537                 89.9900                 90.0000                 46.666667                  0.577350                      NaN                      NaN       653000.000000       146867.287032           535000.0           685000.0  305.600000  184.152926     160.00     490.00         5       0         140000.0            150000.0      330.00         1.000000           100.000000
         American Indian or Alaska Native        Male     Hispanic or Latino          10    373000.000000    174788.761398        200000.0        522500.0                81.861100                18.021475                 80.9260                 94.1905                 43.000000                  4.105745                      NaN                      NaN       511000.000000       364392.950292           245000.0           635000.0  155.100000   55.169335     112.50     192.75        10       0         322500.0            390000.0       80.25         1.000000           100.000000
         American Indian or Alaska Native        Male Not Hispanic or Latino           3    568333.333333    345301.800362        400000.0        745000.0                92.594667                 2.505371                 91.3920                 93.8920                 44.000000                  1.000000                     43.5                     44.5       618333.333333       376342.043005           440000.0           815000.0  185.666667  122.165189     126.50     248.50         2       1         345000.0            375000.0      122.00         0.666667            66.666667
                                    Asian      Female     Hispanic or Latino           6    436666.666667     68239.773349        390000.0        485000.0                67.259167                12.470687                 56.6670                 78.7500                 45.750000                  4.716991                      NaN                      NaN       670000.000000       177285.081155           525000.0           775000.0  125.000000   59.072836      81.75     165.00         5       1          95000.0            250000.0       83.25         0.833333            83.333333
                                    Asian      Female Not Hispanic or Latino         221    580158.371041    241421.165911        405000.0        725000.0                72.198814                19.087576                 60.0000                 85.0000                 43.677019                  4.221378                      NaN                      NaN       869932.126697       425685.137492           565000.0          1055000.0  174.696833   86.027604     115.00     215.00       202      19         320000.0            490000.0      100.00         0.914027            91.402715
                                    Asian        Male     Hispanic or Latino           9    420555.555556    188355.455928        255000.0        605000.0                76.943222                17.435482                 68.4870                 90.0000                 43.000000                  4.760952                      NaN                      NaN       623888.888889       244614.208727           405000.0           825000.0  113.000000   55.583271      97.00     156.00         7       2         350000.0            420000.0       59.00         0.777778            77.777778
                                    Asian        Male Not Hispanic or Latino         352    629687.500000    229596.236860        465000.0        765000.0                73.361901                18.228210                 66.6670                 85.0000                 43.644269                  3.881163                      NaN                      NaN       910568.181818       387081.586855           635000.0          1095000.0  201.565341  115.595972     135.00     237.50       334      18         300000.0            460000.0      102.50         0.948864            94.886364
                Black or African American      Female     Hispanic or Latino           3    465000.000000     91651.513899        425000.0        515000.0                78.000000                25.238859                 69.5000                 92.5000                 47.000000                  2.828427                      NaN                      NaN       678333.333333       382143.079662           460000.0           815000.0  149.666667   35.019042     129.50     161.00         3       0          90000.0            355000.0       31.50         1.000000           100.000000
                Black or African American      Female Not Hispanic or Latino          44    500681.818182    223725.306313        365000.0        635000.0                85.443409                13.996200                 78.3300                 95.0000                 43.088235                  4.750551                      NaN                      NaN       640000.000000       295142.850711           447500.0           777500.0  165.045455   80.131274      96.50     201.25        40       4         270000.0            330000.0      104.75         0.909091            90.909091
                Black or African American        Male     Hispanic or Latino           2    375000.000000    113137.084990        335000.0        415000.0                95.500000                 2.121320                 94.7500                 96.2500                 49.000000                  0.000000                     49.0                     49.0       390000.000000       106066.017178           352500.0           427500.0   95.500000   26.162951      86.25     104.75         1       1          80000.0             75000.0       18.50         0.500000            50.000000
                Black or African American        Male Not Hispanic or Latino          29    513620.689655    194765.869295        385000.0        635000.0                85.646966                11.718719                 80.0000                 95.0000                 43.857143                  3.380617                      NaN                      NaN       612241.379310       240652.335950           455000.0           795000.0  153.344828   79.114418     101.00     212.00        24       5         250000.0            340000.0      111.00         0.827586            82.758621
Native Hawaiian or Other Pacific Islander      Female     Hispanic or Latino           1    225000.000000              NaN        225000.0        225000.0                37.500000                      NaN                 37.5000                 37.5000                 42.000000                       NaN                     42.0                     42.0       605000.000000                 NaN           605000.0           605000.0   66.000000         NaN      66.00      66.00         1       0              0.0                 0.0        0.00         1.000000           100.000000
Native Hawaiian or Other Pacific Islander      Female Not Hispanic or Latino           3    525000.000000    155241.746963        445000.0        600000.0                97.940000                 5.092229                 95.0000                 99.4100                 47.500000                  0.707107                      NaN                      NaN       571666.666667       141891.977692           495000.0           635000.0  133.000000   20.880613     126.00     145.00         3       0         155000.0            140000.0       19.00         1.000000           100.000000
Native Hawaiian or Other Pacific Islander        Male Not Hispanic or Latino           3    411666.666667    282901.631903        260000.0        540000.0                92.916667                11.435508                 88.5000                 99.3750                 42.000000                  1.732051                     41.0                     42.5       441666.666667       270246.800783           310000.0           580000.0  118.000000   60.802960      89.50     150.00         3       0         280000.0            270000.0       60.50         1.000000           100.000000
                                    White      Female     Hispanic or Latino         178    466011.235955    188134.132603        345000.0        595000.0                81.173742                18.255757                 80.0000                 95.0000                 44.807407                  3.809839                      NaN                      NaN       606910.112360       252941.459047           435000.0           732500.0  145.123596  102.752549      89.25     166.75       153      25         250000.0            297500.0       77.50         0.859551            85.955056
                                    White      Female Not Hispanic or Latino         377    478527.851459    240123.017882        305000.0        625000.0                71.765249                20.172553                 58.1250                 85.0000                 43.701681                  4.028286                      NaN                      NaN       701763.925729       351470.512630           465000.0           885000.0  174.655172  121.993734      98.00     216.00       354      23         320000.0            420000.0      118.00         0.938992            93.899204
                                    White        Male     Hispanic or Latino         288    463993.055556    207446.798403        315000.0        585000.0                84.110111                15.242521                 80.0000                 95.0000                 44.328502                  3.996152                      NaN                      NaN       568229.166667       247505.301214           402500.0           725000.0  144.572917  128.724816      89.00     175.25       259      29         270000.0            322500.0       86.25         0.899306            89.930556
                                    White        Male Not Hispanic or Latino         453    558421.633554    259917.432720        375000.0        715000.0                75.468446                18.829568                 68.7500                 90.0000                 43.862745                  3.947290                      NaN                      NaN       793101.545254       418589.517733           505000.0           985000.0  209.116998  215.603489     112.00     243.00       428      25         340000.0            480000.0      131.00         0.944812            94.481236