                             derived_race derived_sex      derived_ethnicity  total_apps  avg_loan_amount  std_loan_amount  Q1_loan_amount  Q3_loan_amount  avg_loan_to_value_ratio  std_loan_to_value_ratio  Q1_loan_to_value_ratio  Q3_loan_to_value_ratio  avg_debt_to_income_ratio  std_debt_to_income_ratio  Q1_debt_to_income_ratio  Q3_debt_to_income_ratio  avg_property_value  std_property_value  Q1_property_value  Q3_property_value  avg_income  std_income  Q1_income  Q3_income  accepted  denied  iqr_loan_amount  iqr_property_value  iqr_income  acceptance_rate  acceptance_rate_pct
                 2 or more minority races      Female     Hispanic or Latino           2    495000.000000    197989.898732        425000.0        565000.0                88.500000                12.020815                84.25000                92.75000                 46.500000                  3.535534                    45.25                    47.75       575000.000000       296984.848098           470000.0           680000.0  116.500000   27.577164     106.75     126.25         2       0         140000.0            210000.0       19.50         1.000000           100.000000
                 2 or more minority races      Female Not Hispanic or Latino           5    443000.000000    127749.755381        405000.0        495000.0                69.406200                29.988869                58.00000                93.00600                 44.500000                  5.066228                      NaN                      NaN       727000.000000       267712.532392           505000.0           855000.0  124.800000   44.991110      89.00     163.00         4       1          90000.0            350000.0       74.00         0.800000            80.000000
                 2 or more minority races        Male     Hispanic or Latino           3    328333.333333    240069.434400        240000.0        465000.0                73.565333                 8.204766                70.34800                78.18500                 40.500000                  4.949747                      NaN                      NaN       461666.666667       365558.932777           300000.0           660000.0   90.000000   44.226689      73.00     115.00         3       0         225000.0            360000.0       42.00         1.000000           100.000000
                 2 or more minority races        Male Not Hispanic or Latino           3    475000.000000    212837.966538        360000.0        570000.0                90.666667                 9.291573                87.50000                96.00000                 39.666667                  3.785939                    37.50                    41.00       538333.333333       301053.705065           370000.0           660000.0  147.333333   55.581772     116.00     169.00         2       1         210000.0            290000.0       53.00         0.666667            66.666667
         American Indian or Alaska Native      Female     Hispanic or Latino           9    332777.777778     74796.018908        285000.0        385000.0                85.110222                20.045896                90.00000                95.00000                 46.111111                  3.100179                    44.00                    49.00       409444.444444       106900.784739           315000.0           425000.0  103.000000   27.649593      86.00     113.00         8       1         100000.0            110000.0       27.00         0.888889            88.888889
         American Indian or Alaska Native      Female Not Hispanic or Latino           6    555000.000000    263134.946368        397500.0        527500.0                86.720833                15.310773                83.75000                95.00000                 45.250000                  6.238322                      NaN                      NaN       661666.666667       344712.440545           502500.0           625000.0  202.000000  141.318081     132.75     175.50         6       0         130000.0            122500.0       42.75         1.000000           100.000000
         American Indian or Alaska Native        Male     Hispanic or Latino          10    459000.000000    113156.725140        342500.0        552500.0                81.849600                15.481953                80.00000                94.43175                 41.000000                  3.651484                      NaN                      NaN       570000.000000       122678.441464           525000.0           642500.0  177.000000  107.282597     128.25     189.50        10       0         210000.0            117500.0       61.25         1.000000           100.000000
         American Indian or Alaska Native        Male Not Hispanic or Latino           4    530000.000000    281128.677536        360000.0        625000.0                75.421250                28.917062                64.92125                95.50000                 42.500000                  0.707107                      NaN                      NaN       800000.000000       446654.228683           485000.0          1145000.0  178.750000  133.682148     116.50     192.25         3       1         265000.0            660000.0       75.75         0.750000            75.000000
                                    Asian      Female     Hispanic or Latino           8    463750.000000    252441.648137        340000.0        562500.0                78.631500                16.175550                78.50575                90.00000                 43.000000                  5.176872                      NaN                      NaN       585000.000000       293792.929994           420000.0           645000.0  162.250000  146.402332      95.00     151.00         8       0         222500.0            225000.0       56.00         1.000000           100.000000
                                    Asian      Female Not Hispanic or Latino         222    561171.171171    225393.025218        407500.0        685000.0                74.087493                19.202220                69.88775                87.57775                 43.824242                  4.118595                      NaN                      NaN       805405.405405       395542.262036           575000.0           920000.0  189.126126  182.811929     118.00     213.75       203      19         277500.0            345000.0       95.75         0.914414            91.441441
                                    Asian        Male     Hispanic or Latino           8    458750.000000    226711.742717        245000.0        675000.0                70.973375                24.431305                62.28500                87.48900                 44.000000                  3.224903                      NaN                      NaN       675000.000000       267047.347327           532500.0           897500.0  138.500000   62.006912      90.50     176.50         7       1         430000.0            365000.0       86.00         0.875000            87.500000
                                    Asian        Male Not Hispanic or Latino         370    621351.351351    247676.324776        445000.0        765000.0                74.598616                18.250034                65.89050                89.48250                 44.029520                  3.979468                      NaN                      NaN       887756.756757       431658.389311           615000.0          1102500.0  227.324324  701.619603     122.00     236.75       339      31         320000.0            487500.0      114.75         0.916216            91.621622
                Black or African American      Female     Hispanic or Latino           2    410000.000000      7071.067812        407500.0        412500.0                90.000000                 9.899495                86.50000                93.50000                 39.000000                       NaN                      NaN                      NaN       465000.000000        56568.542495           445000.0           485000.0  104.500000   28.991378      94.25     114.75         2       0           5000.0             40000.0       20.50         1.000000           100.000000
                Black or African American      Female Not Hispanic or Latino          54    493888.888889    203188.421400        367500.0        650000.0                81.014333                18.519890                74.52000                95.00000                 44.621622                  4.030104                      NaN                      NaN       656666.666667       278389.912526           475000.0           775000.0  150.907407   78.344250     104.25     168.00        49       5         282500.0            300000.0       63.75         0.907407            90.740741
                Black or African American        Male     Hispanic or Latino           3    528333.333333    138684.293751        470000.0        605000.0                90.666667                 9.291573                87.50000                96.00000                 48.000000                       NaN                      NaN                      NaN       591666.666667       205507.501891           485000.0           690000.0  160.333333   61.419324     125.50     183.50         1       2         135000.0            205000.0       58.00         0.333333            33.333333
                Black or African American        Male Not Hispanic or Latino          31    502419.354839    233951.102326        290000.0        660000.0                81.440839                19.520150                80.00000                95.00000                 44.840000                  3.693237                      NaN                      NaN       644677.419355       290442.006500           395000.0           785000.0  151.870968   84.173132      78.50     196.50        26       5         370000.0            390000.0      118.00         0.838710            83.870968
Native Hawaiian or Other Pacific Islander        Male     Hispanic or Latino           3    235000.000000     88881.944173        200000.0        285000.0                80.641000                25.368142                70.96150                95.00000                 47.000000                       NaN                      NaN                      NaN       291666.666667        46188.021535           265000.0           305000.0   85.000000   35.552778      65.00      99.00         2       1          85000.0             40000.0       34.00         0.666667            66.666667
                                    White      Female     Hispanic or Latino         142    410000.000000    194530.713723        275000.0        502500.0                82.092887                17.032786                80.00000                95.00000                 44.633929                  3.777590                      NaN                      NaN       515281.690141       228473.018293           355000.0           632500.0  124.971831   92.319054      79.25     143.25       121      21         227500.0            277500.0       64.00         0.852113            85.211268
                                    White      Female Not Hispanic or Latino         355    500661.971831    252568.273684        310000.0        665000.0                72.859992                20.380524                63.93650                87.93800                 43.701493                  4.018739                      NaN                      NaN       715591.549296       356809.369155           475000.0           895000.0  167.346479  102.363791      98.50     210.00       335      20         355000.0            420000.0      111.50         0.943662            94.366197
                                    White        Male     Hispanic or Latino         277    467779.783394    212784.843762        325000.0        595000.0                83.212788                17.211223                80.00000                95.00000                 44.319444                  3.937275                      NaN                      NaN       594602.888087       272659.050231           415000.0           725000.0  162.516245  155.298371      94.00     183.00       256      21         270000.0            310000.0       89.00         0.924188            92.418773
                                    White        Male Not Hispanic or Latino         483    547753.623188    239781.356497        365000.0        725000.0                74.427913                21.491903                65.56200                87.02200                 43.665644                  4.061283                      NaN                      NaN       801211.180124       466276.337980           515000.0           975000.0  209.376812  171.925014     118.50     237.50       454      29         360000.0            460000.0      119.00         0.939959            93.995859