                             derived_race derived_sex      derived_ethnicity  total_apps  avg_loan_amount  std_loan_amount  Q1_loan_amount  Q3_loan_amount  avg_loan_to_value_ratio  std_loan_to_value_ratio  Q1_loan_to_value_ratio  Q3_loan_to_value_ratio  avg_debt_to_income_ratio  std_debt_to_income_ratio  Q1_debt_to_income_ratio  Q3_debt_to_income_ratio  avg_property_value  std_property_value  Q1_property_value  Q3_property_value  avg_income  std_income  Q1_income  Q3_income  accepted  denied  iqr_loan_amount  iqr_property_value  iqr_income  acceptance_rate  acceptance_rate_pct
                 2 or more minority races      Female Not Hispanic or Latino           5    483000.000000    188334.808254        335000.0        565000.0                85.701200                 7.824539                80.00000                 93.5060                 44.600000                  0.547723                    44.00                     45.0       555000.000000       188148.877222           415000.0           675000.0  114.000000   53.127206      71.00     138.00         5       0         230000.0            260000.0       67.00         1.000000           100.000000
                 2 or more minority races        Male     Hispanic or Latino           3    685000.000000    245153.013443        560000.0        805000.0                91.654000                 2.897783                89.98100                 92.5000                       NaN                       NaN                      NaN                      NaN       808333.333333       389914.520547           590000.0           965000.0  307.000000  220.361067     180.50     382.00         2       1         245000.0            375000.0      201.50         0.666667            66.666667
                 2 or more minority races        Male Not Hispanic or Latino           5    479000.000000    163951.212255        355000.0        505000.0                80.489800                23.329606                80.00000                 95.0000                 41.500000                  3.415650                      NaN                      NaN       621000.000000       204646.035877           525000.0           805000.0  161.000000   66.884228     129.00     170.00         5       0         150000.0            280000.0       41.00         1.000000           100.000000
         American Indian or Alaska Native      Female     Hispanic or Latino           7    397857.142857    181265.393435        380000.0        490000.0               134.476571               141.274996                79.07550                 87.5000                 44.000000                  3.605551                      NaN                      NaN       497857.142857       245880.342559           440000.0           600000.0  378.285714  703.841534      91.50     155.50         4       3         110000.0            160000.0       64.00         0.571429            57.142857
         American Indian or Alaska Native      Female Not Hispanic or Latino           4    575000.000000    275680.975042        395000.0        685000.0                74.829750                 5.088101                73.21975                 77.3300                 44.750000                  6.130525                    42.75                     49.0       757500.000000       317319.502500           540000.0           887500.0  155.500000   85.191940     118.50     179.50         4       0         290000.0            347500.0       61.00         1.000000           100.000000
         American Indian or Alaska Native        Male     Hispanic or Latino          11    462272.727273    187728.043142        440000.0        555000.0                79.760727                21.065435                68.27950                 94.6000                 40.600000                  3.646917                      NaN                      NaN       650454.545455       362473.823506           500000.0           825000.0  187.272727  113.253778     134.00     199.00         8       3         115000.0            325000.0       65.00         0.727273            72.727273
         American Indian or Alaska Native        Male Not Hispanic or Latino           5    433000.000000    258978.763608        245000.0        585000.0                92.254000                12.729398                95.00000                 97.0000                 46.750000                  2.872281                      NaN                      NaN       559000.000000       242136.325238           375000.0           715000.0  126.200000   76.607441      79.00     150.00         5       0         340000.0            340000.0       71.00         1.000000           100.000000
                                    Asian      Female     Hispanic or Latino           2    730000.000000    261629.509039        637500.0        822500.0                87.500000                10.606602                83.75000                 91.2500                 45.000000                       NaN                      NaN                      NaN       860000.000000       403050.865276           717500.0          1002500.0  276.000000  144.249783     225.00     327.00         2       0         185000.0            285000.0      102.00         1.000000           100.000000
                                    Asian      Female Not Hispanic or Latino         226    533230.088496    212873.379531        385000.0        655000.0                70.779668                18.165252                60.00000                 80.0000                 43.982143                  3.809024                      NaN                      NaN       800973.451327       357892.819714           557500.0           972500.0  165.384956   81.315996     112.00     199.50       210      16         270000.0            415000.0       87.50         0.929204            92.920354
                                    Asian        Male     Hispanic or Latino          11    547727.272727    252431.808974        380000.0        675000.0                82.767727                16.582147                77.50000                 94.3875                 46.333333                  2.345208                      NaN                      NaN       682272.727273       332418.137564           485000.0           730000.0  158.636364   68.519009     102.00     215.00        10       1         295000.0            245000.0      113.00         0.909091            90.909091
                                    Asian        Male Not Hispanic or Latino         376    644946.808511    231654.909646        485000.0        785000.0                73.332239                16.830575                65.00000                 80.0000                 43.598513                  4.043901                      NaN                      NaN       947845.744681       467764.200007           655000.0          1175000.0  214.292553  198.276762     143.00     248.25       353      23         300000.0            520000.0      105.25         0.938830            93.882979
                Black or African American      Female     Hispanic or Latino           6    360000.000000    186949.190958        280000.0        450000.0                82.013333                19.317801                78.54250                 95.0000                 46.500000                  2.121320                      NaN                      NaN       456666.666667       216741.012886           425000.0           560000.0  158.666667   76.557604      98.75     216.00         4       2         170000.0            135000.0      117.25         0.666667            66.666667
                Black or African American      Female Not Hispanic or Latino          40    419000.000000    193109.507926        280000.0        535000.0                77.943075                22.611670                70.20250                 95.0000                 44.633333                  3.854986                      NaN                      NaN       593500.000000       326689.298012           437500.0           722500.0  141.775000   97.157416      90.00     162.00        34       6         255000.0            285000.0       72.00         0.850000            85.000000
                Black or African American        Male     Hispanic or Latino           1    255000.000000              NaN        255000.0        255000.0                60.000000                      NaN                60.00000                 60.0000                       NaN                       NaN                      NaN                      NaN       465000.000000                 NaN           465000.0           465000.0  115.000000         NaN     115.00     115.00         1       0              0.0                 0.0        0.00         1.000000           100.000000
                Black or African American        Male Not Hispanic or Latino          42    562619.047619    187510.123614        425000.0        705000.0                87.738452                11.202939                80.00000                 95.0000                 43.774194                  4.432529                      NaN                      NaN       657142.857143       234297.452328           460000.0           790000.0  171.190476   70.491044     127.25     204.75        38       4         280000.0            330000.0       77.50         0.904762            90.476190
Native Hawaiian or Other Pacific Islander      Female Not Hispanic or Latino           3    391666.666667     75718.777944        365000.0        435000.0                91.666667                10.408330                87.50000                 97.5000                 45.333333                  4.725816                    43.50                     48.0       458333.333333        70237.691686           425000.0           495000.0   89.000000    5.567764      86.00      91.50         2       1          70000.0             70000.0        5.50         0.666667            66.666667
Native Hawaiian or Other Pacific Islander        Male     Hispanic or Latino           4    660000.000000    196383.977622        570000.0        690000.0                84.710000                 7.620350                82.21000                 90.0000                 48.666667                  0.577350                      NaN                      NaN       782500.000000       210614.181226           667500.0           875000.0  140.750000   72.237456     101.25     156.00         3       1         120000.0            207500.0       54.75         0.750000            75.000000
Native Hawaiian or Other Pacific Islander        Male Not Hispanic or Latino           3    538333.333333    225018.517757        450000.0        665000.0                77.776667                 6.937552                75.00000                 81.6650                 44.000000                  2.000000                    43.00                     45.0       701666.666667       317700.068199           605000.0           885000.0  130.000000   66.302338     107.00     168.00         2       1         215000.0            280000.0       61.00         0.666667            66.666667
                                    White      Female     Hispanic or Latino         166    444638.554217    210810.532674        295000.0        560000.0                80.656090                20.122438                74.52125                 95.0000                 45.023256                  3.706972                      NaN                      NaN       574397.590361       268632.223061           390000.0           692500.0  129.042169   96.746363      79.75     150.00       144      22         265000.0            302500.0       70.25         0.867470            86.746988
                                    White      Female Not Hispanic or Latino         355    463591.549296    244463.529882        300000.0        615000.0                72.820428                20.937499                61.60650                 88.4450                 44.122449                  3.862560                      NaN                      NaN       665957.746479       326425.056358           445000.0           845000.0  173.583099  175.454408      93.50     200.00       331      24         315000.0            400000.0      106.50         0.932394            93.239437
                                    White        Male     Hispanic or Latino         276    463297.101449    202089.985697        325000.0        605000.0                82.619895                16.359808                79.92950                 95.0000                 44.414634                  3.960439                      NaN                      NaN       587608.695652       271314.120124           395000.0           725000.0  163.072464  154.743054      92.00     180.00       253      23         280000.0            330000.0       88.00         0.916667            91.666667
                                    White        Male Not Hispanic or Latino         449    564933.184855    257364.293278        365000.0        735000.0                74.636434                18.697109                66.55200                 90.0000                 43.555556                  4.049246                      NaN                      NaN       801191.536748       417788.040949           535000.0           965000.0  216.857461  194.059918     116.00     250.00       423      26         370000.0            430000.0      134.00         0.942094            94.209354