                             derived_race derived_sex      derived_ethnicity  total_apps  avg_loan_amount  std_loan_amount  Q1_loan_amount  Q3_loan_amount  avg_loan_to_value_ratio  std_loan_to_value_ratio  Q1_loan_to_value_ratio  Q3_loan_to_value_ratio  avg_debt_to_income_ratio  std_debt_to_income_ratio  Q1_debt_to_income_ratio  Q3_debt_to_income_ratio  avg_property_value  std_property_value  Q1_property_value  Q3_property_value  avg_income  std_income  Q1_income  Q3_income  accepted  denied  iqr_loan_amount  iqr_property_value  iqr_income  acceptance_rate  acceptance_rate_pct
                 2 or more minority races      Female     Hispanic or Latino           1    555000.000000              NaN        555000.0        555000.0                95.000000                      NaN                 95.0000                95.00000                       NaN                       NaN                      NaN                      NaN        5.850000e+05                 NaN           585000.0           585000.0  104.000000         NaN     104.00     104.00         0       1              0.0                 0.0        0.00         0.000000             0.000000
                 2 or more minority races      Female Not Hispanic or Latino           3    551666.666667    148436.293855        470000.0        615000.0                75.964000                16.558741                 66.4460                81.50000                 46.500000                  0.707107                      NaN                      NaN        7.183333e+05        83266.639979           685000.0           765000.0  175.000000   93.407708     125.00     217.50         3       0         145000.0             80000.0       92.50         1.000000           100.000000
                 2 or more minority races        Male     Hispanic or Latino           1    955000.000000              NaN        955000.0        955000.0                71.719000                      NaN                 71.7190                71.71900                 39.000000                       NaN                    39.00                    39.00        1.325000e+06                 NaN          1325000.0          1325000.0  242.000000         NaN     242.00     242.00         1       0              0.0                 0.0        0.00         1.000000           100.000000
                 2 or more minority races        Male Not Hispanic or Latino           3    585000.000000    346987.031458        395000.0        735000.0                90.666667                 9.291573                 87.5000                96.00000                 40.000000                  2.828427                      NaN                      NaN        6.750000e+05       473180.726573           410000.0           865000.0  203.333333  129.616100     128.50     241.00         3       0         340000.0            455000.0      112.50         1.000000           100.000000
         American Indian or Alaska Native      Female     Hispanic or Latino           5    355000.000000    116404.467268        285000.0        475000.0                86.506200                 7.267578                 80.0000                90.34600                 47.000000                  1.414214                      NaN                      NaN        4.190000e+05       165921.668265           305000.0           595000.0   94.000000   42.959283      88.00      99.00         4       1         190000.0            290000.0       11.00         0.800000            80.000000
         American Indian or Alaska Native      Female Not Hispanic or Latino           5    493000.000000     63007.936008        455000.0        555000.0                89.999600                 3.534827                 90.0000                90.00000                 44.000000                  2.828427                      NaN                      NaN        5.490000e+05        57706.152185           525000.0           585000.0  232.800000  164.256507     147.00     212.00         5       0         100000.0             60000.0       65.00         1.000000           100.000000
         American Indian or Alaska Native        Male     Hispanic or Latino          14    469285.714286    207798.507647        395000.0        472500.0                86.759143                25.608974                 80.0000                94.45800                 41.500000                  4.757769                      NaN                      NaN        5.678571e+05       302029.763470           435000.0           587500.0  216.428571  155.294615     109.75     288.75        12       2          77500.0            152500.0      179.00         0.857143            85.714286
         American Indian or Alaska Native        Male Not Hispanic or Latino           2    330000.000000    247487.373415        242500.0        417500.0                90.000000                 7.071068                 87.5000                92.50000                 46.500000                  2.121320                    45.75                    47.25        3.550000e+05       254558.441227           265000.0           445000.0   98.000000   86.267027      67.50     128.50         2       0         175000.0            180000.0       61.00         1.000000           100.000000
                                    Asian      Female     Hispanic or Latino           7    392142.857143    201718.804752        320000.0        535000.0                79.087571                27.271673                 68.9405                98.00000                 42.400000                  4.037326                      NaN                      NaN        6.107143e+05       346066.330003           440000.0           820000.0  131.714286   58.260090      83.00     170.00         6       1         215000.0            380000.0       87.00         0.857143            85.714286
                                    Asian      Female Not Hispanic or Latino         204    520490.196078    194453.268924        385000.0        655000.0                71.541407                19.248520                 60.0000                84.53125                 44.269737                  3.914602                      NaN                      NaN        7.747059e+05       350771.018126           552500.0           880000.0  161.686275   78.472986     109.50     192.00       190      14         270000.0            327500.0       82.50         0.931373            93.137255
                                    Asian        Male     Hispanic or Latino           8    631250.000000    315637.110800        397500.0        965000.0                81.501625                10.558759                 79.7500                86.25000                 43.500000                  5.089204                      NaN                      NaN        8.162500e+05       486487.042846           490000.0          1170000.0  170.750000   81.903689     128.50     243.00         7       1         567500.0            680000.0      114.50         0.875000            87.500000
                                    Asian        Male Not Hispanic or Latino         419    628221.957041    243628.621395        445000.0        775000.0                73.145455                17.779326                 66.6670                80.00000                 43.349673                  4.154233                      NaN                      NaN        9.121360e+05       405747.473867           645000.0          1145000.0  204.272076  134.544500     135.50     241.50       395      24         330000.0            500000.0      106.00         0.942721            94.272076
                Black or African American      Female Not Hispanic or Latino          43    493372.093023    190174.484200        345000.0        625000.0               132.296512               301.086121                 80.0000                95.00000                 45.218750                  3.489471                      NaN                      NaN        5.891860e+05       229006.472753           430000.0           715000.0  137.139535   80.346447      87.50     162.00        33      10         280000.0            285000.0       74.50         0.767442            76.744186
                Black or African American        Male     Hispanic or Latino           9    416111.111111     82831.824265        345000.0        485000.0                78.278111                21.690521                 75.0000                95.00000                 45.666667                  4.082483                      NaN                      NaN        5.716667e+05       121037.184369           515000.0           625000.0  127.444444   42.968335     115.00     140.00         7       2         140000.0            110000.0       25.00         0.777778            77.777778
                Black or African American        Male Not Hispanic or Latino          26    483461.538462    216401.336552        350000.0        647500.0                86.085269                13.864826                 80.0000                95.00000                 46.210526                  3.172432                      NaN                      NaN        5.780769e+05       237735.470316           420000.0           742500.0  156.153846  111.153837      78.50     191.25        21       5         297500.0            322500.0      112.75         0.807692            80.769231
Native Hawaiian or Other Pacific Islander      Female     Hispanic or Latino           1    435000.000000              NaN        435000.0        435000.0                74.138000                      NaN                 74.1380                74.13800                 48.000000                       NaN                    48.00                    48.00        5.850000e+05                 NaN           585000.0           585000.0   89.000000         NaN      89.00      89.00         1       0              0.0                 0.0        0.00         1.000000           100.000000
Native Hawaiian or Other Pacific Islander      Female Not Hispanic or Latino           6    528333.333333    144175.818592        465000.0        515000.0                86.666667                 7.527727                 80.0000                93.75000                 45.250000                  2.753785                      NaN                      NaN        6.050000e+05       130843.417870           550000.0           605000.0  152.833333   35.879892     135.00     177.25         6       0          50000.0             55000.0       42.25         1.000000           100.000000
Native Hawaiian or Other Pacific Islander        Male     Hispanic or Latino           2    680000.000000    120208.152802        637500.0        722500.0                71.000000                19.798990                 64.0000                78.00000                 47.000000                  2.828427                    46.00                    48.00        1.030000e+06       459619.407771           867500.0          1192500.0  156.000000   42.426407     141.00     171.00         2       0          85000.0            325000.0       30.00         1.000000           100.000000
                                    White      Female     Hispanic or Latino         159    427012.578616    207808.882116        275000.0        515000.0                81.754699                18.727429                 79.7451                95.00000                 44.555556                  4.054466                      NaN                      NaN        5.568868e+05       313055.925386           355000.0           675000.0  147.981132  170.586868      77.00     155.50       143      16         240000.0            320000.0       78.50         0.899371            89.937107
                                    White      Female Not Hispanic or Latino         339    458687.315634    250293.856028        275000.0        585000.0                71.943136                22.752493                 60.8485                89.99000                 43.419355                  4.273251                      NaN                      NaN        6.761209e+05       363990.758552           455000.0           855000.0  155.769912  107.864506      87.50     200.00       312      27         310000.0            400000.0      112.50         0.920354            92.035398
                                    White        Male     Hispanic or Latino         284    467570.422535    201592.805760        315000.0        605000.0                81.860275                18.763342                 80.0000                95.00000                 44.268182                  3.907128                      NaN                      NaN        6.002465e+05       265524.900155           422500.0           745000.0  156.651408  138.814166      94.75     179.25       253      31         290000.0            322500.0       84.50         0.890845            89.084507
                                    White        Male Not Hispanic or Latino         459    558856.209150    260893.972465        365000.0        725000.0                75.118281                18.121005                 67.2010                89.92500                 43.193146                  4.053557                      NaN                      NaN        7.907734e+05       421878.727053           505000.0           985000.0  202.017429  192.109059     116.00     233.50       433      26         360000.0            480000.0      117.50         0.943355            94.335512