                             derived_race derived_sex      derived_ethnicity  total_apps  avg_loan_amount  std_loan_amount  Q1_loan_amount  Q3_loan_amount  avg_loan_to_value_ratio  std_loan_to_value_ratio  Q1_loan_to_value_ratio  Q3_loan_to_value_ratio  avg_debt_to_income_ratio  std_debt_to_income_ratio  Q1_debt_to_income_ratio  Q3_debt_to_income_ratio  avg_property_value  std_property_value  Q1_property_value  Q3_property_value  avg_income  std_income  Q1_income  Q3_income  accepted  denied  iqr_loan_amount  iqr_property_value  iqr_income  acceptance_rate  acceptance_rate_pct
                 2 or more minority races      Female     Hispanic or Latino           2    365000.000000    367695.526217        235000.0        495000.0                84.410000                15.612918                78.89000                89.93000                 49.000000                       NaN                      NaN                      NaN       480000.000000       516187.950266           297500.0           662500.0  107.000000   50.911688      89.00     125.00         1       1         260000.0            365000.0       36.00         0.500000            50.000000
                 2 or more minority races      Female Not Hispanic or Latino           2    445000.000000    268700.576851        350000.0        540000.0                80.000000                 0.000000                80.00000                80.00000                 43.500000                  2.121320                    42.75                    44.25       555000.000000       339411.254970           435000.0           675000.0  124.500000   51.618795     106.25     142.75         2       0         190000.0            240000.0       36.50         1.000000           100.000000
                 2 or more minority races        Male     Hispanic or Latino           1    365000.000000              NaN        365000.0        365000.0               104.353000                      NaN               104.35300               104.35300                 38.000000                       NaN                    38.00                    38.00       425000.000000                 NaN           425000.0           425000.0  170.000000         NaN     170.00     170.00         1       0              0.0                 0.0        0.00         1.000000           100.000000
                 2 or more minority races        Male Not Hispanic or Latino           4    692500.000000    140801.278403        602500.0        750000.0                78.750000                 2.500000                78.75000                80.00000                 41.000000                  3.605551                      NaN                      NaN       875000.000000       168720.676465           787500.0           932500.0  224.250000   86.318692     188.25     243.50         4       0         147500.0            145000.0       55.25         1.000000           100.000000
         American Indian or Alaska Native      Female     Hispanic or Latino           6    436666.666667    120402.104079        357500.0        475000.0                83.666667                 9.521905                80.00000                90.75000                 47.200000                  1.643168                      NaN                      NaN       543333.333333       222028.526696           390000.0           595000.0  117.666667   42.306816      94.50     133.00         6       0         117500.0            205000.0       38.50         1.000000           100.000000
         American Indian or Alaska Native      Female Not Hispanic or Latino           2    350000.000000    148492.424049        297500.0        402500.0                74.750000                 7.424621                72.12500                77.37500                 44.000000                  5.656854                    42.00                    46.00       465000.000000       155563.491861           410000.0           520000.0  121.000000   26.870058     111.50     130.50         2       0         105000.0            110000.0       19.00         1.000000           100.000000
         American Indian or Alaska Native        Male     Hispanic or Latino           5    371000.000000    195269.045166        215000.0        505000.0                84.330000                17.943509                80.00000                95.00000                 44.000000                  2.828427                      NaN                      NaN       433000.000000       176266.843167           395000.0           515000.0   99.200000   37.890632      76.00      99.00         4       1         290000.0            120000.0       23.00         0.800000            80.000000
         American Indian or Alaska Native        Male Not Hispanic or Latino           5    469000.000000    311014.469117        385000.0        465000.0                79.000000                 2.236068                80.00000                80.00000                 41.500000                  3.535534                      NaN                      NaN       593000.000000       387453.222983           485000.0           615000.0  204.400000  132.243336     117.00     264.00         5       0          80000.0            130000.0      147.00         1.000000           100.000000
                                    Asian      Female     Hispanic or Latino           4    320000.000000    126622.799421        272500.0        397500.0                73.757250                24.446603                62.25725                88.50000                 42.666667                  3.785939                      NaN                      NaN       462500.000000        97425.184971           405000.0           527500.0  117.750000   65.117202      81.25     128.50         4       0         125000.0            122500.0       47.25         1.000000           100.000000
                                    Asian      Female Not Hispanic or Latino         215    561651.162791    214743.803423        405000.0        705000.0                71.692386                19.694439                60.00000                86.37550                 43.735849                  4.055708                      NaN                      NaN       838023.255814       362082.081904           575000.0          1030000.0  166.041860   82.313755     108.00     204.00       195      20         300000.0            455000.0       96.00         0.906977            90.697674
                                    Asian        Male     Hispanic or Latino          10    639000.000000    183011.839326        512500.0        762500.0                87.956800                 8.309298                80.00000                95.00000                 44.750000                  3.195980                      NaN                      NaN       733000.000000       227244.361866           567500.0           832500.0  192.400000   88.160460     134.25     207.75        10       0         250000.0            265000.0       73.50         1.000000           100.000000
                                    Asian        Male Not Hispanic or Latino         380    637473.684211    239669.268253        472500.0        775000.0                74.946034                16.921607                67.80875                85.00000                 43.929329                  4.046094                      NaN                      NaN       906947.368421       422182.915463           625000.0          1175000.0  203.273684  131.807603     137.75     241.00       355      25         302500.0            550000.0      103.25         0.934211            93.421053
                Black or African American      Female     Hispanic or Latino           5    535000.000000    123085.336251        435000.0        615000.0                88.002200                 9.053868                83.01100                95.00000                 42.200000                  3.834058                    39.00                    44.00       623000.000000       197534.807059           485000.0           825000.0  147.000000   48.430362     119.00     171.00         5       0         180000.0            340000.0       52.00         1.000000           100.000000
                Black or African American      Female Not Hispanic or Latino          44    506136.363636    224190.698613        362500.0        637500.0                83.328705                16.357230                75.75000                95.00000                 43.324324                  3.520212                      NaN                      NaN       615681.818182       246032.685740           472500.0           735000.0  139.659091   68.389426      88.75     175.25        37       7         275000.0            262500.0       86.50         0.840909            84.090909
                Black or African American        Male     Hispanic or Latino           3    635000.000000    321403.173600        530000.0        820000.0                73.645333                15.859211                65.46800                81.30150                 40.666667                  2.516611                    39.50                    42.00       945000.000000       589491.306128           695000.0          1270000.0 1003.333333 1407.286870     194.50    1474.50         3       0         290000.0            575000.0     1280.00         1.000000           100.000000
                Black or African American        Male Not Hispanic or Latino          25    549800.000000    203123.935895        385000.0        685000.0                83.085320                17.777105                80.00000                95.00000                 46.166667                  2.995094                      NaN                      NaN       712200.000000       254386.844524           555000.0           785000.0  169.720000   88.989943     104.00     175.00        23       2         300000.0            230000.0       71.00         0.920000            92.000000
Native Hawaiian or Other Pacific Islander      Female     Hispanic or Latino           1    395000.000000              NaN        395000.0        395000.0                95.000000                      NaN                95.00000                95.00000                       NaN                       NaN                      NaN                      NaN       425000.000000                 NaN           425000.0           425000.0  132.000000         NaN     132.00     132.00         1       0              0.0                 0.0        0.00         1.000000           100.000000
Native Hawaiian or Other Pacific Islander      Female Not Hispanic or Latino           5    445000.000000     59160.797831        435000.0        475000.0                79.249800                17.565734                75.00000                94.24900                 45.400000                  2.607681                    44.00                    48.00       571000.000000        92357.999112           505000.0           645000.0  155.200000   41.871231     115.00     189.00         4       1          40000.0            140000.0       74.00         0.800000            80.000000
Native Hawaiian or Other Pacific Islander        Male     Hispanic or Latino           1    525000.000000              NaN        525000.0        525000.0                94.960000                      NaN                94.96000                94.96000                 49.000000                       NaN                    49.00                    49.00       555000.000000                 NaN           555000.0           555000.0  114.000000         NaN     114.00     114.00         1       0              0.0                 0.0        0.00         1.000000           100.000000
Native Hawaiian or Other Pacific Islander        Male Not Hispanic or Latino           3    661666.666667    385270.467767        465000.0        850000.0                84.006667                10.671103                78.51000                89.16500                 45.000000                  3.605551                    43.00                    46.50       811666.666667       557703.624996           505000.0          1050000.0  189.333333  120.500346     141.50     257.00         2       1         385000.0            545000.0      115.50         0.666667            66.666667
                                    White      Female     Hispanic or Latino         166    451686.746988    206387.069580        297500.0        585000.0                80.405928                19.158927                75.00000                95.00000                 44.876923                  3.617390                      NaN                      NaN       592469.879518       276577.977929           405000.0           755000.0  143.921687  128.525531      86.25     163.75       142      24         287500.0            350000.0       77.50         0.855422            85.542169
                                    White      Female Not Hispanic or Latino         385    473337.662338    247162.733715        305000.0        605000.0                70.010510                20.731722                56.00000                85.00000                 43.486989                  4.117312                      NaN                      NaN       715649.350649       431029.948877           465000.0           855000.0  168.924675  123.927827      95.00     204.00       355      30         300000.0            390000.0      109.00         0.922078            92.207792
                                    White        Male     Hispanic or Latino         283    478356.890459    199160.569544        335000.0        620000.0                84.743336                13.345857                80.00000                95.00000                 44.312500                  3.976190                      NaN                      NaN       586342.756184       252304.904987           410000.0           740000.0  164.897527  137.397777      92.00     189.00       259      24         285000.0            330000.0       97.00         0.915194            91.519435
                                    White        Male Not Hispanic or Latino         443    561343.115124    245529.605105        365000.0        745000.0                74.486315                23.475540                63.23350                87.92975                 43.569444                  4.027177                      NaN                      NaN       817257.336343       438397.799334           525000.0          1025000.0  216.047404  211.334758     118.50     247.00       416      27         380000.0            500000.0      128.50         0.939052            93.905192