                             derived_race derived_sex      derived_ethnicity  total_apps  avg_loan_amount  std_loan_amount  Q1_loan_amount  Q3_loan_amount  avg_loan_to_value_ratio  std_loan_to_value_ratio  Q1_loan_to_value_ratio  Q3_loan_to_value_ratio  avg_debt_to_income_ratio  std_debt_to_income_ratio  Q1_debt_to_income_ratio  Q3_debt_to_income_ratio  avg_property_value  std_property_value  Q1_property_value  Q3_property_value  avg_income  std_income  Q1_income  Q3_income  accepted  denied  iqr_loan_amount  iqr_property_value  iqr_income  acceptance_rate  acceptance_rate_pct
                 2 or more minority races      Female     Hispanic or Latino           2    545000.000000    127279.220614        500000.0        590000.0                80.000000                 0.000000                80.00000                 80.0000                 48.000000                  1.414214                    47.50                    48.50       680000.000000       148492.424049           627500.0           732500.0  119.000000   24.041631     110.50     127.50         2       0          90000.0            105000.0       17.00         1.000000           100.000000
                 2 or more minority races      Female Not Hispanic or Latino           2    480000.000000    332340.187158        362500.0        597500.0                87.500000                10.606602                83.75000                 91.2500                 45.500000                  2.121320                    44.75                    46.25       525000.000000       311126.983722           415000.0           635000.0  111.500000   68.589358      87.25     135.75         2       0         235000.0            220000.0       48.50         1.000000           100.000000
                 2 or more minority races        Male Not Hispanic or Latino           3    288333.333333    193476.958146        230000.0        400000.0                93.283333                 9.159194                89.92500                 98.5000                 43.666667                  3.511885                    42.00                    45.50       305000.000000       199248.588452           245000.0           420000.0   79.666667   33.471381      66.50      98.50         3       0         170000.0            175000.0       32.00         1.000000           100.000000
         American Indian or Alaska Native      Female     Hispanic or Latino           8    386250.000000    133141.975779        350000.0        492500.0                90.084375                 8.289351                82.31750                 95.5000                 46.833333                  2.926887                      NaN                      NaN       441250.000000       166556.511216           382500.0           560000.0  120.750000   38.514376     101.50     138.00         8       0         142500.0            177500.0       36.50         1.000000           100.000000
         American Indian or Alaska Native        Male     Hispanic or Latino           7    553571.428571    140644.773742        510000.0        585000.0                88.450000                 8.249293                80.00000                 96.0000                 44.000000                  3.464102                    41.50                    46.50       632142.857143       189799.392844           520000.0           675000.0  140.857143   39.477540     118.50     147.50         6       1          75000.0            155000.0       29.00         0.857143            85.714286
         American Indian or Alaska Native        Male Not Hispanic or Latino           5    621000.000000    272084.545684        525000.0        695000.0                82.516200                20.367380                74.94000                 97.0000                 44.000000                  3.605551                      NaN                      NaN       823000.000000       549972.726597           545000.0           835000.0  183.800000  102.101420     131.00     216.00         3       2         170000.0            290000.0       85.00         0.600000            60.000000
                                    Asian      Female     Hispanic or Latino           6    458333.333333    262043.253427        317500.0        452500.0                77.015500                24.213327                75.51725                 91.0000                 41.200000                  3.114482                      NaN                      NaN       680000.000000       362256.814981           440000.0           920000.0  162.333333  173.601459      90.00     103.75         6       0         135000.0            480000.0       13.75         1.000000           100.000000
                                    Asian      Female Not Hispanic or Latino         248    561572.580645    227556.877203        402500.0        717500.0                71.788072                18.607638                63.83475                 80.2645                 43.728814                  4.031822                      NaN                      NaN       839637.096774       432427.323414           595000.0           975000.0  210.717742  484.795504     118.00     219.00       224      24         315000.0            380000.0      101.00         0.903226            90.322581
                                    Asian        Male     Hispanic or Latino           6    521666.666667    144314.471439        437500.0        565000.0                75.044500                14.113944                73.55225                 80.0000                 45.600000                  2.880972                      NaN                      NaN       713333.333333       227193.016325           572500.0           840000.0  141.666667   35.713676     114.50     155.00         5       1         127500.0            267500.0       40.50         0.833333            83.333333
                                    Asian        Male Not Hispanic or Latino         384    621614.583333    249442.192105        455000.0        765000.0                75.583470                31.591758                66.42675                 89.9900                 43.594796                  4.029200                      NaN                      NaN       893437.500000       400909.092591           605000.0          1125000.0  210.606771  164.301875     134.50     248.00       359      25         310000.0            520000.0      113.50         0.934896            93.489583
                Black or African American      Female     Hispanic or Latino           3    415000.000000    170587.221092        345000.0        510000.0                75.821000                33.515048                63.73150                 94.9500                 42.500000                  0.707107                      NaN                      NaN       601666.666667        90184.995056           555000.0           645000.0  127.666667   28.148416     114.50     142.50         3       0         165000.0             90000.0       28.00         1.000000           100.000000
                Black or African American      Female Not Hispanic or Latino          45    568111.111111    252368.977908        405000.0        735000.0                89.776822                34.920536                80.00000                 95.0000                 45.444444                  3.916591                      NaN                      NaN       712111.111111       357641.403835           505000.0           885000.0  169.355556   91.787094     106.00     209.00        40       5         330000.0            380000.0      103.00         0.888889            88.888889
                Black or African American        Male     Hispanic or Latino           2    455000.000000     70710.678119        430000.0        480000.0                91.000000                 8.485281                88.00000                 94.0000                 39.000000                       NaN                      NaN                      NaN       500000.000000       120208.152802           457500.0           542500.0  138.000000   19.798990     131.00     145.00         2       0          50000.0             85000.0       14.00         1.000000           100.000000
                Black or African American        Male Not Hispanic or Latino          36    574166.666667    264935.302075        360000.0        750000.0                81.616889                17.361986                75.75000                 95.0000                 44.000000                  4.113767                      NaN                      NaN       772222.222222       466626.869051           517500.0           955000.0  218.888889  217.366547     116.00     248.75        34       2         390000.0            437500.0      132.75         0.944444            94.444444
Native Hawaiian or Other Pacific Islander      Female     Hispanic or Latino           1    185000.000000              NaN        185000.0        185000.0                80.000000                      NaN                80.00000                 80.0000                 42.000000                       NaN                    42.00                    42.00       235000.000000                 NaN           235000.0           235000.0   84.000000         NaN      84.00      84.00         1       0              0.0                 0.0        0.00         1.000000           100.000000
Native Hawaiian or Other Pacific Islander      Female Not Hispanic or Latino           4    427500.000000    167406.690428        375000.0        477500.0                91.187500                 8.454227                87.50000                 96.1875                 45.250000                  4.991660                    44.00                    48.25       487500.000000       231138.486627           392500.0           555000.0  129.500000   34.501208     101.50     156.00         4       0         102500.0            162500.0       54.50         1.000000           100.000000
Native Hawaiian or Other Pacific Islander        Male     Hispanic or Latino           2    630000.000000     35355.339059        617500.0        642500.0                73.023000                 0.046669                73.00650                 73.0395                 44.000000                  2.828427                    43.00                    45.00       865000.000000        56568.542495           845000.0           885000.0  149.500000    0.707107     149.25     149.75         1       1          25000.0             40000.0        0.50         0.500000            50.000000
Native Hawaiian or Other Pacific Islander        Male Not Hispanic or Latino           7    475000.000000    223308.456326        305000.0        640000.0                82.482286                26.280762                77.00800                 97.0000                 45.333333                  3.141125                      NaN                      NaN       582142.857143       231063.792470           400000.0           740000.0  127.714286   41.447615     104.50     152.50         7       0         335000.0            340000.0       48.00         1.000000           100.000000
                                    White      Female     Hispanic or Latino         158    404810.126582    184647.957414        295000.0        485000.0                82.501456                16.826908                78.00000                 95.0000                 44.417323                  3.958998                      NaN                      NaN       508227.848101       228423.756914           365000.0           602500.0  125.234177  102.580785      75.25     149.50       143      15         190000.0            237500.0       74.25         0.905063            90.506329
                                    White      Female Not Hispanic or Latino         352    467045.454545    245740.507016        305000.0        587500.0                69.440324                21.250229                55.82250                 82.6735                 43.648221                  4.099793                      NaN                      NaN       735852.272727       474798.335713           452500.0           867500.0  166.042614  119.291311      91.75     207.00       328      24         282500.0            415000.0      115.25         0.931818            93.181818
                                    White        Male     Hispanic or Latino         264    480568.181818    206138.817460        332500.0        635000.0                83.960110                14.225776                80.00000                 95.0000                 44.502538                  3.950748                      NaN                      NaN       604242.424242       340535.523710           405000.0           745000.0  160.954545  124.640341      90.00     188.50       242      22         302500.0            340000.0       98.50         0.916667            91.666667
                                    White        Male Not Hispanic or Latino         455    568670.329670    271707.646678        355000.0        755000.0                75.036591                19.408082                69.50000                 89.9945                 43.724252                  3.959004                      NaN                      NaN       803703.296703       417150.325605           500000.0          1020000.0  210.195604  168.265115     118.50     251.50       429      26         400000.0            520000.0      133.00         0.942857            94.285714