                             derived_race derived_sex      derived_ethnicity  total_apps  avg_loan_amount  std_loan_amount  Q1_loan_amount  Q3_loan_amount  avg_loan_to_value_ratio  std_loan_to_value_ratio  Q1_loan_to_value_ratio  Q3_loan_to_value_ratio  avg_debt_to_income_ratio  std_debt_to_income_ratio  Q1_debt_to_income_ratio  Q3_debt_to_income_ratio  avg_property_value  std_property_value  Q1_property_value  Q3_property_value  avg_income  std_income  Q1_income  Q3_income  accepted  denied  iqr_loan_amount  iqr_property_value  iqr_income  acceptance_rate  acceptance_rate_pct
                 2 or more minority races      Female Not Hispanic or Latino           2    505000.000000         0.000000        505000.0        505000.0                96.000000                 1.414214                95.50000                96.50000                 43.000000                  2.828427                    42.00                    44.00        5.250000e+05            0.000000           525000.0           525000.0  124.500000    6.363961     122.25     126.75         2       0              0.0                 0.0        4.50         1.000000           100.000000
                 2 or more minority races        Male     Hispanic or Latino           2    535000.000000     98994.949366        500000.0        570000.0                67.241000                25.115019                58.36150                76.12050                 47.500000                  0.707107                    47.25                    47.75        8.800000e+05       473761.543395           712500.0          1047500.0  150.500000   67.175144     126.75     174.25         2       0          70000.0            335000.0       47.50         1.000000           100.000000
                 2 or more minority races        Male Not Hispanic or Latino           1    715000.000000              NaN        715000.0        715000.0                89.947000                      NaN                89.94700                89.94700                 40.000000                       NaN                    40.00                    40.00        9.550000e+05                 NaN           955000.0           955000.0  234.000000         NaN     234.00     234.00         1       0              0.0                 0.0        0.00         1.000000           100.000000
         American Indian or Alaska Native      Female     Hispanic or Latino           5    577000.000000    289603.176778        395000.0        825000.0                91.990400                10.837733                95.00000                97.00000                 47.000000                  1.825742                      NaN                      NaN        6.630000e+05       413061.738727           405000.0           865000.0  139.200000   70.243861      91.00     203.00         4       1         430000.0            460000.0      112.00         0.800000            80.000000
         American Indian or Alaska Native      Female Not Hispanic or Latino           1    225000.000000              NaN        225000.0        225000.0               103.774000                      NaN               103.77400               103.77400                       NaN                       NaN                      NaN                      NaN        2.650000e+05                 NaN           265000.0           265000.0  105.000000         NaN     105.00     105.00         1       0              0.0                 0.0        0.00         1.000000           100.000000
         American Indian or Alaska Native        Male     Hispanic or Latino           7    436428.571429    123346.202675        335000.0        540000.0                74.643429                29.949352                59.03250                94.17450                 44.500000                  5.394442                      NaN                      NaN        7.264286e+05       401929.868320           420000.0           955000.0  143.428571   40.615503     123.50     170.50         5       2         205000.0            535000.0       47.00         0.714286            71.428571
         American Indian or Alaska Native        Male Not Hispanic or Latino           5    491000.000000    204646.035877        345000.0        695000.0                83.700400                 5.807097                80.00000                85.23900                 41.250000                  5.315073                      NaN                      NaN        5.850000e+05       237802.439012           405000.0           745000.0  171.600000   70.044986     150.00     206.00         5       0         350000.0            340000.0       56.00         1.000000           100.000000
                                    Asian      Female     Hispanic or Latino           6    418333.333333    196943.308256        327500.0        427500.0                78.324667                23.469889                81.25000                89.02775                 45.166667                  4.490731                    41.75                    48.50        5.366667e+05       161420.775202           447500.0           597500.0  123.166667   66.978852      75.00     175.75         6       0         100000.0            150000.0      100.75         1.000000           100.000000
                                    Asian      Female Not Hispanic or Latino         210    571333.333333    215798.025660        417500.0        712500.0                74.362381                17.452559                66.74500                86.98725                 43.981481                  3.702395                      NaN                      NaN        8.245714e+05       372383.127220           565000.0          1000000.0  172.385714   84.262399     110.75     211.50       197      13         295000.0            435000.0      100.75         0.938095            93.809524
                                    Asian        Male     Hispanic or Latino          10    577000.000000    167451.485511        510000.0        697500.0                80.427700                11.049945                73.41975                89.99750                 44.857143                  4.525062                      NaN                      NaN        7.180000e+05       205429.090226           635000.0           842500.0  167.300000   67.363112     125.25     218.25        10       0         187500.0            207500.0       93.00         1.000000           100.000000
                                    Asian        Male Not Hispanic or Latino         360    633166.666667    231093.982980        465000.0        765000.0                74.510917                17.095157                65.92550                87.39225                 43.282528                  4.003976                      NaN                      NaN        9.020278e+05       404896.629479           615000.0          1087500.0  209.302778  156.070033     134.75     238.00       344      16         300000.0            472500.0      103.25         0.955556            95.555556
                Black or African American      Female     Hispanic or Latino           4    482500.000000    440860.900209        120000.0        822500.0                81.237500                24.275343                78.71250                95.00000                 45.333333                  2.516611                      NaN                      NaN        5.625000e+05       442144.395720           250000.0           877500.0  175.000000  128.750405      63.75     286.25         3       1         702500.0            627500.0      222.50         0.750000            75.000000
                Black or African American      Female Not Hispanic or Latino          55    455000.000000    163673.115963        340000.0        545000.0                87.447418                15.192633                80.00000                97.00000                 43.659574                  4.044731                      NaN                      NaN        5.690000e+05       219060.282588           430000.0           655000.0  149.618182   79.503667      92.00     186.50        47       8         205000.0            225000.0       94.50         0.854545            85.454545
                Black or African American        Male     Hispanic or Latino           5    685000.000000    174785.582929        595000.0        845000.0                81.030200                15.200966                76.81800                95.00000                 44.500000                  5.446712                      NaN                      NaN        8.910000e+05       376669.616508           625000.0          1105000.0  680.400000 1084.982627     187.00     226.00         5       0         250000.0            480000.0       39.00         1.000000           100.000000
                Black or African American        Male Not Hispanic or Latino          31    425000.000000    194353.629586        285000.0        570000.0                81.048806                20.778557                79.39400                95.14750                 44.074074                  3.507420                      NaN                      NaN        5.385484e+05       237002.790238           360000.0           695000.0  128.709677   61.318944      92.00     142.00        25       6         285000.0            335000.0       50.00         0.806452            80.645161
Native Hawaiian or Other Pacific Islander      Female     Hispanic or Latino           1    515000.000000              NaN        515000.0        515000.0                90.430000                      NaN                90.43000                90.43000                 46.000000                       NaN                    46.00                    46.00        5.850000e+05                 NaN           585000.0           585000.0  129.000000         NaN     129.00     129.00         1       0              0.0                 0.0        0.00         1.000000           100.000000
Native Hawaiian or Other Pacific Islander      Female Not Hispanic or Latino           5    459000.000000    110589.330408        345000.0        515000.0                79.706200                 7.601092                80.00000                80.00000                 43.000000                  4.082483                      NaN                      NaN        5.830000e+05       162388.423233           435000.0           715000.0  144.800000   36.245000     113.00     164.00         5       0         170000.0            280000.0       51.00         1.000000           100.000000
Native Hawaiian or Other Pacific Islander        Male     Hispanic or Latino           1    645000.000000              NaN        645000.0        645000.0                50.000000                      NaN                50.00000                50.00000                       NaN                       NaN                      NaN                      NaN        1.285000e+06                 NaN          1285000.0          1285000.0 2199.000000         NaN    2199.00    2199.00         1       0              0.0                 0.0        0.00         1.000000           100.000000
Native Hawaiian or Other Pacific Islander        Male Not Hispanic or Latino           3    578333.333333    227449.628123        485000.0        705000.0                82.451667                 8.933477                77.50000                86.17750                 43.000000                  2.828427                      NaN                      NaN        6.916667e+05       222785.397487           620000.0           820000.0  223.666667   55.247926     206.00     255.50         3       0         220000.0            200000.0       49.50         1.000000           100.000000
                                    White      Female     Hispanic or Latino         163    447944.785276    192808.779177        310000.0        565000.0                80.252859                17.624356                75.00000                95.00000                 43.793651                  3.930023                      NaN                      NaN        5.734049e+05       235780.621986           400000.0           705000.0  143.993865  117.905146      85.00     170.50       148      15         255000.0            305000.0       85.50         0.907975            90.797546
                                    White      Female Not Hispanic or Latino         353    468456.090652    233131.983014        305000.0        615000.0                72.064368                20.478921                59.99900                88.19300                 43.676923                  3.855929                      NaN                      NaN        6.925921e+05       391675.644368           465000.0           845000.0  166.756374  133.986081      96.00     198.00       334      19         310000.0            380000.0      102.00         0.946176            94.617564
                                    White        Male     Hispanic or Latino         303    460940.594059    210134.826875        335000.0        595000.0                83.932116                15.510221                80.00000                95.00000                 44.097778                  4.075103                      NaN                      NaN        5.649010e+05       250837.649862           395000.0           725000.0  164.191419  253.600241      87.00     168.00       259      44         260000.0            330000.0       81.00         0.854785            85.478548
                                    White        Male Not Hispanic or Latino         467    560546.038544    269956.822808        355000.0        725000.0                75.012985                18.351895                66.33350                89.99000                 43.602564                  3.986601                      NaN                      NaN        8.024518e+05       500050.357262           485000.0           975000.0  236.543897  530.105905     115.00     246.00       439      28         370000.0            490000.0      131.00         0.940043            94.004283