                             derived_race derived_sex      derived_ethnicity  total_apps  avg_loan_amount  std_loan_amount  Q1_loan_amount  Q3_loan_amount  avg_loan_to_value_ratio  std_loan_to_value_ratio  Q1_loan_to_value_ratio  Q3_loan_to_value_ratio  avg_debt_to_income_ratio  std_debt_to_income_ratio  Q1_debt_to_income_ratio  Q3_debt_to_income_ratio  avg_property_value  std_property_value  Q1_property_value  Q3_property_value  avg_income  std_income  Q1_income  Q3_income  accepted  denied  iqr_loan_amount  iqr_property_value  iqr_income  acceptance_rate  acceptance_rate_pct
                 2 or more minority races      Female     Hispanic or Latino           2    545000.000000    113137.084990        505000.0        585000.0                86.033500                17.908893                79.70175                92.36525                 49.000000                       NaN                      NaN                      NaN        6.600000e+05       261629.509039           567500.0           752500.0   71.500000  101.116270      35.75     107.25         1       1          80000.0            185000.0       71.50         0.500000            50.000000
                 2 or more minority races      Female Not Hispanic or Latino           3    471666.666667    180092.568790        410000.0        575000.0                75.615000                30.376219                64.92250                93.00000                 48.000000                  0.000000                      NaN                      NaN        7.750000e+05       518844.870843           485000.0           985000.0  125.666667   44.657959     101.00     144.50         3       0         165000.0            500000.0       43.50         1.000000           100.000000
                 2 or more minority races        Male     Hispanic or Latino           2    575000.000000    282842.712475        475000.0        675000.0                61.562500                19.003495                54.84375                68.28125                 38.500000                  3.535534                    37.25                    39.75        1.055000e+06       777817.459305           780000.0          1330000.0  177.000000   25.455844     168.00     186.00         2       0         200000.0            550000.0       18.00         1.000000           100.000000
                 2 or more minority races        Male Not Hispanic or Latino           1    195000.000000              NaN        195000.0        195000.0                97.000000                      NaN                97.00000                97.00000                 46.000000                       NaN                    46.00                    46.00        2.050000e+05                 NaN           205000.0           205000.0   60.000000         NaN      60.00      60.00         0       1              0.0                 0.0        0.00         0.000000             0.000000
         American Indian or Alaska Native      Female     Hispanic or Latino           5    519000.000000    203911.745616        335000.0        705000.0                92.400000                 8.820431                90.00000                95.00000                 44.000000                  2.738613                    42.00                    45.00        5.950000e+05       253771.550809           405000.0           745000.0  121.600000   40.832585      79.00     152.00         5       0         370000.0            340000.0       73.00         1.000000           100.000000
         American Indian or Alaska Native      Female Not Hispanic or Latino           5    663000.000000    278424.136885        505000.0        945000.0                76.600000                16.364596                78.00000                80.00000                 38.000000                  2.828427                      NaN                      NaN        8.430000e+05       244683.468996           655000.0           995000.0  268.600000  120.044992     195.00     321.00         5       0         440000.0            340000.0      126.00         1.000000           100.000000
         American Indian or Alaska Native        Male     Hispanic or Latino           7    427857.142857    175756.866695        330000.0        545000.0                81.321429                18.215558                80.00000                92.50000                 43.166667                  3.763863                      NaN                      NaN        5.235714e+05       162524.723394           410000.0           650000.0  142.571429   69.358626      88.00     173.50         5       2         215000.0            240000.0       85.50         0.714286            71.428571
         American Indian or Alaska Native        Male Not Hispanic or Latino          11    524090.909091    217782.209809        380000.0        690000.0                81.087273                19.132281                79.86500                94.40600                 45.888889                  2.758824                      NaN                      NaN        6.350000e+05       192561.678431           510000.0           795000.0  205.636364  137.148294     111.50     249.00        11       0         310000.0            285000.0      137.50         1.000000           100.000000
                                    Asian      Female     Hispanic or Latino           4    520000.000000    325627.599158        380000.0        630000.0                66.082250                26.907474                49.96375                83.75000                 45.666667                  2.309401                      NaN                      NaN        7.650000e+05       357957.166898           470000.0          1010000.0  262.750000  308.800232     109.50     275.75         4       0         250000.0            540000.0      166.25         1.000000           100.000000
                                    Asian      Female Not Hispanic or Latino         236    545847.457627    206672.013859        405000.0        677500.0                73.308847                17.578977                65.00000                82.89500                 43.728723                  4.039355                      NaN                      NaN        7.871186e+05       336420.081104           565000.0           905000.0  173.783898  159.414647     110.00     195.75       220      16         272500.0            340000.0       85.75         0.932203            93.220339
                                    Asian        Male     Hispanic or Latino           9    571666.666667    196596.032513        465000.0        645000.0                83.731778                 8.978498                80.00000                90.00000                 45.142857                  3.804759                      NaN                      NaN        6.905556e+05       236543.395126           495000.0           865000.0  200.000000  104.818891     134.00     274.00         8       1         180000.0            370000.0      140.00         0.888889            88.888889
                                    Asian        Male Not Hispanic or Latino         389    626799.485861    219857.852155        475000.0        765000.0                73.110303                17.519362                64.71000                80.00000                 44.048148                  3.975938                      NaN                      NaN        9.113753e+05       402297.490847           675000.0          1105000.0  214.598972  157.003459     138.00     249.00       365      24         290000.0            430000.0      111.00         0.938303            93.830334
                Black or African American      Female Not Hispanic or Latino          36    532777.777778    195274.328810        412500.0        672500.0                88.568833                10.597562                84.54350                95.00000                 43.925926                  5.030109                      NaN                      NaN        6.463889e+05       236512.189692           485000.0           757500.0  164.861111  105.919687      93.75     207.75        30       6         260000.0            272500.0      114.00         0.833333            83.333333
                Black or African American        Male     Hispanic or Latino           5    477000.000000    236262.565803        375000.0        475000.0                82.400000                15.290520                75.00000                95.00000                 45.000000                  4.242641                      NaN                      NaN        5.870000e+05       262430.943297           415000.0           635000.0  159.800000   65.610213     124.00     148.00         5       0         100000.0            220000.0       24.00         1.000000           100.000000
                Black or African American        Male Not Hispanic or Latino          42    515714.285714    211203.206474        360000.0        667500.0                79.902167                18.812253                70.28850                94.94400                 43.566667                  3.829858                      NaN                      NaN        7.057143e+05       344003.636234           480000.0           840000.0  169.976190   92.802830      99.75     229.50        33       9         307500.0            360000.0      129.75         0.785714            78.571429
Native Hawaiian or Other Pacific Islander      Female     Hispanic or Latino           2    400000.000000     63639.610307        377500.0        422500.0                97.950000                 2.899138                96.92500                98.97500                 48.000000                       NaN                      NaN                      NaN        4.100000e+05        63639.610307           387500.0           432500.0  103.500000   23.334524      95.25     111.75         1       1          45000.0             45000.0       16.50         0.500000            50.000000
Native Hawaiian or Other Pacific Islander      Female Not Hispanic or Latino           3    518333.333333    119303.534454        450000.0        560000.0                85.721000                12.874180                78.58150                91.08150                 41.500000                  3.535534                      NaN                      NaN        6.083333e+05        66583.281185           570000.0           630000.0  184.333333   22.368132     174.50     196.50         3       0         110000.0             60000.0       22.00         1.000000           100.000000
Native Hawaiian or Other Pacific Islander        Male     Hispanic or Latino           1    445000.000000              NaN        445000.0        445000.0                80.000000                      NaN                80.00000                80.00000                 38.000000                       NaN                    38.00                    38.00        5.650000e+05                 NaN           565000.0           565000.0  299.000000         NaN     299.00     299.00         1       0              0.0                 0.0        0.00         1.000000           100.000000
Native Hawaiian or Other Pacific Islander        Male Not Hispanic or Latino           2    770000.000000    445477.272148        612500.0        927500.0                76.709500                23.630802                68.35475                85.06425                 44.000000                  4.242641                    42.50                    45.50        1.155000e+06       565685.424949           955000.0          1355000.0  269.000000  189.504617     202.00     336.00         2       0         315000.0            400000.0      134.00         1.000000           100.000000
                                    White      Female     Hispanic or Latino         161    435372.670807    190088.427445        295000.0        545000.0                82.751702                23.724438                77.73000                95.00000                 44.531250                  3.649911                      NaN                      NaN        5.641304e+05       267813.814301           405000.0           705000.0  128.614907   76.433146      80.00     150.00       142      19         250000.0            300000.0       70.00         0.881988            88.198758
                                    White      Female Not Hispanic or Latino         363    456763.085399    226109.734918        285000.0        595000.0                69.363669                20.946939                55.50850                80.00000                 44.035019                  3.918448                      NaN                      NaN        6.948072e+05       373752.386867           455000.0           870000.0  153.005510   95.166182      92.50     183.50       337      26         310000.0            415000.0       91.00         0.928375            92.837466
                                    White        Male     Hispanic or Latino         261    475000.000000    199520.579235        335000.0        595000.0                84.042310                13.454114                80.00000                95.00000                 44.219895                  3.888420                      NaN                      NaN        5.822797e+05       246506.113065           415000.0           715000.0  159.130268  120.281298      93.00     180.00       243      18         260000.0            300000.0       87.00         0.931034            93.103448
                                    White        Male Not Hispanic or Latino         450    544222.222222    263395.794797        345000.0        725000.0                73.764744                19.605520                66.95875                88.90000                 43.732441                  4.065155                      NaN                      NaN        7.953333e+05       515542.074219           467500.0           985000.0  224.202222  354.609270     110.25     245.00       419      31         380000.0            517500.0      134.75         0.931111            93.111111