                             derived_race derived_sex      derived_ethnicity  total_apps  avg_loan_amount  std_loan_amount  Q1_loan_amount  Q3_loan_amount  avg_loan_to_value_ratio  std_loan_to_value_ratio  Q1_loan_to_value_ratio  Q3_loan_to_value_ratio  avg_debt_to_income_ratio  std_debt_to_income_ratio  Q1_debt_to_income_ratio  Q3_debt_to_income_ratio  avg_property_value  std_property_value  Q1_property_value  Q3_property_value  avg_income  std_income  Q1_income  Q3_income  accepted  denied  iqr_loan_amount  iqr_property_value  iqr_income  acceptance_rate  acceptance_rate_pct
                 2 or more minority races      Female Not Hispanic or Latino           2    330000.000000    120208.152802        287500.0        372500.0                55.220500                17.056123                49.19025                61.25075                       NaN                       NaN                      NaN                      NaN        5.850000e+05        42426.406871           570000.0           600000.0  115.000000   35.355339     102.50     127.50         1       1          85000.0             30000.0       25.00         0.500000            50.000000
                 2 or more minority races        Male     Hispanic or Latino           2    555000.000000    113137.084990        515000.0        595000.0                89.995000                 0.007071                89.99250                89.99750                 41.000000                  0.000000                    41.00                    41.00        6.200000e+05       134350.288425           572500.0           667500.0  133.000000   22.627417     125.00     141.00         2       0          80000.0             95000.0       16.00         1.000000           100.000000
                 2 or more minority races        Male Not Hispanic or Latino           4    517500.000000    301371.863318        345000.0        657500.0                86.000000                 9.201449                79.25000                91.75000                 46.500000                  1.290994                    45.75                    47.25        6.300000e+05       411055.551801           422500.0           772500.0  139.250000   54.792791     120.50     173.75         4       0         312500.0            350000.0       53.25         1.000000           100.000000
         American Indian or Alaska Native      Female     Hispanic or Latino           5    381000.000000     77653.074633        315000.0        435000.0                86.577800                19.161609                90.00000                95.00000                 42.000000                  3.937004                    41.00                    42.00        4.710000e+05       208758.233371           345000.0           465000.0   99.200000   26.705805      76.00     114.00         5       0         120000.0            120000.0       38.00         1.000000           100.000000
         American Indian or Alaska Native      Female Not Hispanic or Latino           1    545000.000000              NaN        545000.0        545000.0                95.000000                      NaN                95.00000                95.00000                 49.000000                       NaN                    49.00                    49.00        5.750000e+05                 NaN           575000.0           575000.0  114.000000         NaN     114.00     114.00         1       0              0.0                 0.0        0.00         1.000000           100.000000
         American Indian or Alaska Native        Male     Hispanic or Latino           9    513888.888889    148024.022074        395000.0        585000.0                86.337889                 7.213572                80.00000                95.00000                 43.142857                  3.287784                      NaN                      NaN        5.983333e+05       169189.243157           475000.0           615000.0  149.333333   65.391131     107.00     154.00         8       1         190000.0            140000.0       47.00         0.888889            88.888889
         American Indian or Alaska Native        Male Not Hispanic or Latino           8    622500.000000    226068.889627        475000.0        750000.0                81.293625                 7.507140                75.00000                82.77650                 43.500000                  4.041452                      NaN                      NaN        7.862500e+05       283520.596380           625000.0           972500.0  234.125000  161.051400     144.50     269.75         7       1         275000.0            347500.0      125.25         0.875000            87.500000
                                    Asian      Female     Hispanic or Latino           4    505000.000000    208326.666560        440000.0        575000.0                78.523500                18.090674                69.39400                91.25000                 41.333333                  1.154701                      NaN                      NaN        6.250000e+05       174547.032821           512500.0           717500.0  181.500000   85.963170     135.75     202.25         4       0         135000.0            205000.0       66.50         1.000000           100.000000
                                    Asian      Female Not Hispanic or Latino         213    570023.474178    210284.229065        415000.0        725000.0                71.766502                17.790632                60.60000                80.00000                 43.675000                  3.989846                      NaN                      NaN        8.355164e+05       365376.796935           575000.0           995000.0  172.591549   83.145742     119.00     206.00       201      12         310000.0            420000.0       87.00         0.943662            94.366197
                                    Asian        Male     Hispanic or Latino          10    590000.000000    231912.339761        465000.0        675000.0                80.333700                13.603665                80.00000                89.49850                 45.500000                  2.777460                      NaN                      NaN        7.380000e+05       300482.944608           500000.0           820000.0  158.600000   96.710565     105.50     193.75         9       1         210000.0            320000.0       88.25         0.900000            90.000000
                                    Asian        Male Not Hispanic or Latino         397    631952.141058    231101.950100        455000.0        765000.0                74.073994                17.728906                69.83600                85.00000                 43.493197                  4.096734                      NaN                      NaN        9.058312e+05       416625.530371           625000.0          1105000.0  205.886650  156.666634     136.00     243.00       378      19         310000.0            480000.0      107.00         0.952141            95.214106
                Black or African American      Female     Hispanic or Latino           3    888333.333333    335310.801099        725000.0       1060000.0                71.333333                20.744477                62.00000                82.50000                 42.000000                       NaN                      NaN                      NaN        1.225000e+06       121243.556530          1160000.0          1280000.0  482.333333  472.118982     210.00     628.50         3       0         335000.0            120000.0      418.50         1.000000           100.000000
                Black or African American      Female Not Hispanic or Latino          44    467045.454545    220291.345621        365000.0        587500.0                84.129523                18.146085                79.69500                95.00000                 43.176471                  3.605304                      NaN                      NaN        6.306818e+05       327835.734018           482500.0           780000.0  157.272727   72.142418     109.75     191.75        37       7         222500.0            297500.0       82.00         0.840909            84.090909
                Black or African American        Male     Hispanic or Latino           5    655000.000000    350713.558335        385000.0        875000.0                86.896200                 5.636965                85.00000                89.48100                 44.333333                  3.055050                      NaN                      NaN        7.490000e+05       389268.544838           455000.0          1025000.0  229.600000  179.561410     110.00     275.00         5       0         490000.0            570000.0      165.00         1.000000           100.000000
                Black or African American        Male Not Hispanic or Latino          37    497972.972973    229805.048596        355000.0        635000.0                84.226324                15.486076                80.00000                95.00000                 44.428571                  3.686096                      NaN                      NaN        6.136486e+05       266710.018999           475000.0           775000.0  147.756757   85.323374      89.00     179.00        31       6         280000.0            300000.0       90.00         0.837838            83.783784
Native Hawaiian or Other Pacific Islander      Female     Hispanic or Latino           2    450000.000000      7071.067812        447500.0        452500.0                85.000000                 7.071068                82.50000                87.50000                 43.500000                  6.363961                    41.25                    45.75        5.300000e+05        49497.474683           512500.0           547500.0  150.000000   80.610173     121.50     178.50         2       0           5000.0             35000.0       57.00         1.000000           100.000000
Native Hawaiian or Other Pacific Islander      Female Not Hispanic or Latino           2    660000.000000    304055.915910        552500.0        767500.0                89.624500                 6.540031                87.31225                91.93675                 42.000000                  4.242641                    40.50                    43.50        7.400000e+05       403050.865276           597500.0           882500.0  178.500000   89.802561     146.75     210.25         1       1         215000.0            285000.0       63.50         0.500000            50.000000
Native Hawaiian or Other Pacific Islander        Male Not Hispanic or Latino           2    670000.000000     91923.881554        637500.0        702500.0                93.500000                 4.949747                91.75000                95.25000                 38.000000                       NaN                      NaN                      NaN        7.200000e+05       134350.288425           672500.0           767500.0  326.000000  172.534055     265.00     387.00         2       0          65000.0             95000.0      122.00         1.000000           100.000000
                                    White      Female     Hispanic or Latino         169    411804.733728    189640.552164        265000.0        505000.0                77.598751                21.111957                71.00000                94.99900                 44.889706                  3.660951                      NaN                      NaN        5.838166e+05       381100.874923           395000.0           655000.0  134.715976  122.998799      77.00     154.00       159      10         240000.0            260000.0       77.00         0.940828            94.082840
                                    White      Female Not Hispanic or Latino         332    463614.457831    242151.500920        285000.0        615000.0                70.527797                22.414971                59.85625                85.00000                 43.954167                  4.298728                      NaN                      NaN        6.960241e+05       368657.447527           455000.0           890000.0  155.376506  111.940639      89.00     184.25       313      19         330000.0            435000.0       95.25         0.942771            94.277108
                                    White        Male     Hispanic or Latino         273    473534.798535    221269.847227        315000.0        605000.0                82.947505                17.006489                79.96000                95.00000                 44.237624                  4.059627                      NaN                      NaN        5.965018e+05       283100.508609           415000.0           725000.0  166.780220  148.043749      88.00     198.00       251      22         290000.0            310000.0      110.00         0.919414            91.941392
                                    White        Male Not Hispanic or Latino         476    537394.957983    241932.003270        365000.0        687500.0                75.958599                18.316492                68.72550                90.00000                 43.726984                  3.996225                      NaN                      NaN        7.499370e+05       377724.762253           485000.0           937500.0  203.911765  361.019965     112.00     234.75       444      32         322500.0            452500.0      122.75         0.932773            93.277311