                             derived_race derived_sex      derived_ethnicity  total_apps  avg_loan_amount  std_loan_amount  Q1_loan_amount  Q3_loan_amount  avg_loan_to_value_ratio  std_loan_to_value_ratio  Q1_loan_to_value_ratio  Q3_loan_to_value_ratio  avg_debt_to_income_ratio  std_debt_to_income_ratio  Q1_debt_to_income_ratio  Q3_debt_to_income_ratio  avg_property_value  std_property_value  Q1_property_value  Q3_property_value  avg_income  std_income  Q1_income  Q3_income  accepted  denied  iqr_loan_amount  iqr_property_value  iqr_income  acceptance_rate  acceptance_rate_pct
                 2 or more minority races      Female     Hispanic or Latino           3    248333.333333     66583.281185        220000.0        285000.0                84.376667                18.948368                78.75000                95.31500                 44.000000                  5.000000                     41.5                    46.50       371666.666667       102632.028789           315000.0           415000.0   78.666667   19.655364      67.50      86.00         2       1          65000.0            100000.0       18.50         0.666667            66.666667
                 2 or more minority races      Female Not Hispanic or Latino           5    409000.000000    178549.712965        365000.0        535000.0                74.547600                22.910049                80.00000                80.00000                 46.333333                  3.785939                      NaN                      NaN       529000.000000       117388.244727           455000.0           615000.0  106.000000   52.330679      83.00     129.00         5       0         170000.0            160000.0       46.00         1.000000           100.000000
                 2 or more minority races        Male     Hispanic or Latino           2    270000.000000    134350.288425        222500.0        317500.0                99.676500                 6.613570                97.33825               102.01475                 38.000000                       NaN                      NaN                      NaN       305000.000000       169705.627485           245000.0           365000.0  236.500000   94.045202     203.25     269.75         2       0          95000.0            120000.0       66.50         1.000000           100.000000
                 2 or more minority races        Male Not Hispanic or Latino           3    395000.000000    272213.151776        240000.0        495000.0                90.666667                 9.291573                87.50000                96.00000                 41.000000                  6.082763                     37.5                    43.00       458333.333333       363639.015142           250000.0           585000.0  133.333333   74.144004      95.00     169.00         3       0         255000.0            335000.0       74.00         1.000000           100.000000
         American Indian or Alaska Native      Female     Hispanic or Latino           5    297000.000000    149231.363996        185000.0        335000.0                74.531000                23.757630                68.00000                93.00000                 46.750000                  3.862210                      NaN                      NaN       427000.000000       196137.706727           325000.0           495000.0   97.600000   54.353473      70.00     101.00         5       0         150000.0            170000.0       31.00         1.000000           100.000000
         American Indian or Alaska Native      Female Not Hispanic or Latino           6    356666.666667    282093.365159        122500.0        590000.0                78.701000                33.298996                82.50000                95.95300                 42.200000                  1.483240                      NaN                      NaN       515000.000000       206978.259728           355000.0           662500.0  133.833333   77.741666      79.00     198.00         6       0         467500.0            307500.0      119.00         1.000000           100.000000
         American Indian or Alaska Native        Male     Hispanic or Latino           7    596428.571429    167871.833197        470000.0        760000.0                82.225000                 5.016185                79.79600                85.49150                 46.000000                  2.943920                      NaN                      NaN       726428.571429       196165.624871           560000.0           890000.0  223.000000  111.613918     150.50     266.50         6       1         290000.0            330000.0      116.00         0.857143            85.714286
         American Indian or Alaska Native        Male Not Hispanic or Latino           8    520000.000000    170377.731610        420000.0        620000.0                76.802500                17.644559                79.03200                81.90000                 38.800000                  1.643168                      NaN                      NaN       936250.000000       858161.448347           537500.0           885000.0  225.875000  191.624959     104.00     268.75         7       1         200000.0            347500.0      164.75         0.875000            87.500000
                                    Asian      Female     Hispanic or Latino           4    355000.000000    217715.410571        222500.0        437500.0                59.271000                19.671558                49.73275                71.04725                 43.666667                  4.932883                      NaN                      NaN       577500.000000       251710.812905           452500.0           580000.0  108.000000   41.673333      78.25     129.75         4       0         215000.0            127500.0       51.50         1.000000           100.000000
                                    Asian      Female Not Hispanic or Latino         212    555518.867925    225384.799175        405000.0        705000.0                70.184104                19.312688                61.36975                80.00000                 44.123457                  3.761137                      NaN                      NaN       829198.113208       326218.922213           602500.0           987500.0  167.943396   92.366602     105.00     202.25       198      14         300000.0            385000.0       97.25         0.933962            93.396226
                                    Asian        Male     Hispanic or Latino           4    525000.000000    139522.996910        420000.0        600000.0                90.500000                10.376255                90.00000                95.50000                 44.250000                  4.991660                     43.0                    47.25       580000.000000       122882.057274           532500.0           622500.0  157.750000   77.551596      97.00     198.25         4       0         180000.0             90000.0      101.25         1.000000           100.000000
                                    Asian        Male Not Hispanic or Latino         386    639507.772021    243792.313552        465000.0        765000.0                72.376681                18.311831                65.64825                80.00000                 43.425532                  4.006639                      NaN                      NaN       934326.424870       432024.003874           647500.0          1152500.0  209.608808  146.914181     130.00     246.50       354      32         300000.0            505000.0      116.50         0.917098            91.709845
                Black or African American      Female     Hispanic or Latino           3    561666.666667    172143.351116        465000.0        630000.0                85.610000                22.884579                77.26200                98.65300                 42.000000                  4.242641                      NaN                      NaN       831666.666667        32145.502537           820000.0           850000.0  160.666667   46.971623     135.50     182.00         3       0         165000.0             30000.0       46.50         1.000000           100.000000
                Black or African American      Female Not Hispanic or Latino          46    515217.391304    209417.065318        370000.0        645000.0                81.766087                18.280927                77.00000                95.00000                 44.363636                  3.655631                      NaN                      NaN       671956.521739       274799.883270           515000.0           810000.0  151.347826   73.130087     113.25     174.75        33      13         275000.0            295000.0       61.50         0.717391            71.739130
                Black or African American        Male     Hispanic or Latino           8    553750.000000    252780.961082        382500.0        695000.0                83.862625                12.985566                78.75000                95.00000                 44.142857                  3.716117                      NaN                      NaN       698750.000000       388915.616995           462500.0           815000.0  430.375000  885.628258     106.75     147.50         7       1         312500.0            352500.0       40.75         0.875000            87.500000
                Black or African American        Male Not Hispanic or Latino          36    542500.000000    224478.761324        405000.0        697500.0                80.367528                20.657390                78.76500                95.00000                 45.304348                  4.016271                      NaN                      NaN       699166.666667       253741.994948           540000.0           787500.0  215.777778  192.166908      97.00     244.00        27       9         292500.0            247500.0      147.00         0.750000            75.000000
Native Hawaiian or Other Pacific Islander      Female     Hispanic or Latino           1    205000.000000              NaN        205000.0        205000.0                76.340000                      NaN                76.34000                76.34000                       NaN                       NaN                      NaN                      NaN       265000.000000                 NaN           265000.0           265000.0   28.000000         NaN      28.00      28.00         0       1              0.0                 0.0        0.00         0.000000             0.000000
Native Hawaiian or Other Pacific Islander      Female Not Hispanic or Latino           1    595000.000000              NaN        595000.0        595000.0                80.000000                      NaN                80.00000                80.00000                 38.000000                       NaN                     38.0                    38.00       735000.000000                 NaN           735000.0           735000.0  164.000000         NaN     164.00     164.00         1       0              0.0                 0.0        0.00         1.000000           100.000000
Native Hawaiian or Other Pacific Islander        Male     Hispanic or Latino           4    515000.000000    246441.338524        415000.0        570000.0                82.869750                19.333033                73.86000                96.24925                 45.000000                       NaN                      NaN                      NaN       662500.000000       358736.207633           430000.0           887500.0  283.750000  248.310793      91.00     424.75         3       1         155000.0            457500.0      333.75         0.750000            75.000000
Native Hawaiian or Other Pacific Islander        Male Not Hispanic or Latino           5    539000.000000    105498.815159        435000.0        605000.0                82.038000                15.631441                80.00000                90.00000                 40.750000                  4.856267                      NaN                      NaN       673000.000000       108489.630841           685000.0           735000.0  209.000000   45.929293     185.00     255.00         4       1         170000.0             50000.0       70.00         0.800000            80.000000
                                    White      Female     Hispanic or Latino         168    411785.714286    171140.315820        322500.0        505000.0                81.895250                16.876111                75.00000                95.00000                 43.869231                  4.079422                      NaN                      NaN       543571.428571       244479.860220           375000.0           645000.0  127.767857   89.999266      77.75     153.00       148      20         182500.0            270000.0       75.25         0.880952            88.095238
                                    White      Female Not Hispanic or Latino         348    505114.942529    241775.346473        345000.0        655000.0                72.322106                21.067519                60.00000                89.18800                 44.091954                  3.966103                      NaN                      NaN       741925.287356       375114.238344           482500.0           925000.0  171.000000  113.010902      97.75     208.50       324      24         310000.0            442500.0      110.75         0.931034            93.103448
                                    White        Male     Hispanic or Latino         260    466615.384615    209794.176930        315000.0        615000.0                81.424873                17.312091                75.00000                95.00000                 44.187500                  3.920179                      NaN                      NaN       587500.000000       253562.074981           405000.0           745000.0  154.003846  116.640606      88.00     174.50       234      26         300000.0            340000.0       86.50         0.900000            90.000000
                                    White        Male Not Hispanic or Latino         475    549842.105263    248748.187271        345000.0        725000.0                74.041451                18.304614                65.29000                86.00000                 43.500000                  4.014397                      NaN                      NaN       784894.736842       400965.329732           500000.0           975000.0  212.372632  246.352039     119.00     240.50       453      22         380000.0            475000.0      121.50         0.953684            95.368421