                             derived_race derived_sex      derived_ethnicity  total_apps  avg_loan_amount  std_loan_amount  Q1_loan_amount  Q3_loan_amount  avg_loan_to_value_ratio  std_loan_to_value_ratio  Q1_loan_to_value_ratio  Q3_loan_to_value_ratio  avg_debt_to_income_ratio  std_debt_to_income_ratio  Q1_debt_to_income_ratio  Q3_debt_to_income_ratio  avg_property_value  std_property_value  Q1_property_value  Q3_property_value  avg_income  std_income  Q1_income  Q3_income  accepted  denied  iqr_loan_amount  iqr_property_value  iqr_income  acceptance_rate  acceptance_rate_pct
                 2 or more minority races      Female     Hispanic or Latino           1    455000.000000              NaN        455000.0        455000.0                80.000000                      NaN                80.00000                 80.0000                 47.000000                       NaN                     47.0                     47.0       575000.000000                 NaN           575000.0           575000.0  102.000000         NaN     102.00     102.00         1       0              0.0                 0.0        0.00         1.000000           100.000000
                 2 or more minority races      Female Not Hispanic or Latino           3    311666.666667     70237.691686        275000.0        345000.0                74.386667                28.832768                61.58000                 90.0000                 45.000000                  4.242641                      NaN                      NaN       475000.000000        85440.037453           435000.0           520000.0  107.333333   48.387326      80.00     126.00         3       0          70000.0             85000.0       46.00         1.000000           100.000000
                 2 or more minority races        Male     Hispanic or Latino           3    491666.666667    228108.161479        360000.0        560000.0                90.362333                 9.091472                87.04350                 95.5435                 46.500000                  3.535534                      NaN                      NaN       541666.666667       232450.711621           410000.0           630000.0  149.333333   63.358767     126.50     185.50         3       0         200000.0            220000.0       59.00         1.000000           100.000000
                 2 or more minority races        Male Not Hispanic or Latino           2    620000.000000     49497.474683        602500.0        637500.0                85.000000                 7.071068                82.50000                 87.5000                 42.000000                       NaN                      NaN                      NaN       730000.000000       120208.152802           687500.0           772500.0  564.000000  595.383910     353.50     774.50         2       0          35000.0             85000.0      421.00         1.000000           100.000000
         American Indian or Alaska Native      Female     Hispanic or Latino           7    342142.857143    226326.775976        210000.0        365000.0                53.308857                25.171251                33.79200                 68.5960                 43.200000                  1.303840                      NaN                      NaN       623571.428571       144156.000156           565000.0           670000.0  142.142857   70.110457      81.50     196.00         7       0         155000.0            105000.0      114.50         1.000000           100.000000
         American Indian or Alaska Native      Female Not Hispanic or Latino           3    298333.333333     68068.592856        260000.0        325000.0                69.500000                25.500000                56.75000                 82.2500                 42.666667                  6.110101                     40.0                     46.0       458333.333333       145716.619963           375000.0           510000.0   97.333333   25.324560      86.00     111.00         3       0          65000.0            135000.0       25.00         1.000000           100.000000
         American Indian or Alaska Native        Male     Hispanic or Latino           5    515000.000000     79686.887253        485000.0        555000.0                80.091400                25.049472                80.00000                 95.0000                 42.000000                  3.741657                     41.0                     45.0       759000.000000       371052.556924           515000.0           715000.0  150.000000   15.394804     142.00     147.00         5       0          70000.0            200000.0        5.00         1.000000           100.000000
         American Indian or Alaska Native        Male Not Hispanic or Latino           2    525000.000000     42426.406871        510000.0        540000.0                97.000000                 0.000000                97.00000                 97.0000                 42.000000                       NaN                      NaN                      NaN       545000.000000        42426.406871           530000.0           560000.0  182.000000   62.225397     160.00     204.00         2       0          30000.0             30000.0       44.00         1.000000           100.000000
                                    Asian      Female     Hispanic or Latino           5    327000.000000    138275.088140        275000.0        365000.0                61.951200                25.513224                42.02900                 80.0000                 44.500000                  6.137318                      NaN                      NaN       585000.000000       320780.298647           345000.0           815000.0   90.800000   22.796930      70.00     100.00         5       0          90000.0            470000.0       30.00         1.000000           100.000000
                                    Asian      Female Not Hispanic or Latino         219    544634.703196    200691.131260        415000.0        685000.0                71.677895                18.190350                60.82500                 80.0000                 44.543046                  3.930624                      NaN                      NaN       817876.712329       379216.283033           575000.0           950000.0  168.968037  112.682447     109.00     197.50       207      12         270000.0            375000.0       88.50         0.945205            94.520548
                                    Asian        Male     Hispanic or Latino          11    556818.181818    109619.175496        490000.0        640000.0                87.166909                 6.081846                81.30000                 91.5000                 45.375000                  3.113909                      NaN                      NaN       642272.727273       144574.611125           520000.0           735000.0  347.454545  681.709082     118.00     174.50        11       0         150000.0            215000.0       56.50         1.000000           100.000000
                                    Asian        Male Not Hispanic or Latino         393    639122.137405    230366.401461        465000.0        765000.0                73.041792                18.051777                65.00000                 80.0000                 43.914591                  3.984770                      NaN                      NaN       933193.384224       429617.227898           645000.0          1155000.0  207.516539  148.153121     132.00     251.00       369      24         300000.0            510000.0      119.00         0.938931            93.893130
                Black or African American      Female     Hispanic or Latino           4    502500.000000    135984.067694        432500.0        580000.0                81.820000                26.668300                78.06500                 96.2500                 46.333333                  3.785939                      NaN                      NaN       672500.000000       130479.883507           642500.0           740000.0  165.250000   95.426673     119.00     190.25         4       0         147500.0             97500.0       71.25         1.000000           100.000000
                Black or African American      Female Not Hispanic or Latino          46    539347.826087    224317.752544        392500.0        652500.0                84.576913                19.113040                81.25000                 97.0000                 43.150000                  4.943527                      NaN                      NaN       660000.000000       242383.992871           517500.0           777500.0  163.586957   75.439328     114.25     190.75        38       8         260000.0            260000.0       76.50         0.826087            82.608696
                Black or African American        Male     Hispanic or Latino           5    445000.000000     91923.881554        385000.0        505000.0                74.328600                15.764666                65.03000                 85.0000                 46.333333                  4.618802                      NaN                      NaN       611000.000000       130690.474022           535000.0           625000.0  134.200000   43.176382     106.00     152.00         4       1         120000.0             90000.0       46.00         0.800000            80.000000
                Black or African American        Male Not Hispanic or Latino          38    564210.526316    248741.498064        387500.0        755000.0                81.194316                17.656056                69.61375                 95.0000                 43.269231                  4.238469                      NaN                      NaN       723684.210526       325370.234462           507500.0           902500.0  210.789474  120.267980     119.75     306.50        33       5         367500.0            395000.0      186.75         0.868421            86.842105
Native Hawaiian or Other Pacific Islander        Male     Hispanic or Latino           3    471666.666667    130128.141973        405000.0        535000.0                88.333000                 7.637190                85.00000                 92.4995                 45.500000                  0.707107                      NaN                      NaN       545000.000000       196977.156036           435000.0           625000.0   99.333333   38.552994      79.50     118.00         2       1         130000.0            190000.0       38.50         0.666667            66.666667
Native Hawaiian or Other Pacific Islander        Male Not Hispanic or Latino           1    425000.000000              NaN        425000.0        425000.0                90.000000                      NaN                90.00000                 90.0000                 49.000000                       NaN                     49.0                     49.0       465000.000000                 NaN           465000.0           465000.0  150.000000         NaN     150.00     150.00         1       0              0.0                 0.0        0.00         1.000000           100.000000
                                    White      Female     Hispanic or Latino         154    444090.909091    208575.509865        297500.0        555000.0                83.130782                17.542501                80.00000                 95.0000                 44.516667                  3.949223                      NaN                      NaN       558246.753247       257046.785286           375000.0           675000.0  137.318182   91.710735      85.00     161.25       132      22         257500.0            300000.0       76.25         0.857143            85.714286
                                    White      Female Not Hispanic or Latino         349    480530.085960    249066.227022        295000.0        635000.0                70.104445                21.130181                56.51000                 85.0000                 44.038760                  3.984216                      NaN                      NaN       718094.555874       385493.629953           475000.0           915000.0  159.578797  105.309220      97.00     190.00       327      22         340000.0            440000.0       93.00         0.936963            93.696275
                                    White        Male     Hispanic or Latino         292    464657.534247    216707.364035        312500.0        585000.0                81.891072                16.643820                79.54800                 95.0000                 44.093596                  4.015577                      NaN                      NaN       594965.753425       270729.570866           405000.0           735000.0  149.219178  123.644930      93.00     188.25       268      24         272500.0            330000.0       95.25         0.917808            91.780822
                                    White        Male Not Hispanic or Latino         454    579625.550661    257072.525407        387500.0        755000.0                74.980914                19.178852                68.26775                 90.0000                 43.552980                  3.931579                      NaN                      NaN       826563.876652       425071.321499           525000.0          1005000.0  228.169604  330.857825     118.00     254.00       424      30         367500.0            480000.0      136.00         0.933921            93.392070