                             derived_race derived_sex      derived_ethnicity  total_apps  avg_loan_amount  std_loan_amount  Q1_loan_amount  Q3_loan_amount  avg_loan_to_value_ratio  std_loan_to_value_ratio  Q1_loan_to_value_ratio  Q3_loan_to_value_ratio  avg_debt_to_income_ratio  std_debt_to_income_ratio  Q1_debt_to_income_ratio  Q3_debt_to_income_ratio  avg_property_value  std_property_value  Q1_property_value  Q3_property_value  avg_income  std_income  Q1_income  Q3_income  accepted  denied  iqr_loan_amount  iqr_property_value  iqr_income  acceptance_rate  acceptance_rate_pct
                 2 or more minority races      Female Not Hispanic or Latino           3    645000.000000    441927.595880        450000.0        885000.0                89.000000                 8.544004                85.00000                93.50000                 42.000000                       NaN                      NaN                      NaN       761666.666667       567655.999117           495000.0          1060000.0  298.000000  174.897113     200.50     369.50         3       0         435000.0            565000.0      169.00         1.000000           100.000000
                 2 or more minority races        Male Not Hispanic or Latino           2    700000.000000    374766.594029        567500.0        832500.0                88.500000                12.020815                84.25000                92.75000                 44.000000                       NaN                      NaN                      NaN       825000.000000       537401.153702           635000.0          1015000.0  228.500000  176.069589     166.25     290.75         1       1         265000.0            380000.0      124.50         0.500000            50.000000
         American Indian or Alaska Native      Female     Hispanic or Latino           8    500000.000000    424095.676537        282500.0        465000.0                79.008538                23.623610                70.50000                95.49750                 43.200000                  4.207137                      NaN                      NaN       723750.000000       731972.628294           430000.0           595000.0  108.250000   48.962814      70.50     131.00         7       1         182500.0            165000.0       60.50         0.875000            87.500000
         American Indian or Alaska Native      Female Not Hispanic or Latino           4    377500.000000    254738.427935        292500.0        550000.0                90.375000                11.279591                86.25000                96.62500                 42.500000                  7.778175                      NaN                      NaN       522500.000000       194657.819434           385000.0           642500.0  186.500000  122.535709     125.25     212.25         4       0         257500.0            257500.0       87.00         1.000000           100.000000
         American Indian or Alaska Native        Male     Hispanic or Latino          11    321363.636364    181453.725631        165000.0        455000.0                78.523636                17.261022                79.94500                87.50000                 44.142857                  3.804759                      NaN                      NaN       414090.909091       207819.852057           305000.0           525000.0  166.909091  142.848489      94.50     167.00         9       2         290000.0            220000.0       72.50         0.818182            81.818182
         American Indian or Alaska Native        Male Not Hispanic or Latino           2    660000.000000    445477.272148        502500.0        817500.0                78.065500                 2.735796                77.09825                79.03275                 37.000000                       NaN                      NaN                      NaN       835000.000000       537401.153702           645000.0          1025000.0  248.000000  229.102597     167.00     329.00         2       0         315000.0            380000.0      162.00         1.000000           100.000000
                                    Asian      Female     Hispanic or Latino           6    606666.666667    203412.552874        555000.0        617500.0                84.413833                 9.481398                76.25000                93.11500                 46.250000                  2.753785                      NaN                      NaN       730000.000000       271643.148266           587500.0           800000.0  194.833333  160.433683     116.25     171.75         5       1          62500.0            212500.0       55.50         0.833333            83.333333
                                    Asian      Female Not Hispanic or Latino         209    548253.588517    242139.775668        355000.0        725000.0                69.986895                18.170118                60.00000                80.00000                 43.512821                  4.115254                      NaN                      NaN       845765.550239       452590.181791           555000.0          1035000.0  175.559809   97.644851     113.00     210.00       193      16         370000.0            480000.0       97.00         0.923445            92.344498
                                    Asian        Male     Hispanic or Latino           9    506111.111111     58404.718226        495000.0        535000.0                76.455333                16.905336                72.60300                89.95000                 43.666667                  1.751190                      NaN                      NaN       709444.444444       235908.409722           525000.0           735000.0  188.111111   86.711367     145.00     202.00         9       0          40000.0            210000.0       57.00         1.000000           100.000000
                                    Asian        Male Not Hispanic or Latino         360    638027.777778    230189.456439        465000.0        765000.0                72.916099                17.192657                62.15210                85.00000                 43.524164                  4.026541                      NaN                      NaN       941361.111111       478957.587505           635000.0          1165000.0  210.333333  150.347712     135.75     240.00       341      19         300000.0            530000.0      104.25         0.947222            94.722222
                Black or African American      Female     Hispanic or Latino           3    275000.000000    202977.831302        165000.0        365000.0                72.919000                33.209594                58.37000                91.00850                 47.500000                  2.121320                      NaN                      NaN       375000.000000       208086.520467           255000.0           440000.0   66.000000   37.363083      49.00      86.00         2       1         200000.0            185000.0       37.00         0.666667            66.666667
                Black or African American      Female Not Hispanic or Latino          47    523085.106383    243601.940967        345000.0        665000.0                90.901787                10.409957                89.29400                97.94550                 44.060606                  3.741151                      NaN                      NaN       635212.765957       276173.302252           450000.0           785000.0  167.680851  114.920976     101.50     193.00        39       8         320000.0            335000.0       91.50         0.829787            82.978723
                Black or African American        Male     Hispanic or Latino           3    448333.333333    119303.534454        400000.0        515000.0                75.537667                22.035023                65.80650                87.50000                 38.000000                       NaN                      NaN                      NaN       601666.666667        25166.114784           590000.0           615000.0  185.000000   19.467922     177.50     196.00         2       1         115000.0             25000.0       18.50         0.666667            66.666667
                Black or African American        Male Not Hispanic or Latino          49    505816.326531    245533.744581        315000.0        645000.0                82.345469                18.945203                80.00000                95.00000                 45.611111                  3.579926                      NaN                      NaN       621938.775510       254944.471745           435000.0           775000.0  162.816327   79.549951     110.00     197.00        43       6         330000.0            340000.0       87.00         0.877551            87.755102
Native Hawaiian or Other Pacific Islander      Female Not Hispanic or Latino           3    391666.666667    123423.390544        340000.0        460000.0                76.666667                15.275252                70.00000                85.00000                 46.500000                  3.535534                      NaN                      NaN       508333.333333        94516.312525           455000.0           545000.0   99.000000   31.048349      83.00     114.00         3       0         120000.0             90000.0       31.00         1.000000           100.000000
Native Hawaiian or Other Pacific Islander        Male     Hispanic or Latino           3    468333.333333    352467.492591        275000.0        620000.0                68.129000                33.998655                54.69350                87.24000                 43.000000                       NaN                      NaN                      NaN       671666.666667       355293.306063           470000.0           805000.0  167.000000  175.000000      67.00     229.50         1       2         345000.0            335000.0      162.50         0.333333            33.333333
Native Hawaiian or Other Pacific Islander        Male Not Hispanic or Latino           5    357000.000000    138455.769111        285000.0        415000.0                81.666000                17.608316                80.00000                95.00000                 44.250000                  5.251984                      NaN                      NaN       439000.000000       154369.686143           335000.0           435000.0  131.000000  102.198337      81.00     119.00         4       1         130000.0            100000.0       38.00         0.800000            80.000000
                                    White      Female     Hispanic or Latino         167    431766.467066    179799.987473        310000.0        535000.0                81.733365                16.754634                75.00000                95.00000                 44.835821                  3.683317                      NaN                      NaN       552964.071856       249255.612068           380000.0           660000.0  149.820359  144.851994      78.00     166.00       143      24         225000.0            280000.0       88.00         0.856287            85.628743
                                    White      Female Not Hispanic or Latino         369    484051.490515    258449.431716        305000.0        625000.0                69.739521                21.559192                54.04600                85.00000                 43.942446                  4.012201                      NaN                      NaN       740040.650407       407908.319004           455000.0           905000.0  162.701897  159.112819      92.00     195.00       339      30         320000.0            450000.0      103.00         0.918699            91.869919
                                    White        Male     Hispanic or Latino         277    452220.216606    197158.800547        295000.0        575000.0                83.275942                16.268132                80.00000                95.00000                 44.270642                  4.147639                      NaN                      NaN       579873.646209       296493.520823           385000.0           725000.0  154.433213  157.657743      91.00     166.00       254      23         280000.0            340000.0       75.00         0.916968            91.696751
                                    White        Male Not Hispanic or Latino         460    559586.956522    258388.762857        355000.0        727500.0                74.710465                18.736789                67.42075                89.99000                 43.168285                  3.969547                      NaN                      NaN       799456.521739       429988.509069           505000.0           995000.0  213.086957  223.358844     118.00     249.25       430      30         372500.0            490000.0      131.25         0.934783            93.478261