                             derived_race derived_sex      derived_ethnicity  total_apps  avg_loan_amount  std_loan_amount  Q1_loan_amount  Q3_loan_amount  avg_loan_to_value_ratio  std_loan_to_value_ratio  Q1_loan_to_value_ratio  Q3_loan_to_value_ratio  avg_debt_to_income_ratio  std_debt_to_income_ratio  Q1_debt_to_income_ratio  Q3_debt_to_income_ratio  avg_property_value  std_property_value  Q1_property_value  Q3_property_value  avg_income  std_income  Q1_income  Q3_income  accepted  denied  iqr_loan_amount  iqr_property_value  iqr_income  acceptance_rate  acceptance_rate_pct
                 2 or more minority races      Female     Hispanic or Latino           2    445000.000000    254558.441227        355000.0        535000.0                84.185000                15.294720                78.77750                89.59250                 44.000000                  7.071068                     41.5                     46.5       565000.000000       395979.797464           425000.0           705000.0  122.000000   29.698485     111.50     132.50         1       1         180000.0            280000.0       21.00         0.500000            50.000000
                 2 or more minority races      Female Not Hispanic or Latino           3    468333.333333    158219.257151        400000.0        555000.0                72.326667                27.330206                60.99000                87.50000                 43.333333                  5.686241                     41.0                     46.5       775000.000000       567890.834580           450000.0           975000.0  195.333333   71.458613     157.50     228.50         3       0         155000.0            525000.0       71.00         1.000000           100.000000
                 2 or more minority races        Male     Hispanic or Latino           1    175000.000000              NaN        175000.0        175000.0                95.000000                      NaN                95.00000                95.00000                       NaN                       NaN                      NaN                      NaN       185000.000000                 NaN           185000.0           185000.0  303.000000         NaN     303.00     303.00         1       0              0.0                 0.0        0.00         1.000000           100.000000
                 2 or more minority races        Male Not Hispanic or Latino           4    785000.000000    284604.989415        627500.0        987500.0                88.632000                11.618291                79.44450                96.68750                 47.500000                  0.707107                      NaN                      NaN       927500.000000       431846.809258           655000.0          1242500.0  255.500000  113.846388     187.00     345.50         4       0         360000.0            587500.0      158.50         1.000000           100.000000
         American Indian or Alaska Native      Female     Hispanic or Latino          10    373000.000000    131639.237649        335000.0        422500.0                78.930630                22.110247                65.87000                94.90500                 44.714286                  5.056820                      NaN                      NaN       506000.000000       169800.536578           445000.0           625000.0  100.500000   48.906373      71.00     112.25         9       1          87500.0            180000.0       41.25         0.900000            90.000000
         American Indian or Alaska Native      Female Not Hispanic or Latino           6    356666.666667    185625.070146        292500.0        377500.0                75.083333                20.703663                64.37500                91.25000                 46.666667                  2.309401                      NaN                      NaN       495000.000000       273569.004092           375000.0           580000.0  145.500000   81.008024      84.75     197.00         6       0          85000.0            205000.0      112.25         1.000000           100.000000
         American Indian or Alaska Native        Male     Hispanic or Latino          15    385666.666667    145772.164042        325000.0        460000.0                81.045267                16.836448                68.00000                93.91600                 44.000000                  4.594683                      NaN                      NaN       493666.666667       188371.466852           330000.0           675000.0  128.800000   47.455543      91.50     159.50        13       2         135000.0            345000.0       68.00         0.866667            86.666667
         American Indian or Alaska Native        Male Not Hispanic or Latino           5    445000.000000    212485.293609        245000.0        575000.0                81.617800                21.406039                80.00000                95.00000                 46.666667                  3.214550                      NaN                      NaN       587000.000000       272249.885216           455000.0           635000.0  123.000000   53.581713      87.00     146.00         4       1         330000.0            180000.0       59.00         0.800000            80.000000
                                    Asian      Female     Hispanic or Latino           5    347000.000000    114324.100696        305000.0        395000.0                65.910000                20.438516                55.00000                80.00000                 41.400000                  1.816590                     40.0                     43.0       613000.000000       446620.644395           385000.0           485000.0  109.200000   40.014997      89.00     107.00         5       0          90000.0            100000.0       18.00         1.000000           100.000000
                                    Asian      Female Not Hispanic or Latino         235    568404.255319    224126.763160        405000.0        715000.0                72.642459                18.171855                62.12850                83.10500                 43.614035                  3.923179                      NaN                      NaN       842489.361702       459050.575037           590000.0           955000.0  178.634043   90.023656     116.00     213.50       222      13         310000.0            365000.0       97.50         0.944681            94.468085
                                    Asian        Male     Hispanic or Latino           6    530000.000000    245662.369931        375000.0        630000.0                81.188833                 6.539087                76.25000                83.75000                 47.000000                  2.915476                      NaN                      NaN       653333.333333       285195.839147           447500.0           802500.0  297.000000  361.583185     136.25     195.75         6       0         255000.0            355000.0       59.50         1.000000           100.000000
                                    Asian        Male Not Hispanic or Latino         373    636957.104558    246068.393072        445000.0        765000.0                74.099968                17.546344                65.13100                85.00000                 43.548507                  4.152689                      NaN                      NaN       910844.504021       428075.397154           625000.0          1155000.0  215.689008  207.381783     133.00     232.00       345      28         320000.0            530000.0       99.00         0.924933            92.493298
                Black or African American      Female     Hispanic or Latino           6    511666.666667    180739.222823        377500.0        615000.0                78.215000                20.697472                71.25000                93.75000                 45.600000                  4.219005                      NaN                      NaN       678333.333333       207910.237042           670000.0           807500.0  135.500000   60.132354      82.00     170.00         5       1         237500.0            137500.0       88.00         0.833333            83.333333
                Black or African American      Female Not Hispanic or Latino          46    461521.739130    228504.484676        297500.0        590000.0                82.146413                17.125999                75.20750                95.00000                 45.277778                  3.903194                      NaN                      NaN       608695.652174       255215.453169           455000.0           720000.0  129.152174   65.115613      84.50     156.75        39       7         292500.0            265000.0       72.25         0.847826            84.782609
                Black or African American        Male     Hispanic or Latino           2    525000.000000     56568.542495        505000.0        545000.0                87.500000                10.606602                83.75000                91.25000                 41.000000                       NaN                      NaN                      NaN       600000.000000         7071.067812           597500.0           602500.0  181.500000   14.849242     176.25     186.75         2       0          40000.0              5000.0       10.50         1.000000           100.000000
                Black or African American        Male Not Hispanic or Latino          37    492297.297297    191044.623185        355000.0        645000.0                83.353135                14.499955                80.00000                95.00000                 43.608696                  4.449097                      NaN                      NaN       603648.648649       227084.934700           455000.0           725000.0  212.864865  278.420362     105.00     225.00        29       8         290000.0            270000.0      120.00         0.783784            78.378378
Native Hawaiian or Other Pacific Islander      Female Not Hispanic or Latino           5    435000.000000    239582.971014        245000.0        495000.0                70.461600                25.126820                68.53100                80.00000                 41.750000                  3.500000                      NaN                      NaN       679000.000000       214079.424513           535000.0           715000.0  150.200000   60.009999     144.00     180.00         5       0         250000.0            180000.0       36.00         1.000000           100.000000
Native Hawaiian or Other Pacific Islander        Male Not Hispanic or Latino           8    580000.000000    251566.520598        460000.0        635000.0                85.412375                 9.373919                78.42250                91.25000                 44.428571                  4.353433                      NaN                      NaN       700000.000000       348588.992532           597500.0           757500.0  197.375000  102.628230     146.25     236.00         7       1         175000.0            160000.0       89.75         0.875000            87.500000
                                    White      Female     Hispanic or Latino         162    445370.370370    205135.582763        317500.0        560000.0                82.025704                18.222450                78.06850                95.00000                 44.338843                  3.833088                      NaN                      NaN       566790.123457       232389.436266           407500.0           692500.0  169.401235  378.465067      85.00     150.00       145      17         242500.0            285000.0       65.00         0.895062            89.506173
                                    White      Female Not Hispanic or Latino         346    460491.329480    229851.662777        295000.0        612500.0                72.551454                21.121774                60.00000                90.00000                 43.637450                  4.215214                      NaN                      NaN       667254.335260       341083.701821           445000.0           845000.0  156.751445   94.007595      95.00     189.75       325      21         317500.0            400000.0       94.75         0.939306            93.930636
                                    White        Male     Hispanic or Latino         263    469828.897338    213434.003068        325000.0        600000.0                82.814825                15.975218                80.00000                95.00000                 44.873016                  3.752271                      NaN                      NaN       589752.851711       269233.850334           405000.0           725000.0  156.422053  158.709684      85.50     167.50       237      26         275000.0            320000.0       82.00         0.901141            90.114068
                                    White        Male Not Hispanic or Latino         460    545586.956522    244137.990561        372500.0        705000.0                74.096539                18.775192                65.16275                89.55275                 43.813505                  3.977835                      NaN                      NaN       790739.130435       434661.736348           535000.0           975000.0  215.878261  220.600760     120.00     241.50       441      19         332500.0            440000.0      121.50         0.958696            95.869565