                             derived_race derived_sex      derived_ethnicity  total_apps  avg_loan_amount  std_loan_amount  Q1_loan_amount  Q3_loan_amount  avg_loan_to_value_ratio  std_loan_to_value_ratio  Q1_loan_to_value_ratio  Q3_loan_to_value_ratio  avg_debt_to_income_ratio  std_debt_to_income_ratio  Q1_debt_to_income_ratio  Q3_debt_to_income_ratio  avg_property_value  std_property_value  Q1_property_value  Q3_property_value  avg_income  std_income  Q1_income  Q3_income  accepted  denied  iqr_loan_amount  iqr_property_value  iqr_income  acceptance_rate  acceptance_rate_pct
                 2 or more minority races      Female     Hispanic or Latino           3    221666.666667    210792.156717        100000.0        285000.0                84.569000                21.719192                77.50500                 97.0735                 41.000000                       NaN                      NaN                      NaN       251666.666667       195021.366351           140000.0           320000.0   42.666667   37.607623      28.50      64.00         1       2         185000.0            180000.0       35.50         0.333333            33.333333
                 2 or more minority races      Female Not Hispanic or Latino           4    487500.000000    374110.055109        280000.0        627500.0                78.750000                17.017148                73.75000                 87.5000                 45.666667                  2.081666                      NaN                      NaN       580000.000000       418290.170416           362500.0           687500.0  122.000000   85.732141      65.25     156.75         4       0         347500.0            325000.0       91.50         1.000000           100.000000
                 2 or more minority races        Male Not Hispanic or Latino           6    543333.333333    226575.962244        362500.0        670000.0                83.041333                 9.768799                80.00000                 89.0355                 43.000000                  2.449490                    42.00                    45.00       690000.000000       310338.524840           420000.0           917500.0  170.666667   76.870454     122.00     226.75         6       0         307500.0            497500.0      104.75         1.000000           100.000000
         American Indian or Alaska Native      Female     Hispanic or Latino           7    415000.000000    187527.775720        280000.0        490000.0                65.729429                28.078359                44.57600                 93.5000                 43.600000                  2.509980                      NaN                      NaN       647857.142857       156919.755046           555000.0           780000.0  130.428571   37.223904     111.50     143.50         6       1         210000.0            225000.0       32.00         0.857143            85.714286
         American Indian or Alaska Native      Female Not Hispanic or Latino           2    665000.000000    410121.933088        520000.0        810000.0                75.000000                 7.071068                72.50000                 77.5000                 41.500000                  7.778175                    38.75                    44.25       865000.000000       466690.475583           700000.0          1030000.0  181.000000  127.279221     136.00     226.00         2       0         290000.0            330000.0       90.00         1.000000           100.000000
         American Indian or Alaska Native        Male     Hispanic or Latino          14    383571.428571    168562.115593        237500.0        535000.0                78.583357                19.352673                65.95000                 95.0000                 45.600000                  3.949684                      NaN                      NaN       477142.857143       145822.788734           380000.0           555000.0  121.071429   47.870762      81.75     155.50        10       4         297500.0            175000.0       73.75         0.714286            71.428571
         American Indian or Alaska Native        Male Not Hispanic or Latino           6    418333.333333    257811.300502        272500.0        635000.0                81.158333                 5.959042                79.79750                 83.7500                 43.750000                  5.377422                      NaN                      NaN       516666.666667       309671.869350           367500.0           782500.0  128.333333   66.225876      74.50     169.50         4       2         362500.0            415000.0       95.00         0.666667            66.666667
                                    Asian      Female     Hispanic or Latino          11    500454.545455     79292.324517        435000.0        550000.0                73.632273                17.614963                68.81850                 82.4780                 43.363636                  3.775519                    42.00                    45.50       713181.818182       189832.462019           565000.0           790000.0  138.545455   34.691104     117.50     170.00        11       0         115000.0            225000.0       52.50         1.000000           100.000000
                                    Asian      Female Not Hispanic or Latino         211    565142.180095    232658.504441        405000.0        705000.0                72.166915                19.281744                65.00000                 81.7525                 43.936306                  4.300688                      NaN                      NaN       836943.127962       389695.261390           565000.0          1005000.0  219.459716  601.345723     110.50     226.00       198      13         300000.0            440000.0      115.50         0.938389            93.838863
                                    Asian        Male     Hispanic or Latino           8    582500.000000    331565.550511        382500.0        805000.0                71.833250                22.322296                62.86800                 83.7500                 43.142857                  3.848314                      NaN                      NaN       853750.000000       461780.328109           490000.0          1167500.0  187.125000  143.416912     111.00     193.75         7       1         422500.0            677500.0       82.75         0.875000            87.500000
                                    Asian        Male Not Hispanic or Latino         411    606970.802920    236870.365131        455000.0        760000.0                74.099808                18.119587                65.80500                 85.0000                 43.424908                  3.883748                      NaN                      NaN       863686.131387       373407.155375           615000.0          1055000.0  195.355231   99.033502     132.00     234.50       373      38         305000.0            440000.0      102.50         0.907543            90.754258
                Black or African American      Female     Hispanic or Latino           5    497000.000000    135535.973085        505000.0        555000.0                95.800000                 3.701351                95.00000                 97.0000                 46.200000                  3.114482                    44.00                    49.00       551000.000000       166823.259769           525000.0           655000.0  141.000000   39.159928     145.00     163.00         4       1          50000.0            130000.0       18.00         0.800000            80.000000
                Black or African American      Female Not Hispanic or Latino          54    504629.629630    264467.874162        330000.0        662500.0                83.470833                17.465329                80.00000                 95.0000                 44.340909                  3.964630                      NaN                      NaN       653703.703704       315319.821447           427500.0           810000.0  178.574074  237.588879      99.25     198.00        48       6         332500.0            382500.0       98.75         0.888889            88.888889
                Black or African American        Male     Hispanic or Latino           4    487500.000000     91058.589198        435000.0        517500.0                83.000000                 9.626353                78.75000                 84.2500                 39.000000                       NaN                      NaN                      NaN       595000.000000       143061.758226           550000.0           645000.0  158.500000   32.634338     134.50     183.00         4       0          82500.0             95000.0       48.50         1.000000           100.000000
                Black or African American        Male Not Hispanic or Latino          28    525357.142857    208548.460357        392500.0        717500.0                82.504536                19.818836                80.00000                 96.2460                 44.500000                  3.898718                      NaN                      NaN       644642.857143       226886.856170           472500.0           775000.0  166.214286   89.595534      95.75     230.00        22       6         325000.0            302500.0      134.25         0.785714            78.571429
Native Hawaiian or Other Pacific Islander      Female     Hispanic or Latino           2    395000.000000     56568.542495        375000.0        415000.0                85.019000                15.388058                79.57850                 90.4595                 48.000000                       NaN                      NaN                      NaN       475000.000000       155563.491861           420000.0           530000.0  104.500000   21.920310      96.75     112.25         1       1          40000.0            110000.0       15.50         0.500000            50.000000
Native Hawaiian or Other Pacific Islander      Female Not Hispanic or Latino           2    275000.000000    141421.356237        225000.0        325000.0                86.910000                23.914351                78.45500                 95.3650                 47.000000                       NaN                      NaN                      NaN       350000.000000       134350.288425           302500.0           397500.0  105.000000    5.656854     103.00     107.00         2       0         100000.0             95000.0        4.00         1.000000           100.000000
Native Hawaiian or Other Pacific Islander        Male Not Hispanic or Latino           3    601666.666667    119303.534454        535000.0        650000.0                81.618000                 7.276500                77.42700                 83.9655                 42.500000                  6.363961                      NaN                      NaN       731666.666667        80208.062770           690000.0           770000.0  254.333333  167.726961     157.50     303.50         2       1         115000.0             80000.0      146.00         0.666667            66.666667
                                    White      Female     Hispanic or Latino         144    418194.444444    187283.311723        302500.0        525000.0                79.922802                17.378902                72.08975                 95.0000                 44.775701                  4.151173                      NaN                      NaN       545902.777778       262014.554644           375000.0           655000.0  152.409722  143.758316      77.75     173.50       126      18         222500.0            280000.0       95.75         0.875000            87.500000
                                    White      Female Not Hispanic or Latino         340    464352.941176    239509.439940        292500.0        605000.0                70.532553                20.483816                58.28225                 85.0000                 43.431624                  4.057212                      NaN                      NaN       692647.058824       371368.026825           465000.0           857500.0  165.582353  132.196273      97.00     197.25       319      21         312500.0            392500.0      100.25         0.938235            93.823529
                                    White        Male     Hispanic or Latino         306    475620.915033    206738.783676        325000.0        605000.0                82.789091                15.441178                76.13750                 95.0000                 44.087558                  4.123856                      NaN                      NaN       598104.575163       287806.575835           405000.0           735000.0  164.934641  162.222481      90.00     185.50       280      26         280000.0            330000.0       95.50         0.915033            91.503268
                                    White        Male Not Hispanic or Latino         429    570361.305361    245303.878863        405000.0        725000.0                74.925406                17.515393                67.74000                 88.0000                 43.473684                  3.931640                      NaN                      NaN       807400.932401       405808.374739           525000.0           995000.0  218.624709  274.846850     120.00     252.00       409      20         320000.0            470000.0      132.00         0.953380            95.337995