                             derived_race derived_sex      derived_ethnicity  total_apps  avg_loan_amount  std_loan_amount  Q1_loan_amount  Q3_loan_amount  avg_loan_to_value_ratio  std_loan_to_value_ratio  Q1_loan_to_value_ratio  Q3_loan_to_value_ratio  avg_debt_to_income_ratio  std_debt_to_income_ratio  Q1_debt_to_income_ratio  Q3_debt_to_income_ratio  avg_property_value  std_property_value  Q1_property_value  Q3_property_value  avg_income  std_income  Q1_income  Q3_income  accepted  denied  iqr_loan_amount  iqr_property_value  iqr_income  acceptance_rate  acceptance_rate_pct
                 2 or more minority races      Female     Hispanic or Latino           1    455000.000000              NaN        455000.0        455000.0                80.000000                      NaN                80.00000                80.00000                 47.000000                       NaN                    47.00                    47.00        5.750000e+05                 NaN           575000.0           575000.0  102.000000         NaN     102.00     102.00         1       0              0.0                 0.0        0.00         1.000000           100.000000
                 2 or more minority races      Female Not Hispanic or Latino           4    457500.000000    417721.996867        217500.0        555000.0                64.230000                30.141064                41.30450                83.51650                 49.000000                       NaN                      NaN                      NaN        6.775000e+05       464569.693372           400000.0           757500.0  141.000000  110.761004      75.50     186.50         4       0         337500.0            357500.0      111.00         1.000000           100.000000
                 2 or more minority races        Male     Hispanic or Latino           1    675000.000000              NaN        675000.0        675000.0                97.000000                      NaN                97.00000                97.00000                 46.000000                       NaN                    46.00                    46.00        9.750000e+05                 NaN           975000.0           975000.0  203.000000         NaN     203.00     203.00         1       0              0.0                 0.0        0.00         1.000000           100.000000
                 2 or more minority races        Male Not Hispanic or Latino           2    885000.000000    226274.169980        805000.0        965000.0                92.500000                 3.535534                91.25000                93.75000                 44.000000                  5.656854                    42.00                    46.00        9.550000e+05       212132.034356           880000.0          1030000.0  205.000000   49.497475     187.50     222.50         2       0         160000.0            150000.0       35.00         1.000000           100.000000
         American Indian or Alaska Native      Female     Hispanic or Latino           6    581666.666667    302698.970376        402500.0        615000.0                89.955000                 5.425598                85.23000                94.50000                 47.250000                  1.500000                      NaN                      NaN        6.466667e+05       310574.736041           470000.0           695000.0  149.833333   95.777694      81.00     167.25         5       1         212500.0            225000.0       86.25         0.833333            83.333333
         American Indian or Alaska Native      Female Not Hispanic or Latino           4    445000.000000    152534.149182        395000.0        510000.0                82.217500                15.247571                75.47000                91.74250                 39.250000                  5.188127                    36.75                    39.50        5.325000e+05       123119.183450           462500.0           595000.0  128.250000   40.713429     115.75     154.00         4       0         115000.0            132500.0       38.25         1.000000           100.000000
         American Indian or Alaska Native        Male     Hispanic or Latino          17    483235.294118    206010.779273        315000.0        585000.0                84.739294                 8.953360                80.00000                90.00000                 44.888889                  4.539946                      NaN                      NaN        5.855882e+05       289125.201864           455000.0           705000.0  198.117647  148.389219     105.00     223.00        15       2         270000.0            250000.0      118.00         0.882353            88.235294
         American Indian or Alaska Native        Male Not Hispanic or Latino           3    375000.000000    372424.488991        160000.0        485000.0                51.182333                18.028817                44.03550                61.30950                 45.000000                  2.828427                      NaN                      NaN        7.150000e+05       608522.801545           370000.0           945000.0  109.666667   91.308999      57.00     138.00         3       0         325000.0            575000.0       81.00         1.000000           100.000000
                                    Asian      Female     Hispanic or Latino           4    385000.000000    114891.252931        315000.0        405000.0                93.502750                 5.393122                91.95275                96.00000                 44.250000                  4.991660                    40.50                    48.25        4.425000e+05        98107.084352           387500.0           465000.0   99.250000   27.500000      88.00     104.25         4       0          90000.0             77500.0       16.25         1.000000           100.000000
                                    Asian      Female Not Hispanic or Latino         224    593973.214286    218088.555668        445000.0        715000.0                73.156326                16.511228                64.60150                80.00000                 43.970060                  3.956732                      NaN                      NaN        8.595089e+05       330335.785015           622500.0          1027500.0  183.214286   99.632007     124.50     222.00       211      13         270000.0            405000.0       97.50         0.941964            94.196429
                                    Asian        Male     Hispanic or Latino          10    530000.000000    241027.891424        437500.0        565000.0                76.187200                13.111664                70.58850                80.00000                 45.875000                  3.482097                      NaN                      NaN        7.350000e+05       393531.023766           595000.0           690000.0  176.100000  125.784163     110.25     188.50        10       0         127500.0             95000.0       78.25         1.000000           100.000000
                                    Asian        Male Not Hispanic or Latino         384    607708.333333    245086.350922        425000.0        765000.0                73.653587                17.368082                66.52425                85.00000                 44.272401                  3.867080                      NaN                      NaN        8.651562e+05       375380.714053           585000.0          1067500.0  206.406250  275.779184     120.75     227.50       365      19         340000.0            482500.0      106.75         0.950521            95.052083
                Black or African American      Female     Hispanic or Latino           1    415000.000000              NaN        415000.0        415000.0                97.000000                      NaN                97.00000                97.00000                 39.000000                       NaN                    39.00                    39.00        4.250000e+05                 NaN           425000.0           425000.0  125.000000         NaN     125.00     125.00         1       0              0.0                 0.0        0.00         1.000000           100.000000
                Black or African American      Female Not Hispanic or Latino          48    469375.000000    220597.894031        292500.0        607500.0                78.648229                19.546036                68.46450                95.00000                 43.906250                  3.586348                      NaN                      NaN        6.237500e+05       278877.880694           457500.0           785000.0  152.750000   75.805322     106.00     168.25        38      10         315000.0            327500.0       62.25         0.791667            79.166667
                Black or African American        Male     Hispanic or Latino           4    850000.000000    208885.933785        720000.0        920000.0                75.703500                13.044905                70.83325                82.37025                 44.000000                  5.196152                      NaN                      NaN        1.140000e+06       273922.130054           950000.0          1325000.0  867.500000 1180.982218     169.75    1045.25         4       0         200000.0            375000.0      875.50         1.000000           100.000000
                Black or African American        Male Not Hispanic or Latino          46    545652.173913    186313.978409        407500.0        687500.0                84.150652                15.422273                80.00000                95.00000                 44.939394                  3.191193                      NaN                      NaN        6.650000e+05       217552.037198           505000.0           782500.0  169.434783   79.244671     112.25     202.75        39       7         280000.0            277500.0       90.50         0.847826            84.782609
Native Hawaiian or Other Pacific Islander      Female Not Hispanic or Latino           3    401666.666667    126622.799421        345000.0        470000.0                74.103333                31.961884                63.65500                92.50000                 49.000000                       NaN                      NaN                      NaN        5.816667e+05       128970.280814           510000.0           635000.0  127.666667   26.857649     118.00     143.00         3       0         125000.0            125000.0       25.00         1.000000           100.000000
Native Hawaiian or Other Pacific Islander        Male     Hispanic or Latino           1    465000.000000              NaN        465000.0        465000.0                94.999000                      NaN                94.99900                94.99900                 45.000000                       NaN                    45.00                    45.00        4.850000e+05                 NaN           485000.0           485000.0   97.000000         NaN      97.00      97.00         1       0              0.0                 0.0        0.00         1.000000           100.000000
Native Hawaiian or Other Pacific Islander        Male Not Hispanic or Latino           3    381666.666667    203059.925474        265000.0        450000.0                84.443333                 5.092115                81.66500                86.66500                 44.000000                       NaN                      NaN                      NaN        4.583333e+05       267270.150472           305000.0           550000.0  183.666667  114.526562     140.00     248.50         2       1         185000.0            245000.0      108.50         0.666667            66.666667
                                    White      Female     Hispanic or Latino         151    412880.794702    185514.093882        290000.0        485000.0                80.780722                18.237783                75.00000                95.00000                 44.322034                  4.092690                      NaN                      NaN        5.340066e+05       231697.374368           385000.0           620000.0  130.046358   92.576695      75.00     156.50       134      17         195000.0            235000.0       81.50         0.887417            88.741722
                                    White      Female Not Hispanic or Latino         354    473728.813559    241367.257263        305000.0        615000.0                70.389963                20.017576                57.01325                80.00000                 43.864542                  3.791250                      NaN                      NaN        7.051695e+05       357994.056602           465000.0           855000.0  165.466102  125.014244     102.25     200.00       331      23         310000.0            390000.0       97.75         0.935028            93.502825
                                    White        Male     Hispanic or Latino         266    468909.774436    193105.053378        345000.0        595000.0                84.383135                14.563833                80.00000                95.00000                 44.392344                  3.847969                      NaN                      NaN        5.758647e+05       255235.748426           415000.0           735000.0  151.909774  116.727482      86.00     178.25       241      25         250000.0            320000.0       92.25         0.906015            90.601504
                                    White        Male Not Hispanic or Latino         463    563725.701944    270729.926303        350000.0        755000.0                74.335039                19.385048                64.85300                89.99500                 43.694444                  3.922133                      NaN                      NaN        8.050864e+05       416338.389844           505000.0          1065000.0  212.550756  169.407297     114.50     251.50       434      29         405000.0            560000.0      137.00         0.937365            93.736501