                             derived_race derived_sex      derived_ethnicity  total_apps  avg_loan_amount  std_loan_amount  Q1_loan_amount  Q3_loan_amount  avg_loan_to_value_ratio  std_loan_to_value_ratio  Q1_loan_to_value_ratio  Q3_loan_to_value_ratio  avg_debt_to_income_ratio  std_debt_to_income_ratio  Q1_debt_to_income_ratio  Q3_debt_to_income_ratio  avg_property_value  std_property_value  Q1_property_value  Q3_property_value  avg_income  std_income  Q1_income  Q3_income  accepted  denied  iqr_loan_amount  iqr_property_value  iqr_income  acceptance_rate  acceptance_rate_pct
                 2 or more minority races      Female     Hispanic or Latino           3    461666.666667    110151.410946        425000.0        525000.0                96.333333                 1.154701                96.00000                97.00000                 43.333333                  4.163332                     41.0                     45.0       481666.666667       119303.534454           440000.0           550000.0  117.000000   25.865034     105.50     131.00         3       0         100000.0            110000.0       25.50         1.000000           100.000000
                 2 or more minority races      Female Not Hispanic or Latino           3    541666.666667    247857.485934        400000.0        630000.0                87.166667                 6.251666                85.00000                90.75000                 45.000000                  3.605551                     43.0                     46.5       621666.666667       263122.278292           470000.0           705000.0  142.000000   73.259812     101.00     171.50         3       0         230000.0            235000.0       70.50         1.000000           100.000000
                 2 or more minority races        Male     Hispanic or Latino           3    518333.333333    127410.099024        445000.0        560000.0                85.667000                10.066512                81.00050                91.00050                 40.000000                  5.656854                      NaN                      NaN       598333.333333       100166.528009           550000.0           650000.0  182.000000   66.775744     143.50     203.00         1       2         115000.0            100000.0       59.50         0.333333            33.333333
                 2 or more minority races        Male Not Hispanic or Latino           5    609000.000000    294159.820506        395000.0        765000.0                82.826000                17.933387                80.00000                95.00000                 45.000000                  4.082483                      NaN                      NaN       725000.000000       257390.753525           525000.0           865000.0  178.000000   76.210236     129.00     240.00         5       0         370000.0            340000.0      111.00         1.000000           100.000000
         American Indian or Alaska Native      Female     Hispanic or Latino           9    370555.555556    161253.768259        285000.0        445000.0                82.311000                21.325105                78.15100                95.00000                 45.428571                  2.439750                      NaN                      NaN       500555.555556       214249.335536           405000.0           595000.0  109.444444   39.471861      79.00     155.00         9       0         160000.0            190000.0       76.00         1.000000           100.000000
         American Indian or Alaska Native      Female Not Hispanic or Latino           1    325000.000000              NaN        325000.0        325000.0                95.000000                      NaN                95.00000                95.00000                 47.000000                       NaN                     47.0                     47.0       345000.000000                 NaN           345000.0           345000.0  116.000000         NaN     116.00     116.00         1       0              0.0                 0.0        0.00         1.000000           100.000000
         American Indian or Alaska Native        Male     Hispanic or Latino          16    393125.000000    254092.338859        247500.0        525000.0                83.481063                16.237982                79.17750                95.00000                 43.555556                  4.530759                      NaN                      NaN       486250.000000       310094.071748           307500.0           632500.0  122.750000   71.066635      73.75     174.75        11       5         277500.0            325000.0      101.00         0.687500            68.750000
         American Indian or Alaska Native        Male Not Hispanic or Latino           5    387000.000000    307766.144987        285000.0        365000.0                87.502800                 7.194503                80.00000                92.78400                 45.750000                  2.986079                      NaN                      NaN       441000.000000       329893.922345           305000.0           465000.0  131.000000   99.722114      74.00     129.00         3       2          80000.0            160000.0       55.00         0.600000            60.000000
                                    Asian      Female     Hispanic or Latino           7    419285.714286    104060.422008        360000.0        490000.0                87.362143                 5.531439                83.73000                89.99500                 47.333333                  2.581989                      NaN                      NaN       489285.714286       106904.496765           445000.0           555000.0  112.285714   52.018312      78.00     123.00         7       0         130000.0            110000.0       45.00         1.000000           100.000000
                                    Asian      Female Not Hispanic or Latino         217    567626.728111    214117.512355        405000.0        705000.0                72.563364                17.390591                62.00000                80.00000                 44.025641                  4.128498                      NaN                      NaN       827488.479263       326401.935114           585000.0           985000.0  171.018433   97.355542     111.00     202.00       203      14         300000.0            400000.0       91.00         0.935484            93.548387
                                    Asian        Male     Hispanic or Latino          13    473461.538462    176108.212654        375000.0        585000.0                75.675538                21.969281                71.40300                89.98600                 44.300000                  4.620005                      NaN                      NaN       652692.307692       178612.888960           545000.0           735000.0  316.230769  628.157909      96.00     187.00        13       0         210000.0            190000.0       91.00         1.000000           100.000000
                                    Asian        Male Not Hispanic or Latino         378    642804.232804    233545.373920        485000.0        765000.0                73.865724                16.620485                65.00000                84.19900                 43.969925                  3.910199                      NaN                      NaN       922195.767196       397872.417048           667500.0          1155000.0  212.693122  211.414350     134.25     236.75       350      28         280000.0            487500.0      102.50         0.925926            92.592593
                Black or African American      Female     Hispanic or Latino           2    435000.000000         0.000000        435000.0        435000.0                80.833500                12.963389                76.25025                85.41675                 44.000000                  4.242641                     42.5                     45.5       545000.000000        84852.813742           515000.0           575000.0  100.500000    0.707107     100.25     100.75         2       0              0.0             60000.0        0.50         1.000000           100.000000
                Black or African American      Female Not Hispanic or Latino          36    487222.222222    230528.722860        322500.0        667500.0                83.213694                18.835951                80.00000                95.00000                 45.206897                  3.299127                      NaN                      NaN       634166.666667       266976.456961           525000.0           745000.0  141.555556   69.733962      79.50     198.75        35       1         345000.0            220000.0      119.25         0.972222            97.222222
                Black or African American        Male     Hispanic or Latino           2    415000.000000     84852.813742        385000.0        445000.0                67.435000                17.769593                61.15250                73.71750                 44.000000                       NaN                      NaN                      NaN       625000.000000        42426.406871           610000.0           640000.0  180.000000   94.752309     146.50     213.50         2       0          60000.0             30000.0       67.00         1.000000           100.000000
                Black or African American        Male Not Hispanic or Latino          28    562500.000000    268833.212785        380000.0        697500.0                87.609857                16.587127                80.00000                97.00000                 45.294118                  3.933267                      NaN                      NaN       683571.428571       343173.795573           472500.0           817500.0  176.142857  103.794567     104.00     200.75        25       3         317500.0            345000.0       96.75         0.892857            89.285714
Native Hawaiian or Other Pacific Islander      Female     Hispanic or Latino           2    395000.000000     56568.542495        375000.0        415000.0                85.019000                15.388058                79.57850                90.45950                 48.000000                       NaN                      NaN                      NaN       475000.000000       155563.491861           420000.0           530000.0  104.500000   21.920310      96.75     112.25         1       1          40000.0            110000.0       15.50         0.500000            50.000000
Native Hawaiian or Other Pacific Islander      Female Not Hispanic or Latino           2    385000.000000     56568.542495        365000.0        405000.0               100.000000                 0.000000               100.00000               100.00000                 47.000000                  2.828427                     46.0                     48.0       440000.000000       120208.152802           397500.0           482500.0   80.000000    5.656854      78.00      82.00         2       0          40000.0             85000.0        4.00         1.000000           100.000000
Native Hawaiian or Other Pacific Islander        Male     Hispanic or Latino           1    475000.000000              NaN        475000.0        475000.0                57.000000                      NaN                57.00000                57.00000                       NaN                       NaN                      NaN                      NaN       825000.000000                 NaN           825000.0           825000.0  598.000000         NaN     598.00     598.00         1       0              0.0                 0.0        0.00         1.000000           100.000000
Native Hawaiian or Other Pacific Islander        Male Not Hispanic or Latino           4    477500.000000    146827.563262        405000.0        577500.0                82.005500                10.179320                77.50000                86.17050                 43.000000                  1.414214                      NaN                      NaN       597500.000000       239774.199335           440000.0           747500.0  151.250000  114.331025      75.00     197.25         2       2         172500.0            307500.0      122.25         0.500000            50.000000
                                    White      Female     Hispanic or Latino         166    423975.903614    195691.871335        285000.0        552500.0                79.796651                17.891212                75.00000                94.75000                 44.373134                  3.999383                      NaN                      NaN       571867.469880       283685.390021           375000.0           705000.0  130.560241   89.355297      76.50     156.75       148      18         267500.0            330000.0       80.25         0.891566            89.156627
                                    White      Female Not Hispanic or Latino         352    492414.772727    247099.109516        315000.0        635000.0                72.171560                20.239519                59.80750                89.84450                 43.882353                  4.170798                      NaN                      NaN       725312.500000       373337.399341           465000.0           905000.0  177.053977  191.198916      98.75     216.25       335      17         320000.0            440000.0      117.50         0.951705            95.170455
                                    White        Male     Hispanic or Latino         287    492247.386760    206251.301632        355000.0        640000.0                84.148045                14.776325                80.00000                95.00000                 44.476636                  3.884109                      NaN                      NaN       611376.306620       290648.126474           415000.0           735000.0  179.202091  239.760080      98.00     202.50       267      20         285000.0            320000.0      104.50         0.930314            93.031359
                                    White        Male Not Hispanic or Latino         458    557423.580786    253109.371821        365000.0        725000.0                74.179908                18.685372                66.58075                89.27375                 43.180982                  3.947471                      NaN                      NaN       813515.283843       500265.553973           517500.0          1005000.0  237.375546  508.470921     117.00     233.75       434      24         360000.0            487500.0      116.75         0.947598            94.759825