                             derived_race derived_sex      derived_ethnicity  total_apps  avg_loan_amount  std_loan_amount  Q1_loan_amount  Q3_loan_amount  avg_loan_to_value_ratio  std_loan_to_value_ratio  Q1_loan_to_value_ratio  Q3_loan_to_value_ratio  avg_debt_to_income_ratio  std_debt_to_income_ratio  Q1_debt_to_income_ratio  Q3_debt_to_income_ratio  avg_property_value  std_property_value  Q1_property_value  Q3_property_value  avg_income  std_income  Q1_income  Q3_income  accepted  denied  iqr_loan_amount  iqr_property_value  iqr_income  acceptance_rate  acceptance_rate_pct
                 2 or more minority races      Female     Hispanic or Latino           1    985000.000000              NaN        985000.0        985000.0                80.000000                      NaN                80.00000                80.00000                 41.000000                       NaN                    41.00                    41.00        1.225000e+06                 NaN          1225000.0          1225000.0  249.000000         NaN     249.00     249.00         1       0              0.0                 0.0        0.00         1.000000           100.000000
                 2 or more minority races      Female Not Hispanic or Latino           6    421666.666667    186189.867250        320000.0        577500.0                69.953000                26.126583                48.98500                91.25000                 48.500000                  0.577350                      NaN                      NaN        6.583333e+05       405742.118428           385000.0           720000.0  109.666667   64.220454      70.25     167.25         5       1         257500.0            335000.0       97.00         0.833333            83.333333
                 2 or more minority races        Male Not Hispanic or Latino           2    445000.000000     42426.406871        430000.0        460000.0                60.707000                27.284422                51.06050                70.35350                 42.000000                       NaN                      NaN                      NaN        7.950000e+05       282842.712475           695000.0           895000.0  290.000000   14.142136     285.00     295.00         2       0          30000.0            200000.0       10.00         1.000000           100.000000
         American Indian or Alaska Native      Female     Hispanic or Latino           6    431666.666667     90921.211313        390000.0        500000.0                85.213667                15.796576                80.77250                95.75000                 45.000000                  6.000000                      NaN                      NaN        5.300000e+05       152413.910126           430000.0           627500.0  134.166667   43.162098     113.50     162.75         6       0         110000.0            197500.0       49.25         1.000000           100.000000
         American Indian or Alaska Native      Female Not Hispanic or Latino           7    519285.714286    146726.178402        395000.0        590000.0                70.005714                18.676554                66.47000                79.00000                 40.400000                  3.577709                      NaN                      NaN        7.864286e+05       272055.666573           620000.0           925000.0  163.428571   74.783815     125.50     171.00         6       1         195000.0            305000.0       45.50         0.857143            85.714286
         American Indian or Alaska Native        Male     Hispanic or Latino           9    437222.222222     96277.954094        415000.0        495000.0                89.504000                 8.326086                80.00000                97.00000                 43.714286                  4.029652                      NaN                      NaN        4.938889e+05       127910.559029           425000.0           545000.0  127.111111   37.876261     106.00     165.00         9       0          80000.0            120000.0       59.00         1.000000           100.000000
         American Indian or Alaska Native        Male Not Hispanic or Latino           2    525000.000000    339411.254970        405000.0        645000.0                87.424500                10.713375                83.63675                91.21225                 45.500000                  4.949747                    43.75                    47.25        6.350000e+05       466690.475583           470000.0           800000.0  142.500000   19.091883     135.75     149.25         2       0         240000.0            330000.0       13.50         1.000000           100.000000
                                    Asian      Female     Hispanic or Latino           7    403571.428571    108846.768660        355000.0        480000.0                68.499857                22.238236                54.13100                82.50000                 46.714286                  2.058663                    45.50                    48.00        6.235714e+05       198362.342816           510000.0           710000.0   99.000000   28.296054      75.50     119.50         7       0         125000.0            200000.0       44.00         1.000000           100.000000
                                    Asian      Female Not Hispanic or Latino         218    564128.440367    220904.450054        405000.0        695000.0                73.987940                18.309748                64.52325                89.79750                 43.445860                  4.018220                      NaN                      NaN        8.074771e+05       341249.144664           585000.0           940000.0  201.339450  177.065882     125.25     212.75       210       8         290000.0            355000.0       87.50         0.963303            96.330275
                                    Asian        Male     Hispanic or Latino          11    572272.727273    250123.605807        430000.0        680000.0                81.525000                11.826193                79.09650                90.60700                 44.500000                  4.836206                      NaN                      NaN        7.859091e+05       351523.954958           605000.0           900000.0  176.818182  117.704561     133.50     170.00         9       2         250000.0            295000.0       36.50         0.818182            81.818182
                                    Asian        Male Not Hispanic or Latino         355    616605.633803    228508.952147        450000.0        765000.0                73.317813                16.863150                65.00000                80.00000                 43.914634                  3.950307                      NaN                      NaN        8.982676e+05       437868.519780           645000.0          1075000.0  276.825352 1011.689021     133.00     241.00       329      26         315000.0            430000.0      108.00         0.926761            92.676056
                Black or African American      Female     Hispanic or Latino           2    465000.000000     42426.406871        450000.0        480000.0                78.128000                 9.137234                74.89750                81.35850                 47.000000                       NaN                      NaN                      NaN        5.950000e+05        14142.135624           590000.0           600000.0  132.000000   43.840620     116.50     147.50         2       0          30000.0             10000.0       31.00         1.000000           100.000000
                Black or African American      Female Not Hispanic or Latino          51    435588.235294    203208.383338        300000.0        530000.0                86.049569                15.848057                80.00000                95.00000                 44.000000                  4.296178                      NaN                      NaN        5.459804e+05       222757.759927           430000.0           645000.0  154.764706   82.799901     104.00     182.00        47       4         230000.0            215000.0       78.00         0.921569            92.156863
                Black or African American        Male     Hispanic or Latino           2    365000.000000    113137.084990        325000.0        405000.0                66.445000                43.211295                51.16750                81.72250                 44.000000                  5.656854                    42.00                    46.00        6.250000e+05       226274.169980           545000.0           705000.0  100.000000   21.213203      92.50     107.50         2       0          80000.0            160000.0       15.00         1.000000           100.000000
                Black or African American        Male Not Hispanic or Latino          50    513400.000000    207662.992291        365000.0        665000.0                85.425260                14.260528                80.00000                95.00000                 43.793103                  4.279347                      NaN                      NaN        6.582000e+05       352746.888501           455000.0           795000.0  178.360000  109.064437     101.75     211.75        41       9         300000.0            340000.0      110.00         0.820000            82.000000
Native Hawaiian or Other Pacific Islander      Female Not Hispanic or Latino           1    595000.000000              NaN        595000.0        595000.0                80.000000                      NaN                80.00000                80.00000                 38.000000                       NaN                    38.00                    38.00        7.350000e+05                 NaN           735000.0           735000.0  164.000000         NaN     164.00     164.00         1       0              0.0                 0.0        0.00         1.000000           100.000000
Native Hawaiian or Other Pacific Islander        Male Not Hispanic or Latino           1    295000.000000              NaN        295000.0        295000.0                94.839000                      NaN                94.83900                94.83900                 47.000000                       NaN                    47.00                    47.00        3.150000e+05                 NaN           315000.0           315000.0  117.000000         NaN     117.00     117.00         1       0              0.0                 0.0        0.00         1.000000           100.000000
                                    White      Female     Hispanic or Latino         158    455126.582278    206884.648440        307500.0        565000.0                82.161142                16.617107                79.22750                95.00000                 44.083969                  4.143648                      NaN                      NaN        5.768987e+05       270036.921040           415000.0           695000.0  126.405063   65.655542      76.00     155.25       140      18         257500.0            280000.0       79.25         0.886076            88.607595
                                    White      Female Not Hispanic or Latino         357    469509.803922    253089.001619        285000.0        605000.0                69.730938                22.184370                54.54000                85.00000                 43.795367                  4.003949                      NaN                      NaN        7.243838e+05       407585.602871           465000.0           915000.0  167.019608  119.999097      93.00     211.00       330      27         320000.0            450000.0      118.00         0.924370            92.436975
                                    White        Male     Hispanic or Latino         286    476118.881119    196032.954248        335000.0        605000.0                83.606480                15.756764                80.00000                95.00000                 44.082569                  4.015244                      NaN                      NaN        5.970280e+05       253614.044219           415000.0           725000.0  170.118881  154.195501      93.00     184.00       264      22         270000.0            310000.0       91.00         0.923077            92.307692
                                    White        Male Not Hispanic or Latino         468    542222.222222    247198.387108        362500.0        715000.0                74.107808                18.623426                65.00000                89.17000                 43.891975                  4.026698                      NaN                      NaN        7.747863e+05       411412.614882           515000.0           955000.0  200.113248  152.115088     110.00     235.25       429      39         352500.0            440000.0      125.25         0.916667            91.666667