                             derived_race derived_sex      derived_ethnicity  total_apps  avg_loan_amount  std_loan_amount  Q1_loan_amount  Q3_loan_amount  avg_loan_to_value_ratio  std_loan_to_value_ratio  Q1_loan_to_value_ratio  Q3_loan_to_value_ratio  avg_debt_to_income_ratio  std_debt_to_income_ratio  Q1_debt_to_income_ratio  Q3_debt_to_income_ratio  avg_property_value  std_property_value  Q1_property_value  Q3_property_value  avg_income  std_income  Q1_income  Q3_income  accepted  denied  iqr_loan_amount  iqr_property_value  iqr_income  acceptance_rate  acceptance_rate_pct
                 2 or more minority races      Female     Hispanic or Latino           1    165000.000000              NaN        165000.0        165000.0               101.280000                      NaN               101.28000               101.28000                       NaN                       NaN                      NaN                      NaN        1.650000e+05                 NaN           165000.0           165000.0   54.000000         NaN      54.00      54.00         0       1              0.0                 0.0        0.00         0.000000             0.000000
                 2 or more minority races      Female Not Hispanic or Latino           3    551666.666667    138684.293751        475000.0        610000.0                70.267333                22.531149                57.90100                79.94600                 47.000000                  1.414214                      NaN                      NaN        8.750000e+05        4.616276e+05           625000.0          1080000.0  184.000000   86.029065     138.50     224.00         3       0         135000.0            455000.0       85.50         1.000000           100.000000
                 2 or more minority races        Male     Hispanic or Latino           3    471666.666667    142243.921956        390000.0        520000.0                81.666667                 7.637626                77.50000                85.00000                 38.500000                  3.535534                      NaN                      NaN        5.750000e+05        1.212436e+05           505000.0           610000.0  143.666667   18.583146     136.00     154.00         3       0         130000.0            105000.0       18.00         1.000000           100.000000
                 2 or more minority races        Male Not Hispanic or Latino           4    587500.000000     89953.691790        542500.0        610000.0                68.252250                37.085764                63.26800                89.95775                 40.666667                  1.154701                      NaN                      NaN        1.527500e+06        1.537950e+06           680000.0          1672500.0  271.750000  106.731361     210.75     342.50         4       0          67500.0            992500.0      131.75         1.000000           100.000000
         American Indian or Alaska Native      Female     Hispanic or Latino           7    313571.428571    148596.609588        225000.0        400000.0                60.366143                33.092557                36.35650                91.50000                 43.166667                  4.578937                      NaN                      NaN        5.707143e+05        1.574650e+05           465000.0           685000.0  108.428571   58.673836      71.50     124.00         7       0         175000.0            220000.0       52.50         1.000000           100.000000
         American Indian or Alaska Native      Female Not Hispanic or Latino           5    405000.000000    140890.028036        325000.0        455000.0                77.904800                15.709530                80.00000                80.00000                 43.250000                  4.031129                      NaN                      NaN        5.370000e+05        1.901841e+05           445000.0           605000.0  140.800000   60.800493      90.00     185.00         5       0         130000.0            160000.0       95.00         1.000000           100.000000
         American Indian or Alaska Native        Male     Hispanic or Latino          10    515000.000000    141656.862406        457500.0        605000.0                86.668600                 7.194146                80.00000                93.75000                 43.375000                  3.461523                      NaN                      NaN        5.980000e+05        1.681302e+05           515000.0           710000.0  143.500000   45.051205     115.75     152.50         9       1         147500.0            195000.0       36.75         0.900000            90.000000
         American Indian or Alaska Native        Male Not Hispanic or Latino           2    290000.000000     63639.610307        267500.0        312500.0                98.470000                 4.907321                96.73500               100.20500                 49.000000                  0.000000                     49.0                     49.0        3.000000e+05        6.363961e+04           277500.0           322500.0   69.000000    9.899495      65.50      72.50         2       0          45000.0             45000.0        7.00         1.000000           100.000000
                                    Asian      Female     Hispanic or Latino           3    395000.000000    115325.625947        340000.0        455000.0                88.333333                 7.637626                85.00000                92.50000                 48.333333                  1.154701                     48.0                     49.0        4.383333e+05        1.001665e+05           390000.0           490000.0   88.666667   17.925773      83.00      99.00         3       0         115000.0            100000.0       16.00         1.000000           100.000000
                                    Asian      Female Not Hispanic or Latino         240    579208.333333    228548.719281        412500.0        725000.0                73.834408                17.251328                66.30450                85.00000                 43.415730                  3.926756                      NaN                      NaN        8.344167e+05        4.168266e+05           592500.0           975000.0  178.195833   90.659919     113.00     213.25       223      17         312500.0            382500.0      100.25         0.929167            92.916667
                                    Asian        Male     Hispanic or Latino           7    403571.428571    213028.055385        300000.0        480000.0                72.825286                18.607345                64.68700                85.85500                 46.000000                  2.943920                      NaN                      NaN        5.521429e+05        3.106828e+05           350000.0           645000.0  137.285714   41.975049     113.50     140.00         5       2         180000.0            295000.0       26.50         0.714286            71.428571
                                    Asian        Male Not Hispanic or Latino         349    635601.719198    246095.799722        435000.0        795000.0                71.456742                18.769352                62.25000                80.00000                 42.880342                  4.075810                      NaN                      NaN        9.574928e+05        4.387617e+05           655000.0          1205000.0  208.048711  118.242277     142.00     240.00       326      23         360000.0            550000.0       98.00         0.934097            93.409742
                Black or African American      Female     Hispanic or Latino           3    375000.000000    244335.834457        235000.0        460000.0                95.293333                 4.689033                93.49500                97.94500                 46.500000                  3.535534                      NaN                      NaN        4.016667e+05        2.821938e+05           240000.0           500000.0  146.666667  131.948222      70.50     186.00         1       2         225000.0            260000.0      115.50         0.333333            33.333333
                Black or African American      Female Not Hispanic or Latino          39    432692.307692    219094.566683        295000.0        580000.0                79.714641                21.049012                77.93000                95.00000                 45.740741                  3.346555                      NaN                      NaN        6.096154e+05        2.265397e+05           465000.0           740000.0  152.153846   80.677571      93.50     192.00        37       2         285000.0            275000.0       98.50         0.948718            94.871795
                Black or African American        Male     Hispanic or Latino           4    562500.000000    200727.842281        392500.0        720000.0                86.274000                14.066174                77.40900                96.36500                 45.000000                  4.618802                     41.0                     49.0        7.175000e+05        2.794489e+05           530000.0           827500.0  146.750000   68.060635      90.50     192.25         4       0         327500.0            297500.0      101.75         1.000000           100.000000
                Black or African American        Male Not Hispanic or Latino          43    491976.744186    227340.052446        325000.0        655000.0                81.655256                20.974886                79.75000                95.00000                 44.147059                  4.001003                      NaN                      NaN        6.361628e+05        2.793292e+05           455000.0           760000.0  154.395349   89.717052      82.50     180.50        37       6         330000.0            305000.0       98.00         0.860465            86.046512
Native Hawaiian or Other Pacific Islander      Female     Hispanic or Latino           1    365000.000000              NaN        365000.0        365000.0                31.030000                      NaN                31.03000                31.03000                 47.000000                       NaN                     47.0                     47.0        1.165000e+06                 NaN          1165000.0          1165000.0  344.000000         NaN     344.00     344.00         0       1              0.0                 0.0        0.00         0.000000             0.000000
Native Hawaiian or Other Pacific Islander      Female Not Hispanic or Latino           4    380000.000000    182300.118852        262500.0        427500.0                59.827500                22.201479                48.32750                67.50000                 39.000000                  4.242641                      NaN                      NaN        6.375000e+05        1.367175e+05           615000.0           717500.0  135.750000   68.426968      96.75     161.50         4       0         165000.0            102500.0       64.75         1.000000           100.000000
Native Hawaiian or Other Pacific Islander        Male Not Hispanic or Latino           2    805000.000000    395979.797464        665000.0        945000.0                86.709500                 9.488666                83.35475                90.06425                 42.000000                  7.071068                     39.5                     44.5        1.110000e+06        6.293250e+05           887500.0          1332500.0  285.000000  166.877200     226.00     344.00         2       0         280000.0            445000.0      118.00         1.000000           100.000000
                                    White      Female     Hispanic or Latino         170    435529.411765    199256.789999        297500.0        525000.0                80.176576                19.710294                75.00000                95.00000                 44.785714                  3.754682                      NaN                      NaN        5.624706e+05        2.375368e+05           415000.0           705000.0  130.747059   82.977866      88.00     150.00       155      15         227500.0            290000.0       62.00         0.911765            91.176471
                                    White      Female Not Hispanic or Latino         352    481051.136364    241591.418167        315000.0        605000.0                73.091418                19.334940                61.24375                85.00000                 43.578740                  4.106259                      NaN                      NaN        7.092045e+05        4.043460e+05           455000.0           875000.0  164.889205  146.237120      97.00     197.00       325      27         290000.0            420000.0      100.00         0.923295            92.329545
                                    White        Male     Hispanic or Latino         283    459593.639576    192121.676395        310000.0        575000.0                83.911979                12.773777                80.00000                95.00000                 44.460094                  3.961436                      NaN                      NaN        5.643993e+05        2.419014e+05           385000.0           700000.0  166.180212  232.544023      90.00     180.00       261      22         265000.0            315000.0       90.00         0.922261            92.226148
                                    White        Male Not Hispanic or Latino         465    553580.645161    254626.430327        365000.0        725000.0                74.351359                22.574463                65.51700                85.00000                 44.041935                  3.994517                      NaN                      NaN        7.980108e+05        4.230691e+05           535000.0           965000.0  195.711828  171.930440     110.00     235.00       435      30         360000.0            430000.0      125.00         0.935484            93.548387