                             derived_race derived_sex      derived_ethnicity  total_apps  avg_loan_amount  std_loan_amount  Q1_loan_amount  Q3_loan_amount  avg_loan_to_value_ratio  std_loan_to_value_ratio  Q1_loan_to_value_ratio  Q3_loan_to_value_ratio  avg_debt_to_income_ratio  std_debt_to_income_ratio  Q1_debt_to_income_ratio  Q3_debt_to_income_ratio  avg_property_value  std_property_value  Q1_property_value  Q3_property_value  avg_income  std_income  Q1_income  Q3_income  accepted  denied  iqr_loan_amount  iqr_property_value  iqr_income  acceptance_rate  acceptance_rate_pct
                 2 or more minority races      Female     Hispanic or Latino           2    510000.000000    106066.017178        472500.0        547500.0                80.677000                23.084208                72.51550                88.83850                 40.000000                  2.828427                    39.00                    41.00       635000.000000        42426.406871           620000.0           650000.0  169.000000   36.769553     156.00     182.00         2       0          75000.0             30000.0       26.00         1.000000           100.000000
                 2 or more minority races      Female Not Hispanic or Latino           3    445000.000000    329241.552663        255000.0        545000.0                74.053333                26.759083                66.08000                89.50000                 46.000000                  2.828427                      NaN                      NaN       611666.666667       289194.283023           455000.0           740000.0  134.000000   77.948701      89.00     157.00         3       0         290000.0            285000.0       68.00         1.000000           100.000000
                 2 or more minority races        Male     Hispanic or Latino           3    225000.000000    131148.770486        155000.0        285000.0                80.556667                14.173201                73.33500                87.50000                 38.000000                       NaN                      NaN                      NaN       288333.333333       175594.229214           205000.0           380000.0   83.000000   97.077289      27.00     113.00         2       1         130000.0            175000.0       86.00         0.666667            66.666667
                 2 or more minority races        Male Not Hispanic or Latino           5    567000.000000    233173.754955        445000.0        695000.0                86.660200                 8.320326                80.00000                95.00000                 44.666667                  2.309401                      NaN                      NaN       671000.000000       318637.725325           475000.0           735000.0  205.600000  114.364767     130.00     300.00         5       0         250000.0            260000.0      170.00         1.000000           100.000000
         American Indian or Alaska Native      Female     Hispanic or Latino           3    285000.000000    190525.588833        230000.0        395000.0                83.996000                11.525799                77.50000                88.49400                 47.000000                  0.000000                      NaN                      NaN       325000.000000       211660.104885           245000.0           445000.0   96.000000    6.000000      93.00      99.00         3       0         165000.0            200000.0        6.00         1.000000           100.000000
         American Indian or Alaska Native      Female Not Hispanic or Latino           6    441666.666667    208486.610281        310000.0        565000.0                81.228500                13.721590                74.23250                85.73525                 39.800000                  3.962323                      NaN                      NaN       583333.333333       297080.236075           380000.0           727500.0  143.666667   43.998485     107.25     183.75         6       0         255000.0            347500.0       76.50         1.000000           100.000000
         American Indian or Alaska Native        Male     Hispanic or Latino          12    405000.000000    183501.300466        282500.0        525000.0                77.544583                16.941904                68.85000                88.07225                 43.100000                  4.605552                      NaN                      NaN       524166.666667       219066.545860           402500.0           697500.0  119.916667   49.231288      93.75     149.25         9       3         242500.0            295000.0       55.50         0.750000            75.000000
         American Indian or Alaska Native        Male Not Hispanic or Latino           2    405000.000000     56568.542495        385000.0        425000.0                63.924500                22.734190                55.88675                71.96225                 48.000000                  1.414214                    47.50                    48.50       700000.000000       332340.187158           582500.0           817500.0   90.000000   12.727922      85.50      94.50         2       0          40000.0            235000.0        9.00         1.000000           100.000000
                                    Asian      Female     Hispanic or Latino           4    487500.000000    208865.985742        455000.0        582500.0                70.865000                21.585633                53.86500                86.00000                 43.666667                  4.509250                      NaN                      NaN       702500.000000       324486.774255           515000.0           877500.0  379.750000  503.236442     130.00     392.25         4       0         127500.0            362500.0      262.25         1.000000           100.000000
                                    Asian      Female Not Hispanic or Latino         242    572809.917355    227952.634450        435000.0        715000.0                71.763702                18.997649                63.21375                80.00000                 44.096591                  4.042176                      NaN                      NaN       862809.917355       476538.083086           615000.0          1002500.0  178.958678   92.996890     122.75     215.00       226      16         280000.0            387500.0       92.25         0.933884            93.388430
                                    Asian        Male     Hispanic or Latino          10    555000.000000    167796.172649        452500.0        705000.0                80.253500                11.351934                76.25000                89.91650                 44.714286                  4.309458                      NaN                      NaN       740000.000000       269660.280106           555000.0           907500.0  184.000000   66.399465     153.75     235.00        10       0         252500.0            352500.0       81.25         1.000000           100.000000
                                    Asian        Male Not Hispanic or Latino         371    645754.716981    248654.697508        445000.0        805000.0                75.126143                16.638388                66.83200                85.34000                 43.737452                  4.023259                      NaN                      NaN       896239.892183       381132.840747           635000.0          1090000.0  247.304582  711.803891     136.00     246.50       335      36         360000.0            455000.0      110.50         0.902965            90.296496
                Black or African American      Female     Hispanic or Latino           5    701000.000000    220975.111721        505000.0        905000.0                87.592200                 8.585760                83.01100                95.00000                 44.600000                  2.701851                    43.00                    45.00       821000.000000       311656.862591           535000.0          1035000.0  190.200000   67.503333     134.00     230.00         5       0         400000.0            500000.0       96.00         1.000000           100.000000
                Black or African American      Female Not Hispanic or Latino          50    548000.000000    214963.214698        415000.0        635000.0                87.313620                17.250375                85.00000                97.00000                 44.333333                  3.937004                      NaN                      NaN       660600.000000       247362.907816           507500.0           785000.0  152.520000   61.151281     109.50     187.00        44       6         220000.0            277500.0       77.50         0.880000            88.000000
                Black or African American        Male Not Hispanic or Latino          38    566842.105263    238189.741118        445000.0        710000.0                87.066026                17.287622                88.60100                95.00000                 44.448276                  3.708929                      NaN                      NaN       658947.368421       234964.511106           545000.0           772500.0  170.078947   82.666501     110.25     204.75        34       4         265000.0            227500.0       94.50         0.894737            89.473684
Native Hawaiian or Other Pacific Islander      Female Not Hispanic or Latino           2    345000.000000    240416.305603        260000.0        430000.0                80.000000                14.142136                75.00000                85.00000                 46.000000                  2.828427                    45.00                    47.00       480000.000000       134350.288425           432500.0           527500.0  117.000000   82.024387      88.00     146.00         2       0         170000.0             95000.0       58.00         1.000000           100.000000
Native Hawaiian or Other Pacific Islander        Male     Hispanic or Latino           2    855000.000000         0.000000        855000.0        855000.0                87.240000                10.974297                83.36000                91.12000                 36.000000                       NaN                      NaN                      NaN       990000.000000       120208.152802           947500.0          1032500.0  314.000000   74.953319     287.50     340.50         2       0              0.0             85000.0       53.00         1.000000           100.000000
Native Hawaiian or Other Pacific Islander        Male Not Hispanic or Latino           6    470000.000000    223584.435952        320000.0        637500.0                85.447500                16.689418                84.99750                95.83875                 44.500000                  3.507136                    41.75                    46.75       533333.333333       199941.658157           402500.0           660000.0  137.666667   76.211985      83.75     185.25         5       1         317500.0            257500.0      101.50         0.833333            83.333333
                                    White      Female     Hispanic or Latino         177    430197.740113    197524.711905        305000.0        525000.0                80.152859                18.992520                75.00000                95.00000                 45.259259                  3.675175                      NaN                      NaN       563700.564972       249658.871011           405000.0           655000.0  145.774011  126.298955      85.00     160.00       162      15         220000.0            250000.0       75.00         0.915254            91.525424
                                    White      Female Not Hispanic or Latino         338    465266.272189    253473.648163        275000.0        615000.0                68.504278                22.025578                55.36650                80.00000                 43.787234                  4.125883                      NaN                      NaN       719556.213018       380060.058630           475000.0           865000.0  180.621302  209.822205      93.25     207.00       311      27         340000.0            390000.0      113.75         0.920118            92.011834
                                    White        Male     Hispanic or Latino         281    477846.975089    203563.980991        325000.0        615000.0                82.151338                16.337186                77.00000                95.00000                 43.855140                  4.031862                      NaN                      NaN       605000.000000       270627.577520           415000.0           755000.0  158.822064  108.336630      98.00     181.00       258      23         290000.0            340000.0       83.00         0.918149            91.814947
                                    White        Male Not Hispanic or Latino         438    562739.726027    254929.713151        365000.0        725000.0                74.230893                18.657802                67.61175                88.44650                 43.475000                  4.206934                      NaN                      NaN       808059.360731       445006.107629           517500.0           995000.0  214.477169  285.167385     116.50     239.00       408      30         360000.0            477500.0      122.50         0.931507            93.150685