                             derived_race derived_sex      derived_ethnicity  total_apps  avg_loan_amount  std_loan_amount  Q1_loan_amount  Q3_loan_amount  avg_loan_to_value_ratio  std_loan_to_value_ratio  Q1_loan_to_value_ratio  Q3_loan_to_value_ratio  avg_debt_to_income_ratio  std_debt_to_income_ratio  Q1_debt_to_income_ratio  Q3_debt_to_income_ratio  avg_property_value  std_property_value  Q1_property_value  Q3_property_value  avg_income  std_income  Q1_income  Q3_income  accepted  denied  iqr_loan_amount  iqr_property_value  iqr_income  acceptance_rate  acceptance_rate_pct
                 2 or more minority races      Female     Hispanic or Latino           2    470000.000000    190918.830920        402500.0        537500.0                90.187000                 6.806610                87.78050                 92.5935                 46.500000                  2.121320                    45.75                    47.25        5.300000e+05       247487.373415           442500.0           617500.0  103.000000   49.497475      85.50     120.50         2       0         135000.0            175000.0       35.00         1.000000           100.000000
                 2 or more minority races      Female Not Hispanic or Latino           5    447000.000000    145155.089473        415000.0        525000.0                69.550400                26.250537                80.00000                 80.0000                 46.250000                  2.061553                      NaN                      NaN        7.070000e+05       245193.800900           515000.0           795000.0  136.200000   55.215034     110.00     161.00         5       0         110000.0            280000.0       51.00         1.000000           100.000000
                 2 or more minority races        Male     Hispanic or Latino           1    355000.000000              NaN        355000.0        355000.0                97.000000                      NaN                97.00000                 97.0000                 49.000000                       NaN                    49.00                    49.00        3.650000e+05                 NaN           365000.0           365000.0   77.000000         NaN      77.00      77.00         1       0              0.0                 0.0        0.00         1.000000           100.000000
                 2 or more minority races        Male Not Hispanic or Latino           2    475000.000000    353553.390593        350000.0        600000.0                91.000000                 1.414214                90.50000                 91.5000                 40.500000                  0.707107                    40.25                    40.75        5.300000e+05       388908.729653           392500.0           667500.0  120.000000   70.710678      95.00     145.00         2       0         250000.0            275000.0       50.00         1.000000           100.000000
         American Indian or Alaska Native      Female     Hispanic or Latino           8    482500.000000    204851.862853        300000.0        615000.0                78.874000                20.491048                77.90150                 95.0000                 42.857143                  4.099942                      NaN                      NaN        6.100000e+05       191460.551700           502500.0           752500.0  124.625000   50.074052      74.25     160.50         7       1         315000.0            250000.0       86.25         0.875000            87.500000
         American Indian or Alaska Native        Male     Hispanic or Latino          11    415909.090909    157699.368766        335000.0        495000.0                82.080455                13.757426                77.38400                 95.0000                 47.142857                  3.078342                      NaN                      NaN        5.213636e+05       202941.997983           445000.0           580000.0  168.727273  131.177049      99.00     168.50         6       5         160000.0            135000.0       69.50         0.545455            54.545455
         American Indian or Alaska Native        Male Not Hispanic or Latino           1    365000.000000              NaN        365000.0        365000.0                80.000000                      NaN                80.00000                 80.0000                 47.000000                       NaN                    47.00                    47.00        4.650000e+05                 NaN           465000.0           465000.0  113.000000         NaN     113.00     113.00         1       0              0.0                 0.0        0.00         1.000000           100.000000
                                    Asian      Female     Hispanic or Latino           5    407000.000000    218906.372680        345000.0        445000.0                62.978200                36.661640                40.00000                 90.0000                 45.666667                  5.773503                      NaN                      NaN        7.350000e+05       217600.551470           565000.0           875000.0  137.600000   55.193297     117.00     140.00         4       1         100000.0            310000.0       23.00         0.800000            80.000000
                                    Asian      Female Not Hispanic or Latino         236    581567.796610    231525.192005        425000.0        717500.0                71.758436                18.719757                62.17300                 84.9475                 43.780749                  4.082490                      NaN                      NaN        8.637288e+05       412926.342636           585000.0          1027500.0  184.105932  158.990062     121.00     219.00       223      13         292500.0            442500.0       98.00         0.944915            94.491525
                                    Asian        Male     Hispanic or Latino           7    459285.714286    215627.544844        360000.0        615000.0                66.477429                20.740383                49.50000                 84.9950                 45.600000                  3.049590                      NaN                      NaN        6.792857e+05       305551.803729           515000.0           805000.0  150.571429   62.489618     118.50     188.50         6       1         255000.0            290000.0       70.00         0.857143            85.714286
                                    Asian        Male Not Hispanic or Latino         383    600195.822454    232573.584107        435000.0        755000.0                73.184297                17.776700                64.49800                 80.4445                 43.888112                  4.155917                      NaN                      NaN        8.675065e+05       371744.133610           605000.0          1040000.0  187.613577  126.817579     125.00     225.50       359      24         320000.0            435000.0      100.50         0.937337            93.733681
                Black or African American      Female     Hispanic or Latino           5    487000.000000    259653.615419        255000.0        705000.0                88.000600                13.720465                83.01100                 97.0000                 46.000000                  3.559026                      NaN                      NaN        6.030000e+05       411606.608305           265000.0           845000.0  116.600000   43.431555      77.00     140.00         3       2         450000.0            580000.0       63.00         0.600000            60.000000
                Black or African American      Female Not Hispanic or Latino          41    495975.609756    248010.129612        345000.0        655000.0                86.225854                13.024141                80.00000                 95.0000                 44.193548                  3.664418                      NaN                      NaN        6.189024e+05       255723.268875           485000.0           745000.0  181.390244  121.549142     113.00     210.00        37       4         310000.0            260000.0       97.00         0.902439            90.243902
                Black or African American        Male     Hispanic or Latino           6    456666.666667    159300.554508        360000.0        477500.0                72.247167                20.078347                56.15250                 90.0000                 47.000000                  2.645751                      NaN                      NaN        6.733333e+05       304198.400171           505000.0           652500.0  187.000000   80.560536     119.75     235.25         4       2         117500.0            147500.0      115.50         0.666667            66.666667
                Black or African American        Male Not Hispanic or Latino          28    638571.428571    280478.615884        415000.0        825000.0                85.910393                19.514056                86.85125                 95.0000                 43.450000                  3.776311                      NaN                      NaN        9.128571e+05       771119.230551           472500.0           992500.0  233.464286  259.579358     105.25     249.00        24       4         410000.0            520000.0      143.75         0.857143            85.714286
Native Hawaiian or Other Pacific Islander      Female Not Hispanic or Latino           2    550000.000000     77781.745931        522500.0        577500.0                59.175000                36.522065                46.26250                 72.0875                 48.000000                       NaN                      NaN                      NaN        1.185000e+06       862670.273048           880000.0          1490000.0  278.500000    6.363961     276.25     280.75         2       0          55000.0            610000.0        4.50         1.000000           100.000000
Native Hawaiian or Other Pacific Islander        Male Not Hispanic or Latino           2    460000.000000    190918.830920        392500.0        527500.0                87.500000                10.606602                83.75000                 91.2500                 49.000000                  0.000000                    49.00                    49.00        5.400000e+05       289913.780286           437500.0           642500.0   93.000000   33.941125      81.00     105.00         2       0         135000.0            205000.0       24.00         1.000000           100.000000
                                    White      Female     Hispanic or Latino         176    443409.090909    197769.773011        315000.0        555000.0                82.391705                16.392423                75.00000                 95.0000                 44.319149                  3.877258                      NaN                      NaN        5.574432e+05       257749.041088           395000.0           687500.0  127.664773   68.252775      75.75     160.00       154      22         240000.0            292500.0       84.25         0.875000            87.500000
                                    White      Female Not Hispanic or Latino         335    489626.865672    247689.492924        310000.0        625000.0                73.497006                20.773788                63.72800                 89.9950                 44.088106                  4.157432                      NaN                      NaN        7.065224e+05       370287.651504           475000.0           830000.0  170.943284  131.116006     101.00     204.50       321      14         315000.0            355000.0      103.50         0.958209            95.820896
                                    White        Male     Hispanic or Latino         279    469551.971326    198546.145592        335000.0        610000.0                83.048541                16.016797                80.00000                 95.0000                 44.302885                  4.007191                      NaN                      NaN        6.018459e+05       286853.585925           415000.0           735000.0  171.494624  176.298469      94.00     178.00       254      25         275000.0            320000.0       84.00         0.910394            91.039427
                                    White        Male Not Hispanic or Latino         465    573301.075269    258793.444835        375000.0        755000.0                74.596591                18.712957                68.09000                 89.4650                 43.599369                  4.162871                      NaN                      NaN        8.223118e+05       510679.778084           525000.0           995000.0  208.950538  164.668004     120.00     244.00       436      29         380000.0            470000.0      124.00         0.937634            93.763441