                             derived_race derived_sex      derived_ethnicity  total_apps  avg_loan_amount  std_loan_amount  Q1_loan_amount  Q3_loan_amount  avg_loan_to_value_ratio  std_loan_to_value_ratio  Q1_loan_to_value_ratio  Q3_loan_to_value_ratio  avg_debt_to_income_ratio  std_debt_to_income_ratio  Q1_debt_to_income_ratio  Q3_debt_to_income_ratio  avg_property_value  std_property_value  Q1_property_value  Q3_property_value  avg_income  std_income  Q1_income  Q3_income  accepted  denied  iqr_loan_amount  iqr_property_value  iqr_income  acceptance_rate  acceptance_rate_pct
                 2 or more minority races      Female Not Hispanic or Latino           3    335000.000000     79372.539332        305000.0        380000.0                79.672667                15.493594                72.00900                87.50000                 46.500000                  3.535534                      NaN                      NaN       435000.000000       160934.769394           345000.0           500000.0   91.333333   42.335958      67.00     105.50         2       1          75000.0            155000.0       38.50         0.666667            66.666667
                 2 or more minority races        Male     Hispanic or Latino           2    325000.000000    212132.034356        250000.0        400000.0                92.495000                 3.542605                91.24250                93.74750                 41.000000                       NaN                      NaN                      NaN       355000.000000       240416.305603           270000.0           440000.0  210.000000  131.521861     163.50     256.50         2       0         150000.0            170000.0       93.00         1.000000           100.000000
                 2 or more minority races        Male Not Hispanic or Latino           1    415000.000000              NaN        415000.0        415000.0                41.414000                      NaN                41.41400                41.41400                 42.000000                       NaN                     42.0                     42.0       995000.000000                 NaN           995000.0           995000.0  280.000000         NaN     280.00     280.00         1       0              0.0                 0.0        0.00         1.000000           100.000000
         American Indian or Alaska Native      Female     Hispanic or Latino           4    375000.000000    137355.985187        290000.0        465000.0                68.191000                23.455499                64.00000                81.25000                 41.666667                  2.081666                      NaN                      NaN       557500.000000        94648.472430           522500.0           620000.0  155.750000   60.835160     131.25     175.00         4       0         175000.0             97500.0       43.75         1.000000           100.000000
         American Indian or Alaska Native        Male     Hispanic or Latino           9    462777.777778    168951.011966        345000.0        585000.0                82.367111                11.977034                76.70400                95.00000                 44.750000                  4.399675                      NaN                      NaN       558333.333333       158271.917913           425000.0           725000.0  139.000000   32.345788     112.00     158.00         7       2         240000.0            300000.0       46.00         0.777778            77.777778
         American Indian or Alaska Native        Male Not Hispanic or Latino           5    601000.000000    266608.326952        345000.0        725000.0                75.271200                13.355823                75.00000                80.00000                 43.250000                  4.349329                      NaN                      NaN       809000.000000       308755.566751           565000.0           905000.0  229.600000  166.009939      89.00     376.00         5       0         380000.0            340000.0      287.00         1.000000           100.000000
                                    Asian      Female     Hispanic or Latino           4    440000.000000     88128.693776        387500.0        467500.0                78.876000                12.216618                75.35475                86.02125                 45.000000                  3.829708                     43.0                     48.0       587500.000000       104682.058316           507500.0           660000.0  127.000000   59.699246      88.00     142.00         4       0          80000.0            152500.0       54.00         1.000000           100.000000
                                    Asian      Female Not Hispanic or Latino         226    540884.955752    218172.948816        385000.0        675000.0                71.767810                19.245329                62.95425                85.00000                 44.224242                  3.931349                      NaN                      NaN       807079.646018       366219.864540           555000.0           965000.0  166.194690   80.643452     112.25     200.00       213      13         290000.0            410000.0       87.75         0.942478            94.247788
                                    Asian        Male     Hispanic or Latino          13    645000.000000    186502.904356        455000.0        755000.0                77.114538                 8.976748                71.40300                80.00000                 45.888889                  4.314060                      NaN                      NaN       843461.538462       256575.075233           755000.0           945000.0  169.769231   58.773795     124.00     204.00        11       2         300000.0            190000.0       80.00         0.846154            84.615385
                                    Asian        Male Not Hispanic or Latino         394    624873.096447    228658.515431        465000.0        765000.0                74.294332                16.114426                65.00000                84.66300                 43.628975                  4.123124                      NaN                      NaN       892208.121827       407873.929451           615000.0          1055000.0  207.180203  145.584985     133.25     232.75       366      28         300000.0            440000.0       99.50         0.928934            92.893401
                Black or African American      Female     Hispanic or Latino           3    475000.000000     26457.513111        460000.0        485000.0                90.000000                 8.660254                87.50000                95.00000                 48.000000                  1.000000                     47.5                     48.5       535000.000000        50000.000000           510000.0           560000.0  118.666667   15.502688     111.00     126.50         3       0          25000.0             50000.0       15.50         1.000000           100.000000
                Black or African American      Female Not Hispanic or Latino          48    482291.666667    195249.317795        330000.0        595000.0                83.917521                18.652621                80.00000                95.00000                 43.921053                  3.822986                      NaN                      NaN       627500.000000       279189.556593           465000.0           760000.0  166.604167  111.167257      91.50     200.00        42       6         265000.0            295000.0      108.50         0.875000            87.500000
                Black or African American        Male     Hispanic or Latino           8    561250.000000    202480.157758        460000.0        637500.0                86.496375                 7.332684                80.00000                91.25000                 45.400000                  4.277850                      NaN                      NaN       646250.000000       219378.179668           500000.0           732500.0  155.750000   57.240720     117.25     166.25         7       1         177500.0            232500.0       49.00         0.875000            87.500000
                Black or African American        Male Not Hispanic or Latino          33    557727.272727    235985.602411        375000.0        715000.0                83.680424                17.543715                80.00000                95.00000                 45.363636                  4.248758                      NaN                      NaN       705303.030303       327924.199020           465000.0           815000.0  186.909091  130.796207      99.00     227.00        27       6         340000.0            350000.0      128.00         0.818182            81.818182
Native Hawaiian or Other Pacific Islander      Female     Hispanic or Latino           1    435000.000000              NaN        435000.0        435000.0                80.000000                      NaN                80.00000                80.00000                 45.000000                       NaN                     45.0                     45.0       545000.000000                 NaN           545000.0           545000.0  100.000000         NaN     100.00     100.00         1       0              0.0                 0.0        0.00         1.000000           100.000000
Native Hawaiian or Other Pacific Islander      Female Not Hispanic or Latino           1    345000.000000              NaN        345000.0        345000.0               100.000000                      NaN               100.00000               100.00000                 45.000000                       NaN                     45.0                     45.0       355000.000000                 NaN           355000.0           355000.0   76.000000         NaN      76.00      76.00         1       0              0.0                 0.0        0.00         1.000000           100.000000
Native Hawaiian or Other Pacific Islander        Male     Hispanic or Latino           1    345000.000000              NaN        345000.0        345000.0                90.000000                      NaN                90.00000                90.00000                       NaN                       NaN                      NaN                      NaN       385000.000000                 NaN           385000.0           385000.0   62.000000         NaN      62.00      62.00         0       1              0.0                 0.0        0.00         0.000000             0.000000
Native Hawaiian or Other Pacific Islander        Male Not Hispanic or Latino           6    585000.000000    211281.802340        540000.0        705000.0                73.584167                23.388338                73.98075                80.00000                 45.500000                  2.886751                      NaN                      NaN       795000.000000       163217.646105           667500.0           872500.0  192.833333   83.093722     161.00     249.50         3       3         165000.0            205000.0       88.50         0.500000            50.000000
                                    White      Female     Hispanic or Latino         159    450911.949686    198188.677002        315000.0        580000.0                80.349742                17.821329                73.83100                95.00000                 44.934959                  3.600409                      NaN                      NaN       591163.522013       253509.040965           405000.0           720000.0  154.490566  136.741319      89.00     172.50       141      18         265000.0            315000.0       83.50         0.886792            88.679245
                                    White      Female Not Hispanic or Latino         350    475457.142857    245615.575752        305000.0        632500.0                70.716440                20.843548                58.60000                85.00000                 43.995745                  3.840292                      NaN                      NaN       705685.714286       379565.561603           455000.0           855000.0  160.891429  103.237422      94.25     198.00       316      34         327500.0            400000.0      103.75         0.902857            90.285714
                                    White        Male     Hispanic or Latino         269    467007.434944    220495.676212        305000.0        605000.0                83.435550                16.055219                80.00000                95.00000                 43.948980                  3.945455                      NaN                      NaN       583587.360595       290280.764738           385000.0           715000.0  165.118959  136.138897      92.00     187.00       235      34         300000.0            330000.0       95.00         0.873606            87.360595
                                    White        Male Not Hispanic or Latino         460    572586.956522    254705.697663        375000.0        735000.0                75.191622                17.480056                66.03725                90.00000                 43.376582                  4.193035                      NaN                      NaN       815543.478261       459370.043522           502500.0          1015000.0  224.700000  406.593609     119.00     258.25       433      27         360000.0            512500.0      139.25         0.941304            94.130435