                             derived_race derived_sex      derived_ethnicity  total_apps  avg_loan_amount  std_loan_amount  Q1_loan_amount  Q3_loan_amount  avg_loan_to_value_ratio  std_loan_to_value_ratio  Q1_loan_to_value_ratio  Q3_loan_to_value_ratio  avg_debt_to_income_ratio  std_debt_to_income_ratio  Q1_debt_to_income_ratio  Q3_debt_to_income_ratio  avg_property_value  std_property_value  Q1_property_value  Q3_property_value  avg_income  std_income  Q1_income  Q3_income  accepted  denied  iqr_loan_amount  iqr_property_value  iqr_income  acceptance_rate  acceptance_rate_pct
                 2 or more minority races      Female     Hispanic or Latino           3    451666.666667    202072.594216        335000.0        510000.0                90.666667                 9.291573                87.50000                96.00000                 43.333333                  4.163332                    41.00                    45.00        5.183333e+05        2.916048e+05           350000.0           605000.0  134.000000   96.700569      78.50     167.00         3       0         175000.0            255000.0       88.50         1.000000           100.000000
                 2 or more minority races      Female Not Hispanic or Latino           3    365000.000000     55677.643628        340000.0        395000.0                75.760333                 7.343318                73.64050                80.00000                 44.000000                  5.656854                      NaN                      NaN        4.883333e+05        1.167619e+05           425000.0           540000.0  110.333333   36.198527      95.50     130.50         2       1          55000.0            115000.0       35.00         0.666667            66.666667
                 2 or more minority races        Male     Hispanic or Latino           2    795000.000000    226274.169980        715000.0        875000.0                68.257500                 4.895300                66.52675                69.98825                 41.000000                  2.828427                    40.00                    42.00        1.155000e+06        2.404163e+05          1070000.0          1240000.0  207.000000   49.497475     189.50     224.50         2       0         160000.0            170000.0       35.00         1.000000           100.000000
                 2 or more minority races        Male Not Hispanic or Latino           5    649000.000000    264253.666011        505000.0        705000.0                66.212400                33.847702                53.00000                89.99000                 42.500000                  7.778175                      NaN                      NaN        1.433000e+06        1.348951e+06           725000.0          1105000.0  235.000000   87.718299     175.00     240.00         4       1         200000.0            380000.0       65.00         0.800000            80.000000
         American Indian or Alaska Native      Female     Hispanic or Latino           4    525000.000000    264952.825990        472500.0        682500.0                84.345250                10.583558                77.90150                91.83125                 39.666667                  3.785939                      NaN                      NaN        6.200000e+05        2.984962e+05           602500.0           762500.0  162.500000   29.456182     152.00     171.50         4       0         210000.0            160000.0       19.50         1.000000           100.000000
         American Indian or Alaska Native      Female Not Hispanic or Latino           4    375000.000000    161038.297722        287500.0        477500.0                88.750000                 7.500000                83.75000                95.00000                 46.000000                  3.605551                      NaN                      NaN        4.175000e+05        1.682013e+05           312500.0           545000.0  197.750000  218.382501      95.50     217.25         4       0         190000.0            232500.0      121.75         1.000000           100.000000
         American Indian or Alaska Native        Male     Hispanic or Latino           9    445000.000000    150582.203464        395000.0        535000.0                83.302222                 9.198628                78.68100                95.00000                 46.125000                  2.474874                      NaN                      NaN        5.327778e+05        1.631547e+05           455000.0           615000.0  154.222222   84.032401     119.00     187.00         7       2         140000.0            160000.0       68.00         0.777778            77.777778
         American Indian or Alaska Native        Male Not Hispanic or Latino           4    300000.000000    171755.640373        210000.0        380000.0                97.082500                 2.499445                95.00000                98.74750                 47.750000                  2.500000                    47.75                    49.00        3.175000e+05        1.791415e+05           227500.0           395000.0   72.750000   40.202612      49.50      88.75         4       0         170000.0            167500.0       39.25         1.000000           100.000000
                                    Asian      Female     Hispanic or Latino           5    481000.000000    270240.633510        365000.0        505000.0                82.000000                16.431677                80.00000                95.00000                 43.250000                  4.349329                      NaN                      NaN        5.830000e+05        3.253767e+05           385000.0           535000.0  177.600000  122.657246      98.00     214.00         5       0         140000.0            150000.0      116.00         1.000000           100.000000
                                    Asian      Female Not Hispanic or Latino         223    557600.896861    225581.246024        395000.0        665000.0                71.572475                18.712494                60.00000                80.00000                 43.878205                  4.158695                      NaN                      NaN        8.423543e+05        4.257179e+05           580000.0           990000.0  197.623318  160.620368     119.50     239.50       210      13         270000.0            410000.0      120.00         0.941704            94.170404
                                    Asian        Male     Hispanic or Latino           5    281000.000000    226892.044814        115000.0        475000.0                64.852000                36.140137                40.00000                95.00000                 42.500000                  9.192388                      NaN                      NaN        4.730000e+05        2.817268e+05           205000.0           715000.0  112.400000   35.345438      96.00     130.00         3       2         360000.0            510000.0       34.00         0.600000            60.000000
                                    Asian        Male Not Hispanic or Latino         371    620040.431267    234060.943747        445000.0        760000.0                73.147349                18.165398                62.69550                85.00000                 43.934109                  4.028053                      NaN                      NaN        9.141914e+05        4.530943e+05           625000.0          1115000.0  203.361186  127.233299     130.00     250.00       347      24         315000.0            490000.0      120.00         0.935310            93.530997
                Black or African American      Female     Hispanic or Latino           2    320000.000000    261629.509039        227500.0        412500.0                71.000000                36.769553                58.00000                84.00000                 48.500000                  0.707107                    48.25                    48.75        4.150000e+05        1.555635e+05           360000.0           470000.0  104.500000   57.275649      84.25     124.75         2       0         185000.0            110000.0       40.50         1.000000           100.000000
                Black or African American      Female Not Hispanic or Latino          39    470641.025641    214510.395672        350000.0        520000.0                80.585077                20.515951                76.88500                95.00000                 43.653846                  3.918595                      NaN                      NaN        6.008974e+05        3.025481e+05           425000.0           690000.0  148.948718   83.278843     101.00     167.50        32       7         170000.0            265000.0       66.50         0.820513            82.051282
                Black or African American        Male     Hispanic or Latino           6    660000.000000    181521.348607        502500.0        780000.0                78.108167                 2.861743                78.01875                79.99275                 42.500000                  2.121320                      NaN                      NaN        8.500000e+05        2.537518e+05           627500.0          1055000.0  213.166667   71.255643     193.25     236.75         6       0         277500.0            427500.0       43.50         1.000000           100.000000
                Black or African American        Male Not Hispanic or Latino          31    521129.032258    221444.912930        385000.0        645000.0                85.454161                14.797906                78.26000                95.00000                 44.038462                  4.014780                      NaN                      NaN        7.179032e+05        4.497643e+05           460000.0           785000.0  179.419355  109.233320     118.50     210.00        30       1         260000.0            325000.0       91.50         0.967742            96.774194
Native Hawaiian or Other Pacific Islander      Female     Hispanic or Latino           1    645000.000000              NaN        645000.0        645000.0                90.000000                      NaN                90.00000                90.00000                 46.000000                       NaN                    46.00                    46.00        7.150000e+05                 NaN           715000.0           715000.0  161.000000         NaN     161.00     161.00         1       0              0.0                 0.0        0.00         1.000000           100.000000
Native Hawaiian or Other Pacific Islander      Female Not Hispanic or Latino           3    545000.000000    238956.062907        440000.0        675000.0                74.670000                21.818852                65.34000                86.66500                 44.000000                  5.656854                      NaN                      NaN        8.416667e+05        5.971879e+05           520000.0          1110000.0  164.666667  106.865960     107.00     212.50         2       1         235000.0            590000.0      105.50         0.666667            66.666667
Native Hawaiian or Other Pacific Islander        Male Not Hispanic or Latino           6    506666.666667    279672.427434        405000.0        590000.0                82.002667                15.819382                70.75000                93.75000                 46.666667                  2.516611                      NaN                      NaN        6.700000e+05        4.635839e+05           432500.0           842500.0  219.166667  161.839942     130.00     200.00         5       1         185000.0            410000.0       70.00         0.833333            83.333333
                                    White      Female     Hispanic or Latino         168    421488.095238    179757.454289        305000.0        525000.0                83.331708                16.579314                78.54325                95.00000                 44.605839                  3.394107                      NaN                      NaN        5.430952e+05        2.912495e+05           385000.0           655000.0  121.107143   78.284606      76.75     144.00       152      16         220000.0            270000.0       67.25         0.904762            90.476190
                                    White      Female Not Hispanic or Latino         381    468280.839895    241572.692286        285000.0        635000.0                69.937472                20.883034                56.32000                85.00000                 43.541502                  4.172289                      NaN                      NaN        7.207480e+05        4.185146e+05           455000.0           875000.0  182.685039  210.116385      97.00     210.00       356      25         350000.0            420000.0      113.00         0.934383            93.438320
                                    White        Male     Hispanic or Latino         275    474127.272727    211218.143587        325000.0        610000.0                83.628065                14.849257                80.00000                95.00000                 43.792271                  4.141940                      NaN                      NaN        5.862000e+05        2.616658e+05           395000.0           730000.0  173.345455  208.343731      90.00     175.00       248      27         285000.0            335000.0       85.00         0.901818            90.181818
                                    White        Male Not Hispanic or Latino         450    528666.666667    239357.203410        355000.0        685000.0                72.013993                20.559171                59.43975                88.29975                 43.662162                  3.987360                      NaN                      NaN        7.932889e+05        4.307723e+05           515000.0           965000.0  214.751111  270.646196     113.25     240.00       423      27         330000.0            450000.0      126.75         0.940000            94.000000