                             derived_race derived_sex      derived_ethnicity  total_apps  avg_loan_amount  std_loan_amount  Q1_loan_amount  Q3_loan_amount  avg_loan_to_value_ratio  std_loan_to_value_ratio  Q1_loan_to_value_ratio  Q3_loan_to_value_ratio  avg_debt_to_income_ratio  std_debt_to_income_ratio  Q1_debt_to_income_ratio  Q3_debt_to_income_ratio  avg_property_value  std_property_value  Q1_property_value  Q3_property_value  avg_income  std_income  Q1_income  Q3_income  accepted  denied  iqr_loan_amount  iqr_property_value  iqr_income  acceptance_rate  acceptance_rate_pct
                 2 or more minority races      Female     Hispanic or Latino           2    240000.000000     91923.881554        207500.0        272500.0                79.065000                23.426448                 70.7825                87.34750                 46.500000                  3.535534                    45.25                    47.75        4.150000e+05        98994.949366           380000.0           450000.0   67.500000    4.949747      65.75      69.25         2       0          65000.0             70000.0        3.50         1.000000           100.000000
                 2 or more minority races      Female Not Hispanic or Latino           6    590000.000000    273843.020725        462500.0        602500.0                77.080000                21.211374                 68.1250                93.75000                 47.600000                  1.673320                      NaN                      NaN        8.550000e+05       504737.555567           510000.0          1262500.0  144.000000   61.031140     109.50     170.00         6       0         140000.0            752500.0       60.50         1.000000           100.000000
                 2 or more minority races        Male     Hispanic or Latino           1    365000.000000              NaN        365000.0        365000.0                80.000000                      NaN                 80.0000                80.00000                       NaN                       NaN                      NaN                      NaN        4.550000e+05                 NaN           455000.0           455000.0  195.000000         NaN     195.00     195.00         1       0              0.0                 0.0        0.00         1.000000           100.000000
                 2 or more minority races        Male Not Hispanic or Latino           2    405000.000000    296984.848098        300000.0        510000.0                92.135000                 6.880149                 89.7025                94.56750                 45.000000                  1.414214                    44.50                    45.50        4.500000e+05       346482.322781           327500.0           572500.0  110.000000   70.710678      85.00     135.00         1       1         210000.0            245000.0       50.00         0.500000            50.000000
         American Indian or Alaska Native      Female     Hispanic or Latino           3    308333.333333    141891.977692        245000.0        385000.0                68.049333                21.920042                 57.0770                78.99700                 42.000000                       NaN                      NaN                      NaN        4.350000e+05        95393.920142           405000.0           490000.0  128.666667   64.732784      98.00     162.50         3       0         140000.0             85000.0       64.50         1.000000           100.000000
         American Indian or Alaska Native      Female Not Hispanic or Latino           3    395000.000000    193132.079158        290000.0        480000.0                87.924667                13.725925                 80.0000                91.88700                       NaN                       NaN                      NaN                      NaN        4.883333e+05       247857.485934           355000.0           600000.0  287.000000  226.024335     160.50     378.00         3       0         190000.0            245000.0      217.50         1.000000           100.000000
         American Indian or Alaska Native        Male     Hispanic or Latino           7    497857.142857    112355.727597        405000.0        590000.0                95.197429                 7.214903                 95.0000                98.50000                 42.333333                  4.589844                      NaN                      NaN        5.378571e+05        96559.875330           450000.0           610000.0  124.000000   22.774254     109.50     143.50         5       2         185000.0            160000.0       34.00         0.714286            71.428571
         American Indian or Alaska Native        Male Not Hispanic or Latino           6    461666.666667    234833.274190        262500.0        585000.0                85.799000                10.551884                 79.8215                95.25000                 44.000000                  4.163332                      NaN                      NaN        5.433333e+05       280243.941356           335000.0           642500.0  186.833333  150.652470      80.50     201.25         6       0         322500.0            307500.0      120.75         1.000000           100.000000
                                    Asian      Female     Hispanic or Latino           2    570000.000000    134350.288425        522500.0        617500.0                82.500000                17.677670                 76.2500                88.75000                 47.000000                       NaN                      NaN                      NaN        6.900000e+05         7071.067812           687500.0           692500.0  151.000000   28.284271     141.00     161.00         2       0          95000.0              5000.0       20.00         1.000000           100.000000
                                    Asian      Female Not Hispanic or Latino         231    560627.705628    230864.951891        405000.0        715000.0                74.011771                17.606967                 66.1160                86.82650                 43.566474                  4.069516                      NaN                      NaN        7.998918e+05       389557.007573           550000.0           955000.0  182.424242  179.238273     117.00     207.50       220      11         310000.0            405000.0       90.50         0.952381            95.238095
                                    Asian        Male     Hispanic or Latino          11    661363.636364    165727.048322        635000.0        700000.0                76.793545                11.193254                 70.5450                81.30000                 44.300000                  4.056545                      NaN                      NaN        8.622727e+05       212042.019849           735000.0           905000.0  370.272727  675.165327     134.50     225.00        11       0          65000.0            170000.0       90.50         1.000000           100.000000
                                    Asian        Male Not Hispanic or Latino         370    654297.297297    237880.303401        485000.0        805000.0                73.317157                16.261517                 65.0000                80.00000                 43.349265                  4.000839                      NaN                      NaN        9.392162e+05       423587.154887           665000.0          1150000.0  211.137838  126.750101     139.00     247.00       345      25         320000.0            485000.0      108.00         0.932432            93.243243
                Black or African American      Female     Hispanic or Latino           3    495000.000000     70000.000000        470000.0        535000.0                90.000000                13.000000                 86.0000                97.50000                 45.000000                  5.291503                    43.00                    48.00        7.350000e+05       315119.025132           575000.0           890000.0  125.666667   12.013881     119.50     131.50         3       0          65000.0            315000.0       12.00         1.000000           100.000000
                Black or African American      Female Not Hispanic or Latino          41    503048.780488    200439.760429        325000.0        625000.0                87.511439                11.539278                 80.0000                95.00000                 44.714286                  3.303932                      NaN                      NaN        6.006098e+05       230597.580001           415000.0           775000.0  155.243902   76.809108     110.00     182.00        34       7         300000.0            360000.0       72.00         0.829268            82.926829
                Black or African American        Male     Hispanic or Latino           2    585000.000000     56568.542495        565000.0        605000.0                67.992000                38.195080                 54.4880                81.49600                 38.000000                       NaN                      NaN                      NaN        1.050000e+06       671751.442127           812500.0          1287500.0  211.500000   68.589358     187.25     235.75         2       0          40000.0            475000.0       48.50         1.000000           100.000000
                Black or African American        Male Not Hispanic or Latino          34    543529.411765    231492.291290        395000.0        702500.0                85.068059                14.053712                 80.0000                95.00000                 44.636364                  3.824052                      NaN                      NaN        6.667647e+05       257346.254051           475000.0           802500.0  171.794118  107.416995     106.75     225.75        26       8         307500.0            327500.0      119.00         0.764706            76.470588
Native Hawaiian or Other Pacific Islander      Female Not Hispanic or Latino           4    522500.000000    221265.300789        340000.0        682500.0                77.351750                26.363280                 69.9380                92.24125                 41.666667                  2.516611                      NaN                      NaN        6.950000e+05       187438.878927           622500.0           817500.0  143.750000   53.193828     103.75     180.00         4       0         342500.0            195000.0       76.25         1.000000           100.000000
Native Hawaiian or Other Pacific Islander        Male Not Hispanic or Latino           3    608333.333333    151437.555888        555000.0        695000.0                80.063333                21.191071                 69.4520                90.64300                 41.333333                  5.033223                    39.00                    44.00        7.783333e+05       102143.689640           720000.0           815000.0  196.000000   51.971146     166.50     215.50         2       1         140000.0             95000.0       49.00         0.666667            66.666667
                                    White      Female     Hispanic or Latino         198    443989.898990    205035.566802        305000.0        585000.0                80.590919                16.650082                 75.9750                94.87250                 44.506173                  4.057425                      NaN                      NaN        5.738384e+05       248959.589695           405000.0           705000.0  139.247475   95.108831      85.00     162.00       179      19         280000.0            300000.0       77.00         0.904040            90.404040
                                    White      Female Not Hispanic or Latino         343    479110.787172    242792.620761        315000.0        635000.0                70.991216                20.163565                 59.1200                84.42550                 43.673554                  4.095950                      NaN                      NaN        6.954665e+05       333082.911918           455000.0           875000.0  165.058309  114.227213      98.50     199.00       327      16         320000.0            420000.0      100.50         0.953353            95.335277
                                    White        Male     Hispanic or Latino         264    466401.515152    198874.986426        335000.0        605000.0                84.435549                15.392855                 80.0000                95.00000                 44.270408                  3.759888                      NaN                      NaN        5.719697e+05       228921.888463           405000.0           705000.0  162.840909  145.709948      92.75     182.00       241      23         270000.0            300000.0       89.25         0.912879            91.287879
                                    White        Male Not Hispanic or Latino         464    562564.655172    256910.318161        362500.0        735000.0                73.937159                18.343432                 64.9100                87.52000                 43.500000                  3.856653                      NaN                      NaN        8.163362e+05       449716.425053           525000.0           997500.0  220.002155  205.132234     119.00     255.50       443      21         372500.0            472500.0      136.50         0.954741            95.474138