                             derived_race derived_sex      derived_ethnicity  total_apps  avg_loan_amount  std_loan_amount  Q1_loan_amount  Q3_loan_amount  avg_loan_to_value_ratio  std_loan_to_value_ratio  Q1_loan_to_value_ratio  Q3_loan_to_value_ratio  avg_debt_to_income_ratio  std_debt_to_income_ratio  Q1_debt_to_income_ratio  Q3_debt_to_income_ratio  avg_property_value  std_property_value  Q1_property_value  Q3_property_value  avg_income  std_income  Q1_income  Q3_income  accepted  denied  iqr_loan_amount  iqr_property_value  iqr_income  acceptance_rate  acceptance_rate_pct
                 2 or more minority races      Female     Hispanic or Latino           1    335000.000000              NaN        335000.0        335000.0                97.000000                      NaN                97.00000                97.00000                 42.000000                       NaN                    42.00                    42.00       345000.000000                 NaN           345000.0           345000.0   89.000000         NaN      89.00      89.00         1       0              0.0                 0.0        0.00         1.000000           100.000000
                 2 or more minority races      Female Not Hispanic or Latino           3    321666.666667     40414.518843        300000.0        340000.0                72.630000                 8.797767                68.94500                77.50000                 45.500000                  4.949747                      NaN                      NaN       445000.000000        17320.508076           440000.0           455000.0   85.000000   13.114877      78.00      91.00         3       0          40000.0             15000.0       13.00         1.000000           100.000000
                 2 or more minority races        Male     Hispanic or Latino           1    635000.000000              NaN        635000.0        635000.0                64.796000                      NaN                64.79600                64.79600                 43.000000                       NaN                    43.00                    43.00       985000.000000                 NaN           985000.0           985000.0  172.000000         NaN     172.00     172.00         1       0              0.0                 0.0        0.00         1.000000           100.000000
                 2 or more minority races        Male Not Hispanic or Latino           2    385000.000000     42426.406871        370000.0        400000.0                47.839000                 9.086322                44.62650                51.05150                 43.000000                  1.414214                    42.50                    43.50       820000.000000       247487.373415           732500.0           907500.0  194.000000  121.622366     151.00     237.00         2       0          30000.0            175000.0       86.00         1.000000           100.000000
         American Indian or Alaska Native      Female     Hispanic or Latino           4    352500.000000    224555.115729        195000.0        477500.0                76.409000                29.500126                68.41150                95.49750                 40.666667                  3.055050                      NaN                      NaN       477500.000000       226034.658109           370000.0           642500.0  147.500000   35.604307     125.50     159.00         4       0         282500.0            272500.0       33.50         1.000000           100.000000
         American Indian or Alaska Native      Female Not Hispanic or Latino           6    486666.666667    156386.273907        385000.0        620000.0                92.526500                13.349591                81.82500               102.46000                 39.750000                  4.500000                      NaN                      NaN       543333.333333       210657.700231           375000.0           655000.0  156.166667   69.115604     116.75     203.00         4       2         235000.0            280000.0       86.25         0.666667            66.666667
         American Indian or Alaska Native        Male     Hispanic or Latino           3    368333.333333     77674.534652        325000.0        400000.0                54.159667                22.470225                41.23950                61.63450                 47.000000                       NaN                      NaN                      NaN       745000.000000       310483.493925           595000.0           905000.0  153.333333   92.359804     102.00     191.50         3       0          75000.0            310000.0       89.50         1.000000           100.000000
         American Indian or Alaska Native        Male Not Hispanic or Latino           6    298333.333333    164762.455270        215000.0        345000.0                68.092667                29.939251                52.41700                91.25000                 46.000000                  2.943920                      NaN                      NaN       486666.666667       213674.206835           342500.0           562500.0  107.833333   27.831038      87.50     125.00         6       0         130000.0            220000.0       37.50         1.000000           100.000000
                                    Asian      Female     Hispanic or Latino           6    455000.000000    202583.316194        335000.0        597500.0                73.698667                24.677717                76.25000                85.13000                 44.500000                  3.507136                    42.25                    47.25       643333.333333       207404.596542           465000.0           780000.0  116.833333   53.618716      75.50     152.00         6       0         262500.0            315000.0       76.50         1.000000           100.000000
                                    Asian      Female Not Hispanic or Latino         225    576555.555556    225485.147155        405000.0        715000.0                72.916124                18.052065                62.26400                84.97000                 43.637500                  3.894017                      NaN                      NaN       822244.444444       318200.096775           585000.0           985000.0  182.404444  107.277223     116.00     216.00       207      18         310000.0            400000.0      100.00         0.920000            92.000000
                                    Asian        Male     Hispanic or Latino           5    553000.000000    235732.899698        355000.0        725000.0                69.666600                20.426166                75.00000                80.00000                 42.333333                  3.785939                      NaN                      NaN       807000.000000       241080.899285           705000.0           905000.0  216.200000   96.432360     168.00     242.00         4       1         370000.0            200000.0       74.00         0.800000            80.000000
                                    Asian        Male Not Hispanic or Latino         379    644868.073879    248785.905939        465000.0        805000.0                72.121317                17.060109                63.94450                80.00000                 43.376866                  4.056223                      NaN                      NaN       934947.229551       445519.727841           645000.0          1130000.0  217.261214  187.525484     142.50     251.00       355      24         340000.0            485000.0      108.50         0.936675            93.667546
                Black or African American      Female     Hispanic or Latino           1    235000.000000              NaN        235000.0        235000.0               100.000000                      NaN               100.00000               100.00000                 49.000000                       NaN                    49.00                    49.00       245000.000000                 NaN           245000.0           245000.0   78.000000         NaN      78.00      78.00         1       0              0.0                 0.0        0.00         1.000000           100.000000
                Black or African American      Female Not Hispanic or Latino          37    465540.540541    207965.621437        315000.0        555000.0                90.724784                 9.761188                89.00000                97.00000                 43.750000                  4.609772                      NaN                      NaN       526621.621622       207062.973694           385000.0           635000.0  142.648649   94.697242      77.00     170.00        30       7         240000.0            250000.0       93.00         0.810811            81.081081
                Black or African American        Male Not Hispanic or Latino          38    547631.578947    232689.146665        367500.0        700000.0                87.856026                14.747684                84.58050                95.00000                 44.076923                  4.362780                      NaN                      NaN       642894.736842       272100.516947           440000.0           770000.0  168.368421   84.564839     110.75     200.00        35       3         332500.0            330000.0       89.25         0.921053            92.105263
Native Hawaiian or Other Pacific Islander      Female Not Hispanic or Latino           4    462500.000000     99456.858319        412500.0        485000.0                83.203000                19.583006                72.53675                95.72225                 46.250000                  4.272002                    45.25                    49.00       597500.000000       118708.326021           542500.0           665000.0  128.250000   26.043233     108.00     144.25         4       0          72500.0            122500.0       36.25         1.000000           100.000000
Native Hawaiian or Other Pacific Islander        Male Not Hispanic or Latino           4    457500.000000    176517.232398        355000.0        497500.0                84.187500                11.943225                78.75000                85.43750                 41.000000                  0.000000                      NaN                      NaN       527500.000000       118145.390656           450000.0           567500.0  148.000000   79.372539     111.50     167.50         3       1         142500.0            117500.0       56.00         0.750000            75.000000
                                    White      Female     Hispanic or Latino         149    400302.013423    179468.272612        285000.0        485000.0                77.015494                20.412420                65.00000                95.00000                 44.350427                  4.073286                      NaN                      NaN       545738.255034       232922.368345           385000.0           685000.0  120.926174   66.526168      82.00     148.00       139      10         200000.0            300000.0       66.00         0.932886            93.288591
                                    White      Female Not Hispanic or Latino         386    462849.740933    228009.542321        305000.0        595000.0                72.323404                20.643211                62.20875                88.82575                 44.122677                  3.928917                      NaN                      NaN       674404.145078       369486.702407           455000.0           825000.0  160.582902   99.190985      93.25     198.75       359      27         290000.0            370000.0      105.50         0.930052            93.005181
                                    White        Male     Hispanic or Latino         282    461170.212766    198564.813498        325000.0        575000.0                83.399429                14.658077                80.00000                95.00000                 43.779817                  3.846976                      NaN                      NaN       574751.773050       253665.530787           405000.0           695000.0  154.262411  111.625208      94.00     174.00       257      25         250000.0            290000.0       80.00         0.911348            91.134752
                                    White        Male Not Hispanic or Latino         458    552838.427948    252608.968811        355000.0        745000.0                75.076998                19.489612                68.31975                90.00000                 44.140575                  3.771441                      NaN                      NaN       776703.056769       401833.520989           515000.0           972500.0  218.655022  283.519408     108.25     244.00       424      34         390000.0            457500.0      135.75         0.925764            92.576419