                             derived_race derived_sex      derived_ethnicity  total_apps  avg_loan_amount  std_loan_amount  Q1_loan_amount  Q3_loan_amount  avg_loan_to_value_ratio  std_loan_to_value_ratio  Q1_loan_to_value_ratio  Q3_loan_to_value_ratio  avg_debt_to_income_ratio  std_debt_to_income_ratio  Q1_debt_to_income_ratio  Q3_debt_to_income_ratio  avg_property_value  std_property_value  Q1_property_value  Q3_property_value  avg_income  std_income  Q1_income  Q3_income  accepted  denied  iqr_loan_amount  iqr_property_value  iqr_income  acceptance_rate  acceptance_rate_pct
                 2 or more minority races      Female     Hispanic or Latino           1    165000.000000              NaN        165000.0        165000.0               101.280000                      NaN               101.28000               101.28000                       NaN                       NaN                      NaN                      NaN       165000.000000                 NaN           165000.0           165000.0   54.000000         NaN      54.00      54.00         0       1              0.0                 0.0        0.00         0.000000             0.000000
                 2 or more minority races      Female Not Hispanic or Latino           5    723000.000000    222979.819715        515000.0        895000.0                77.978400                15.738626                64.89200                87.00000                 47.000000                  1.000000                      NaN                      NaN       919000.000000       181190.507478           785000.0          1035000.0  224.000000   56.784681     168.00     275.00         4       1         380000.0            250000.0      107.00         0.800000            80.000000
                 2 or more minority races        Male     Hispanic or Latino           1    755000.000000              NaN        755000.0        755000.0                94.087000                      NaN                94.08700                94.08700                 44.000000                       NaN                    44.00                    44.00       805000.000000                 NaN           805000.0           805000.0  176.000000         NaN     176.00     176.00         1       0              0.0                 0.0        0.00         1.000000           100.000000
                 2 or more minority races        Male Not Hispanic or Latino           5    471000.000000    191128.229208        355000.0        635000.0                60.155800                34.275462                40.44900                80.00000                 47.500000                  2.121320                      NaN                      NaN       997000.000000       542282.214350           815000.0           865000.0  356.800000  355.565325     146.00     269.00         5       0         280000.0             50000.0      123.00         1.000000           100.000000
         American Indian or Alaska Native      Female     Hispanic or Latino           5    415000.000000    134907.375632        345000.0        445000.0                84.200000                 5.761944                80.00000                90.00000                 41.333333                  6.806859                      NaN                      NaN       495000.000000       177200.451467           375000.0           555000.0  159.200000   59.411278     146.00     155.00         5       0         100000.0            180000.0        9.00         1.000000           100.000000
         American Indian or Alaska Native      Female Not Hispanic or Latino           4    420000.000000     47258.156263        400000.0        455000.0                67.160000                13.331507                60.23000                76.25000                 42.000000                  6.244998                      NaN                      NaN       647500.000000       171925.371407           555000.0           657500.0  235.750000  203.375474     133.50     246.75         4       0          55000.0            102500.0      113.25         1.000000           100.000000
         American Indian or Alaska Native        Male     Hispanic or Latino          17    413235.294118    173610.026140        285000.0        565000.0                78.319706                16.642506                70.00000                90.00000                 43.153846                  3.387382                      NaN                      NaN       532058.823529       210022.757870           395000.0           615000.0  150.529412   95.274024      91.00     161.00        15       2         280000.0            220000.0       70.00         0.882353            88.235294
         American Indian or Alaska Native        Male Not Hispanic or Latino           2    330000.000000    247487.373415        242500.0        417500.0                62.964000                45.305746                46.94600                78.98200                 47.500000                  0.707107                    47.25                    47.75       510000.000000        35355.339059           497500.0           522500.0  110.000000   69.296465      85.50     134.50         2       0         175000.0             25000.0       49.00         1.000000           100.000000
                                    Asian      Female     Hispanic or Latino           6    413333.333333    105530.406361        380000.0        477500.0                64.574833                30.444901                44.16600                91.25000                 43.333333                  4.802777                    39.25                    47.75       738333.333333       264625.521571           547500.0           872500.0  128.833333   30.694734     102.50     153.75         6       0          97500.0            325000.0       51.25         1.000000           100.000000
                                    Asian      Female Not Hispanic or Latino         218    564954.128440    222239.331503        405000.0        705000.0                71.341495                19.202427                59.38800                82.62025                 43.879310                  4.016200                      NaN                      NaN       848119.266055       379324.398813           617500.0          1020000.0  181.555046  190.713599     114.25     200.75       208      10         300000.0            402500.0       86.50         0.954128            95.412844
                                    Asian        Male     Hispanic or Latino           7    642142.857143    175851.669096        520000.0        760000.0                77.829143                13.146842                68.65200                87.50000                 44.714286                  1.799471                    43.50                    45.50       857857.142857       296519.492654           685000.0          1070000.0  163.428571   44.940172     142.50     195.00         7       0         240000.0            385000.0       52.50         1.000000           100.000000
                                    Asian        Male Not Hispanic or Latino         348    624022.988506    240866.996770        455000.0        765000.0                71.432445                19.513692                60.00000                80.75000                 43.658730                  3.995341                      NaN                      NaN       925517.241379       397365.629497           665000.0          1110000.0  205.844828  112.609366     139.00     250.25       319      29         310000.0            445000.0      111.25         0.916667            91.666667
                Black or African American      Female     Hispanic or Latino           4    367500.000000    140326.999065        255000.0        447500.0                70.889000                37.559286                60.38900                95.50000                 44.000000                  5.597619                    40.75                    48.25       732500.000000       548900.415983           392500.0           920000.0  109.750000   38.230660      83.75     126.00         3       1         192500.0            527500.0       42.25         0.750000            75.000000
                Black or African American      Female Not Hispanic or Latino          54    522222.222222    215094.684431        385000.0        615000.0                87.219556                13.709233                80.00000                95.00000                 43.681818                  3.838439                      NaN                      NaN       638888.888889       275553.759208           475000.0           732500.0  156.888889   80.121527     104.25     181.00        44      10         230000.0            257500.0       76.75         0.814815            81.481481
                Black or African American        Male     Hispanic or Latino           1    645000.000000              NaN        645000.0        645000.0                80.000000                      NaN                80.00000                80.00000                       NaN                       NaN                      NaN                      NaN       805000.000000                 NaN           805000.0           805000.0  230.000000         NaN     230.00     230.00         0       1              0.0                 0.0        0.00         0.000000             0.000000
                Black or African American        Male Not Hispanic or Latino          29    525000.000000    211828.771822        425000.0        615000.0                82.992207                16.425734                80.00000                95.00000                 43.850000                  3.759549                      NaN                      NaN       645000.000000       229331.326126           495000.0           775000.0  192.482759  144.400391     124.00     203.00        22       7         190000.0            280000.0       79.00         0.758621            75.862069
Native Hawaiian or Other Pacific Islander      Female Not Hispanic or Latino           2    520000.000000    106066.017178        482500.0        557500.0                87.124500                10.075565                83.56225                90.68675                 41.500000                  4.949747                    39.75                    43.25       595000.000000       197989.898732           525000.0           665000.0  139.500000   34.648232     127.25     151.75         1       1          75000.0            140000.0       24.50         0.500000            50.000000
Native Hawaiian or Other Pacific Islander        Male     Hispanic or Latino           3    445000.000000     88881.944173        410000.0        495000.0                87.154000                 7.675490                84.23100                91.50000                 44.000000                       NaN                      NaN                      NaN       515000.000000       135277.492585           445000.0           580000.0   99.000000   32.233523      88.00     117.50         1       2          85000.0            135000.0       29.50         0.333333            33.333333
Native Hawaiian or Other Pacific Islander        Male Not Hispanic or Latino           1    595000.000000              NaN        595000.0        595000.0                85.000000                      NaN                85.00000                85.00000                 47.000000                       NaN                    47.00                    47.00       695000.000000                 NaN           695000.0           695000.0  397.000000         NaN     397.00     397.00         1       0              0.0                 0.0        0.00         1.000000           100.000000
                                    White      Female     Hispanic or Latino         157    436783.439490    184204.816276        305000.0        545000.0                81.286704                18.240668                75.00000                95.00000                 44.568966                  3.840797                      NaN                      NaN       562006.369427       226451.061584           405000.0           695000.0  143.038217   94.135737      90.00     160.00       136      21         240000.0            290000.0       70.00         0.866242            86.624204
                                    White      Female Not Hispanic or Latino         347    476873.198847    244583.416157        305000.0        625000.0                70.606967                20.520359                58.73050                82.16950                 43.312500                  3.860302                      NaN                      NaN       705893.371758       358802.693678           475000.0           885000.0  163.383285  122.085278      98.00     196.50       319      28         320000.0            410000.0       98.50         0.919308            91.930836
                                    White        Male     Hispanic or Latino         276    494456.521739    208571.055939        335000.0        645000.0                86.666615                27.780510                80.00000                95.00000                 44.311224                  4.101291                      NaN                      NaN       605760.869565       283235.463993           415000.0           747500.0  179.543478  171.650771      97.00     193.25       247      29         310000.0            332500.0       96.25         0.894928            89.492754
                                    White        Male Not Hispanic or Latino         507    543639.053254    243567.689282        365000.0        705000.0                74.557817                18.862253                68.90550                89.15900                 43.386905                  3.945790                      NaN                      NaN       777327.416174       394180.125879           525000.0           950000.0  208.761341  241.667348     121.00     238.00       481      26         340000.0            425000.0      117.00         0.948718            94.871795