                             derived_race derived_sex      derived_ethnicity  total_apps  avg_loan_amount  std_loan_amount  Q1_loan_amount  Q3_loan_amount  avg_loan_to_value_ratio  std_loan_to_value_ratio  Q1_loan_to_value_ratio  Q3_loan_to_value_ratio  avg_debt_to_income_ratio  std_debt_to_income_ratio  Q1_debt_to_income_ratio  Q3_debt_to_income_ratio  avg_property_value  std_property_value  Q1_property_value  Q3_property_value  avg_income  std_income  Q1_income  Q3_income  accepted  denied  iqr_loan_amount  iqr_property_value  iqr_income  acceptance_rate  acceptance_rate_pct
                 2 or more minority races      Female Not Hispanic or Latino           2    385000.000000     28284.271247        375000.0        395000.0                90.000000                14.142136                85.00000                95.00000                 44.500000                  3.535534                    43.25                    45.75        4.400000e+05        21213.203436           432500.0           447500.0   89.000000    8.485281      86.00      92.00         2       0          20000.0             15000.0        6.00         1.000000           100.000000
                 2 or more minority races        Male     Hispanic or Latino           1    695000.000000              NaN        695000.0        695000.0                66.346000                      NaN                66.34600                66.34600                 41.000000                       NaN                    41.00                    41.00        1.045000e+06                 NaN          1045000.0          1045000.0  172.000000         NaN     172.00     172.00         1       0              0.0                 0.0        0.00         1.000000           100.000000
                 2 or more minority races        Male Not Hispanic or Latino           1    655000.000000              NaN        655000.0        655000.0                89.990000                      NaN                89.99000                89.99000                       NaN                       NaN                      NaN                      NaN        7.250000e+05                 NaN           725000.0           725000.0  167.000000         NaN     167.00     167.00         0       1              0.0                 0.0        0.00         0.000000             0.000000
         American Indian or Alaska Native      Female     Hispanic or Latino           2    310000.000000     21213.203436        302500.0        317500.0                98.500000                 2.121320                97.75000                99.25000                 44.000000                  7.071068                    41.50                    46.50        3.200000e+05        21213.203436           312500.0           327500.0   99.500000    7.778175      96.75     102.25         2       0          15000.0             15000.0        5.50         1.000000           100.000000
         American Indian or Alaska Native      Female Not Hispanic or Latino           5    293000.000000    149231.363996        225000.0        355000.0                76.284800                27.452696                80.00000                87.30000                 42.000000                       NaN                      NaN                      NaN        3.950000e+05       144568.322948           315000.0           445000.0  136.800000   65.281697     104.00     195.00         5       0         130000.0            130000.0       91.00         1.000000           100.000000
         American Indian or Alaska Native        Male     Hispanic or Latino           8    382500.000000     62048.368230        360000.0        397500.0                81.554375                14.485044                80.00000                90.00000                 43.166667                  5.564770                      NaN                      NaN        4.937500e+05       149898.775369           400000.0           535000.0  136.625000   66.543085      96.75     147.25         7       1          37500.0            135000.0       50.50         0.875000            87.500000
         American Indian or Alaska Native        Male Not Hispanic or Latino           2    470000.000000    176776.695297        407500.0        532500.0                78.065500                 2.735796                77.09825                79.03275                 37.000000                       NaN                      NaN                      NaN        5.950000e+05       197989.898732           525000.0           665000.0  313.000000  321.026479     199.50     426.50         2       0         125000.0            140000.0      227.00         1.000000           100.000000
                                    Asian      Female     Hispanic or Latino           8    457500.000000    136040.960218        347500.0        557500.0                79.831625                13.876061                71.71075                88.73000                 41.625000                  2.875388                    40.25                    44.00        6.025000e+05       166626.185560           455000.0           742500.0  141.500000   45.888063     108.75     177.00         8       0         210000.0            287500.0       68.25         1.000000           100.000000
                                    Asian      Female Not Hispanic or Latino         235    567212.765957    232888.306027        405000.0        705000.0                72.928523                17.769692                64.73500                83.24000                 44.439759                  4.003709                      NaN                      NaN        8.045745e+05       336975.977781           595000.0           945000.0  174.323404  101.556507     114.50     210.50       221      14         300000.0            350000.0       96.00         0.940426            94.042553
                                    Asian        Male     Hispanic or Latino           7    519285.714286    141286.605034        465000.0        605000.0                83.896714                13.032202                72.96250                92.64550                 46.285714                  2.138090                    45.00                    48.00        6.364286e+05       201777.812740           570000.0           760000.0  134.857143   61.243853     103.00     140.50         7       0         140000.0            190000.0       37.50         1.000000           100.000000
                                    Asian        Male Not Hispanic or Latino         365    615301.369863    233469.218441        455000.0        765000.0                73.459137                17.021746                65.00000                81.02700                 43.771739                  4.245477                      NaN                      NaN        8.929452e+05       431264.938917           625000.0          1065000.0  211.786301  367.078073     126.00     227.00       339      26         310000.0            440000.0      101.00         0.928767            92.876712
                Black or African American      Female     Hispanic or Latino           4    455000.000000    224647.872607        397500.0        572500.0                81.247000                24.279073                78.75000                94.99100                 47.250000                  2.872281                    46.75                    49.00        5.300000e+05       167032.930885           462500.0           627500.0  121.750000   41.596274     111.25     140.50         4       0         175000.0            165000.0       29.25         1.000000           100.000000
                Black or African American      Female Not Hispanic or Latino          40    536750.000000    261140.373883        322500.0        682500.0                84.367125                17.579203                76.77425                95.50000                 44.677419                  4.036394                      NaN                      NaN        6.790000e+05       329846.895330           502500.0           767500.0  144.825000   69.321580     100.00     188.25        32       8         360000.0            265000.0       88.25         0.800000            80.000000
                Black or African American        Male     Hispanic or Latino           1    615000.000000              NaN        615000.0        615000.0                80.000000                      NaN                80.00000                80.00000                       NaN                       NaN                      NaN                      NaN        7.650000e+05                 NaN           765000.0           765000.0  180.000000         NaN     180.00     180.00         1       0              0.0                 0.0        0.00         1.000000           100.000000
                Black or African American        Male Not Hispanic or Latino          33    528939.393939    201865.354165        405000.0        655000.0                83.693939                16.586005                80.00000                95.00000                 44.192308                  3.888642                      NaN                      NaN        7.222727e+05       379566.139883           515000.0           785000.0  414.606061 1286.749950     113.00     183.00        29       4         250000.0            270000.0       70.00         0.878788            87.878788
Native Hawaiian or Other Pacific Islander      Female Not Hispanic or Latino           2    665000.000000     14142.135624        660000.0        670000.0                94.000000                 8.485281                91.00000                97.00000                 39.500000                  0.707107                    39.25                    39.75        7.400000e+05        77781.745931           712500.0           767500.0  200.000000    5.656854     198.00     202.00         2       0          10000.0             55000.0        4.00         1.000000           100.000000
Native Hawaiian or Other Pacific Islander        Male Not Hispanic or Latino           3    475000.000000    253574.446662        330000.0        565000.0                75.396333                17.986623                65.67500                83.41950                 45.500000                  2.121320                      NaN                      NaN        6.683333e+05       382796.725865           465000.0           845000.0  158.333333   75.082177     115.00     181.00         2       1         235000.0            380000.0       66.00         0.666667            66.666667
                                    White      Female     Hispanic or Latino         187    436764.705882    205124.112011        285000.0        570000.0                79.600920                20.177328                75.00000                95.00000                 43.965753                  4.106201                      NaN                      NaN        5.877807e+05       344660.921189           390000.0           735000.0  141.679144  113.846169      78.50     165.50       171      16         285000.0            345000.0       87.00         0.914439            91.443850
                                    White      Female Not Hispanic or Latino         335    467089.552239    238275.599711        295000.0        615000.0                69.459430                22.191176                55.03200                85.00000                 43.508000                  4.062011                      NaN                      NaN        7.217761e+05       381663.229805           460000.0           870000.0  159.895522  107.138046      96.50     186.50       315      20         320000.0            410000.0       90.00         0.940299            94.029851
                                    White        Male     Hispanic or Latino         292    479486.301370    203890.198073        335000.0        595000.0                83.535818                15.343719                80.00000                95.00000                 44.247748                  4.097993                      NaN                      NaN        5.973973e+05       266026.649815           415000.0           725000.0  160.674658  139.234111      89.00     192.25       269      23         260000.0            310000.0      103.25         0.921233            92.123288
                                    White        Male Not Hispanic or Latino         467    541595.289079    264545.470221        325000.0        725000.0                74.860009                18.518403                68.42100                88.33350                 43.752381                  3.961875                      NaN                      NaN        7.743148e+05       438941.324713           475000.0           965000.0  209.670236  260.037787     112.00     231.50       438      29         400000.0            490000.0      119.50         0.937901            93.790150