                             derived_race derived_sex      derived_ethnicity  total_apps  avg_loan_amount  std_loan_amount  Q1_loan_amount  Q3_loan_amount  avg_loan_to_value_ratio  std_loan_to_value_ratio  Q1_loan_to_value_ratio  Q3_loan_to_value_ratio  avg_debt_to_income_ratio  std_debt_to_income_ratio  Q1_debt_to_income_ratio  Q3_debt_to_income_ratio  avg_property_value  std_property_value  Q1_property_value  Q3_property_value  avg_income  std_income  Q1_income  Q3_income  accepted  denied  iqr_loan_amount  iqr_property_value  iqr_income  acceptance_rate  acceptance_rate_pct
                 2 or more minority races      Female Not Hispanic or Latino           7    447857.142857    341404.661446        185000.0        560000.0                70.787286                19.537308                 63.2500                80.00000                 43.200000                  5.890671                      NaN                      NaN        6.135714e+05        4.461849e+05           340000.0           710000.0  118.000000   79.387237      53.50     167.50         7       0         375000.0            370000.0      114.00         1.000000           100.000000
                 2 or more minority races        Male Not Hispanic or Latino           2    370000.000000     91923.881554        337500.0        402500.0                88.500000                12.020815                 84.2500                92.75000                 41.000000                  4.242641                    39.50                     42.5        4.150000e+05        4.242641e+04           400000.0           430000.0   97.500000    9.192388      94.25     100.75         1       1          65000.0             30000.0        6.50         0.500000            50.000000
         American Indian or Alaska Native      Female     Hispanic or Latino           8    563750.000000    212967.972106        455000.0        735000.0                83.314375                20.162262                 80.0000                96.22500                 46.375000                  4.274091                    46.75                     49.0        6.762500e+05        2.114871e+05           480000.0           800000.0  136.000000   39.362782     121.00     163.00         8       0         280000.0            320000.0       42.00         1.000000           100.000000
         American Indian or Alaska Native      Female Not Hispanic or Latino           4    350000.000000    225757.982509        322500.0        467500.0                75.500000                33.431522                 66.7500                96.25000                 45.666667                  4.932883                      NaN                      NaN        8.125000e+05        7.354534e+05           415000.0           907500.0   80.750000   61.554177      51.00     121.25         3       1         145000.0            492500.0       70.25         0.750000            75.000000
         American Indian or Alaska Native        Male     Hispanic or Latino           7    456428.571429    214276.190265        360000.0        605000.0                71.814143                28.840717                 74.5000                84.84550                 43.000000                  4.760952                      NaN                      NaN        6.950000e+05        2.415229e+05           495000.0           840000.0  170.571429   48.972295     138.00     183.50         6       1         245000.0            345000.0       45.50         0.857143            85.714286
         American Indian or Alaska Native        Male Not Hispanic or Latino           5    589000.000000    159937.487788        455000.0        695000.0                82.032600                28.587336                 75.0000                97.00000                 42.666667                  4.509250                      NaN                      NaN        1.135000e+06        1.052735e+06           615000.0           875000.0  262.600000  224.949550     131.00     216.00         3       2         240000.0            260000.0       85.00         0.600000            60.000000
                                    Asian      Female     Hispanic or Latino           9    363888.888889    115482.081342        265000.0        425000.0                69.399667                22.526144                 58.0400                80.00000                 45.166667                  3.656045                      NaN                      NaN        5.761111e+05        2.612204e+05           455000.0           495000.0  108.000000   35.344731      95.00     117.00         8       1         160000.0             40000.0       22.00         0.888889            88.888889
                                    Asian      Female Not Hispanic or Latino         227    552709.251101    217113.085930        405000.0        705000.0                71.335806                19.253156                 60.0000                80.52900                 43.859756                  4.148896                      NaN                      NaN        8.242511e+05        3.732989e+05           585000.0           935000.0  178.370044   96.086266     119.00     217.50       216      11         300000.0            350000.0       98.50         0.951542            95.154185
                                    Asian        Male     Hispanic or Latino           1    525000.000000              NaN        525000.0        525000.0                51.220000                      NaN                 51.2200                51.22000                       NaN                       NaN                      NaN                      NaN        1.025000e+06                 NaN          1025000.0          1025000.0  254.000000         NaN     254.00     254.00         1       0              0.0                 0.0        0.00         1.000000           100.000000
                                    Asian        Male Not Hispanic or Latino         422    629857.819905    239104.333607        455000.0        765000.0                74.005232                18.484032                 68.5775                85.00000                 44.096552                  4.059802                      NaN                      NaN        9.247630e+05        4.690932e+05           625000.0          1152500.0  209.872038  183.145640     134.25     231.00       388      34         310000.0            527500.0       96.75         0.919431            91.943128
                Black or African American      Female     Hispanic or Latino           6    295000.000000    163951.212255        195000.0        357500.0                70.692167                27.160002                 50.4675                92.42650                 46.600000                  3.049590                      NaN                      NaN        4.733333e+05        2.621768e+05           335000.0           672500.0   79.000000   18.740331      66.50      81.25         5       1         162500.0            337500.0       14.75         0.833333            83.333333
                Black or African American      Female Not Hispanic or Latino          38    454473.684211    252296.986821        277500.0        615000.0                85.584553                16.717038                 80.0000                96.50000                 43.681818                  3.617239                      NaN                      NaN        5.807895e+05        3.038993e+05           360000.0           700000.0  156.631579   88.503908     105.75     173.25        30       8         337500.0            340000.0       67.50         0.789474            78.947368
                Black or African American        Male     Hispanic or Latino           1    315000.000000              NaN        315000.0        315000.0                51.613000                      NaN                 51.6130                51.61300                       NaN                       NaN                      NaN                      NaN        6.250000e+05                 NaN           625000.0           625000.0  200.000000         NaN     200.00     200.00         0       1              0.0                 0.0        0.00         0.000000             0.000000
                Black or African American        Male Not Hispanic or Latino          32    552812.500000    207002.171954        420000.0        657500.0                86.473562                13.706597                 80.0000                95.00000                 44.809524                  3.414953                      NaN                      NaN        6.490625e+05        2.315426e+05           502500.0           780000.0  200.718750  152.823794     117.50     214.25        29       3         237500.0            277500.0       96.75         0.906250            90.625000
Native Hawaiian or Other Pacific Islander      Female Not Hispanic or Latino           3    288333.333333    162890.556305        195000.0        345000.0                63.845667                34.643938                 48.2685                82.50000                 48.500000                  0.707107                      NaN                      NaN        5.250000e+05        2.805352e+05           380000.0           660000.0  114.000000   51.739733      85.50     136.00         3       0         150000.0            280000.0       50.50         1.000000           100.000000
Native Hawaiian or Other Pacific Islander        Male Not Hispanic or Latino           6    451666.666667    226774.484161        330000.0        627500.0                77.382833                24.947556                 59.7500                94.68750                 44.166667                  4.750439                    41.00                     48.5        5.883333e+05        2.234875e+05           402500.0           780000.0  134.500000   52.144990      92.00     170.75         6       0         297500.0            377500.0       78.75         1.000000           100.000000
                                    White      Female     Hispanic or Latino         164    431829.268293    200308.829345        305000.0        525000.0                80.454530                23.049468                 71.3385                95.00000                 44.573643                  4.009316                      NaN                      NaN        5.715854e+05        2.476526e+05           425000.0           705000.0  139.579268  115.249262      80.75     161.50       145      19         220000.0            280000.0       80.75         0.884146            88.414634
                                    White      Female Not Hispanic or Latino         353    476019.830028    244484.806539        305000.0        615000.0                71.167016                21.086899                 60.0000                85.00000                 43.870229                  4.314099                      NaN                      NaN        7.064448e+05        3.783891e+05           465000.0           855000.0  163.062323  112.312453      95.00     197.00       338      15         310000.0            390000.0      102.00         0.957507            95.750708
                                    White        Male     Hispanic or Latino         247    479412.955466    218692.436129        335000.0        600000.0                85.709320                28.927563                 80.0000                95.00000                 44.043011                  3.848240                      NaN                      NaN        6.090486e+05        3.675935e+05           415000.0           705000.0  173.809717  224.015316      93.00     183.00       223      24         265000.0            290000.0       90.00         0.902834            90.283401
                                    White        Male Not Hispanic or Latino         458    563231.441048    259423.985178        367500.0        752500.0                73.499545                20.496378                 67.6505                87.95125                 43.813665                  4.080506                      NaN                      NaN        8.336681e+05        4.838162e+05           515000.0          1020000.0  211.847162  250.721066     115.25     236.75       437      21         385000.0            505000.0      121.50         0.954148            95.414847