                             derived_race derived_sex      derived_ethnicity  total_apps  avg_loan_amount  std_loan_amount  Q1_loan_amount  Q3_loan_amount  avg_loan_to_value_ratio  std_loan_to_value_ratio  Q1_loan_to_value_ratio  Q3_loan_to_value_ratio  avg_debt_to_income_ratio  std_debt_to_income_ratio  Q1_debt_to_income_ratio  Q3_debt_to_income_ratio  avg_property_value  std_property_value  Q1_property_value  Q3_property_value  avg_income  std_income  Q1_income  Q3_income  accepted  denied  iqr_loan_amount  iqr_property_value  iqr_income  acceptance_rate  acceptance_rate_pct
                 2 or more minority races      Female     Hispanic or Latino           2    365000.000000    268700.576851        270000.0        460000.0                95.315000                 0.445477                95.15750                 95.4725                 44.000000                       NaN                      NaN                      NaN       465000.000000       169705.627485           405000.0           525000.0   84.000000   28.284271      74.00      94.00         1       1         190000.0            120000.0       20.00         0.500000            50.000000
                 2 or more minority races      Female Not Hispanic or Latino           1    255000.000000              NaN        255000.0        255000.0                80.000000                      NaN                80.00000                 80.0000                 45.000000                       NaN                     45.0                     45.0       315000.000000                 NaN           315000.0           315000.0   52.000000         NaN      52.00      52.00         1       0              0.0                 0.0        0.00         1.000000           100.000000
                 2 or more minority races        Male     Hispanic or Latino           2    555000.000000    113137.084990        515000.0        595000.0                89.995000                 0.007071                89.99250                 89.9975                 41.000000                  0.000000                     41.0                     41.0       620000.000000       134350.288425           572500.0           667500.0  133.000000   22.627417     125.00     141.00         2       0          80000.0             95000.0       16.00         1.000000           100.000000
                 2 or more minority races        Male Not Hispanic or Latino           3    505000.000000    206639.783198        395000.0        600000.0                85.433667                 5.056105                83.15050                 88.1505                 42.666667                  3.055050                     41.0                     44.0       588333.333333       220075.744537           480000.0           700000.0  124.666667   50.649120     102.00     152.00         3       0         205000.0            220000.0       50.00         1.000000           100.000000
         American Indian or Alaska Native      Female     Hispanic or Latino           4    432500.000000    155857.841210        312500.0        515000.0                82.250000                 8.958236                78.50000                 83.7500                 48.333333                  0.577350                      NaN                      NaN       517500.000000       133260.396718           410000.0           612500.0  119.000000   38.061354      96.25     145.25         4       0         202500.0            202500.0       49.00         1.000000           100.000000
         American Indian or Alaska Native      Female Not Hispanic or Latino           1    425000.000000              NaN        425000.0        425000.0                55.000000                      NaN                55.00000                 55.0000                 37.000000                       NaN                     37.0                     37.0       785000.000000                 NaN           785000.0           785000.0  132.000000         NaN     132.00     132.00         1       0              0.0                 0.0        0.00         1.000000           100.000000
         American Indian or Alaska Native        Male     Hispanic or Latino          12    367500.000000    180762.274825        247500.0        452500.0                85.177250                15.923888                79.02175                 95.5000                 44.714286                  3.545621                      NaN                      NaN       434166.666667       182679.965231           317500.0           495000.0  159.833333   93.576253     106.50     182.75         9       3         205000.0            177500.0       76.25         0.750000            75.000000
         American Indian or Alaska Native        Male Not Hispanic or Latino           1    125000.000000              NaN        125000.0        125000.0                80.000000                      NaN                80.00000                 80.0000                       NaN                       NaN                      NaN                      NaN       155000.000000                 NaN           155000.0           155000.0   97.000000         NaN      97.00      97.00         1       0              0.0                 0.0        0.00         1.000000           100.000000
                                    Asian      Female     Hispanic or Latino          10    477000.000000    199265.317270        347500.0        522500.0                74.017300                20.488497                60.19725                 89.2100                 46.500000                  2.880972                      NaN                      NaN       676000.000000       265892.626616           447500.0           847500.0  233.500000  246.694706      82.50     211.75        10       0         175000.0            400000.0      129.25         1.000000           100.000000
                                    Asian      Female Not Hispanic or Latino         244    562581.967213    221328.511779        402500.0        685000.0                73.532115                16.911906                65.00000                 85.0000                 43.886598                  4.085552                      NaN                      NaN       803360.655738       361610.163774           565000.0           957500.0  163.577869   83.715261     109.50     199.25       225      19         282500.0            392500.0       89.75         0.922131            92.213115
                                    Asian        Male     Hispanic or Latino          12    485000.000000    236451.032793        392500.0        507500.0                72.515000                22.755577                50.00000                 94.0115                 44.111111                  4.136558                      NaN                      NaN       696666.666667       316194.224930           505000.0           805000.0  139.416667   88.328373      94.00     174.25        11       1         115000.0            300000.0       80.25         0.916667            91.666667
                                    Asian        Male Not Hispanic or Latino         381    646916.010499    237889.300396        465000.0        785000.0                73.768611                16.624404                65.13100                 84.9970                 43.423611                  4.138844                      NaN                      NaN       927020.997375       401780.719954           645000.0          1175000.0  202.367454  109.847509     140.00     239.00       361      20         320000.0            530000.0       99.00         0.947507            94.750656
                Black or African American      Female     Hispanic or Latino           6    525000.000000    262906.827602        382500.0        742500.0                85.000000                19.748418                90.00000                 95.0000                 45.250000                  3.095696                      NaN                      NaN       590000.000000       228713.794949           425000.0           782500.0  189.333333  122.138719     108.00     257.00         6       0         360000.0            357500.0      149.00         1.000000           100.000000
                Black or African American      Female Not Hispanic or Latino          33    484090.909091    182489.103037        355000.0        595000.0                87.796303                14.385448                80.00000                 95.0000                 45.037037                  3.857874                      NaN                      NaN       563787.878788       196878.096416           455000.0           645000.0  145.121212   65.172251     107.00     182.00        30       3         240000.0            190000.0       75.00         0.909091            90.909091
                Black or African American        Male     Hispanic or Latino           3    421666.666667     94516.312525        385000.0        475000.0                87.603333                10.677173                81.50000                 91.4050                 47.000000                  2.828427                      NaN                      NaN       498333.333333       153079.500043           440000.0           585000.0  151.666667  106.922090      92.50     196.50         3       0          90000.0            145000.0      104.00         1.000000           100.000000
                Black or African American        Male Not Hispanic or Latino          32    532812.500000    218613.436635        410000.0        697500.0                84.646906                13.184799                80.00000                 95.0000                 43.722222                  3.738599                      NaN                      NaN       662812.500000       311642.209810           472500.0           840000.0  194.437500  121.192978     105.75     273.50        25       7         287500.0            367500.0      167.75         0.781250            78.125000
Native Hawaiian or Other Pacific Islander      Female Not Hispanic or Latino           3    528333.333333    198578.280115        415000.0        600000.0                73.309667                21.833629                62.84000                 84.6245                 46.666667                  1.527525                     46.0                     47.5       818333.333333       578129.166652           485000.0          1000000.0  170.333333   94.975435     115.50     198.00         2       1         185000.0            515000.0       82.50         0.666667            66.666667
Native Hawaiian or Other Pacific Islander        Male     Hispanic or Latino           1    855000.000000              NaN        855000.0        855000.0                95.000000                      NaN                95.00000                 95.0000                 36.000000                       NaN                     36.0                     36.0       905000.000000                 NaN           905000.0           905000.0  261.000000         NaN     261.00     261.00         1       0              0.0                 0.0        0.00         1.000000           100.000000
Native Hawaiian or Other Pacific Islander        Male Not Hispanic or Latino           7    593571.428571    168466.472572        480000.0        750000.0                79.002857                17.266154                72.50000                 92.0000                 42.400000                  4.827007                      NaN                      NaN       775000.000000       226862.660362           665000.0           915000.0  182.571429   67.564431     133.50     237.50         6       1         270000.0            250000.0      104.00         0.857143            85.714286
                                    White      Female     Hispanic or Latino         176    434318.181818    196720.515043        305000.0        527500.0                79.612727                18.897592                72.46375                 95.0000                 44.235714                  3.986688                      NaN                      NaN       588579.545455       284665.667420           425000.0           705000.0  143.409091  156.663361      82.00     156.75       161      15         222500.0            280000.0       74.75         0.914773            91.477273
                                    White      Female Not Hispanic or Latino         371    482035.040431    254064.997773        295000.0        635000.0                69.473690                21.701247                55.64400                 85.0000                 43.911538                  4.001431                      NaN                      NaN       728504.043127       406519.321518           475000.0           890000.0  167.781671  127.088002      97.50     203.00       349      22         340000.0            415000.0      105.50         0.940701            94.070081
                                    White        Male     Hispanic or Latino         268    483955.223881    196378.327281        335000.0        615000.0                83.498224                13.401532                80.00000                 95.0000                 43.974747                  3.814795                      NaN                      NaN       594477.611940       253307.165505           415000.0           717500.0  162.802239  122.628340      93.00     188.25       243      25         280000.0            302500.0       95.25         0.906716            90.671642
                                    White        Male Not Hispanic or Latino         427    548231.850117    258464.861474        345000.0        715000.0                74.341574                18.914184                66.63000                 89.4100                 43.922297                  3.730412                      NaN                      NaN       778442.622951       392470.923370           505000.0           970000.0  213.997658  203.182768     116.00     243.00       405      22         370000.0            465000.0      127.00         0.948478            94.847775