                             derived_race derived_sex      derived_ethnicity  total_apps  avg_loan_amount  std_loan_amount  Q1_loan_amount  Q3_loan_amount  avg_loan_to_value_ratio  std_loan_to_value_ratio  Q1_loan_to_value_ratio  Q3_loan_to_value_ratio  avg_debt_to_income_ratio  std_debt_to_income_ratio  Q1_debt_to_income_ratio  Q3_debt_to_income_ratio  avg_property_value  std_property_value  Q1_property_value  Q3_property_value  avg_income  std_income  Q1_income  Q3_income  accepted  denied  iqr_loan_amount  iqr_property_value  iqr_income  acceptance_rate  acceptance_rate_pct
                 2 or more minority races      Female     Hispanic or Latino           1    685000.000000              NaN        685000.0        685000.0                80.000000                      NaN                80.00000                80.00000                 40.000000                       NaN                     40.0                     40.0       855000.000000                 NaN           855000.0           855000.0  245.000000         NaN     245.00     245.00         1       0              0.0                 0.0        0.00         1.000000           100.000000
                 2 or more minority races      Female Not Hispanic or Latino           4    477500.000000    132507.861402        422500.0        570000.0                79.568250                 8.210499                76.20475                82.50000                 41.000000                  4.242641                      NaN                      NaN       617500.000000       190503.718249           590000.0           722500.0  185.500000  112.529996     139.75     211.75         4       0         147500.0            132500.0       72.00         1.000000           100.000000
                 2 or more minority races        Male     Hispanic or Latino           5    451000.000000    257449.024080        295000.0        665000.0                89.400000                 7.021396                85.00000                95.00000                 44.600000                  5.224940                     40.0                     49.0       515000.000000       300582.767304           335000.0           755000.0  110.000000   58.373795      84.00     152.00         5       0         370000.0            420000.0       68.00         1.000000           100.000000
                 2 or more minority races        Male Not Hispanic or Latino           1    195000.000000              NaN        195000.0        195000.0                97.000000                      NaN                97.00000                97.00000                 48.000000                       NaN                     48.0                     48.0       205000.000000                 NaN           205000.0           205000.0   62.000000         NaN      62.00      62.00         1       0              0.0                 0.0        0.00         1.000000           100.000000
         American Indian or Alaska Native      Female     Hispanic or Latino           6    413333.333333    265135.185644        290000.0        567500.0                82.773333                10.826831                76.25000                92.16000                 38.500000                  2.121320                      NaN                      NaN       481666.666667       264776.635424           370000.0           622500.0  148.833333   65.104275      95.25     196.00         5       1         277500.0            252500.0      100.75         0.833333            83.333333
         American Indian or Alaska Native      Female Not Hispanic or Latino           2    395000.000000    240416.305603        310000.0        480000.0                89.387000                20.346291                82.19350                96.58050                       NaN                       NaN                      NaN                      NaN       510000.000000       346482.322781           387500.0           632500.0  234.000000  182.433550     169.50     298.50         2       0         170000.0            245000.0      129.00         1.000000           100.000000
         American Indian or Alaska Native        Male     Hispanic or Latino           9    422777.777778    292650.720902        205000.0        665000.0                84.646000                33.181044                65.56500                92.19000                 42.333333                  2.081666                      NaN                      NaN       556111.111111       420697.172692           275000.0           805000.0  219.777778  180.022067      86.00     195.00         6       3         460000.0            530000.0      109.00         0.666667            66.666667
         American Indian or Alaska Native        Male Not Hispanic or Latino           1    245000.000000              NaN        245000.0        245000.0                94.454000                      NaN                94.45400                94.45400                 44.000000                       NaN                     44.0                     44.0       305000.000000                 NaN           305000.0           305000.0   59.000000         NaN      59.00      59.00         1       0              0.0                 0.0        0.00         1.000000           100.000000
                                    Asian      Female     Hispanic or Latino           4    395000.000000    287402.157264        212500.0        527500.0                55.693250                26.538435                45.88975                71.69000                 41.500000                  0.707107                      NaN                      NaN       685000.000000       301662.062580           527500.0           742500.0  154.250000   30.966380     146.00     171.25         4       0         315000.0            215000.0       25.25         1.000000           100.000000
                                    Asian      Female Not Hispanic or Latino         221    561199.095023    191301.846684        435000.0        685000.0                74.398261                16.509034                69.80300                84.00000                 43.482353                  3.919642                      NaN                      NaN       804773.755656       344893.189578           595000.0           925000.0  187.339367  142.140384     123.00     213.00       205      16         250000.0            330000.0       90.00         0.927602            92.760181
                                    Asian        Male     Hispanic or Latino          13    462692.307692    188995.319437        325000.0        645000.0                73.603231                19.606494                75.00000                80.00000                 43.750000                  4.287932                      NaN                      NaN       639615.384615       198771.870269           475000.0           775000.0  137.846154   47.314279     110.00     156.00        13       0         320000.0            300000.0       46.00         1.000000           100.000000
                                    Asian        Male Not Hispanic or Latino         403    625297.766749    238003.534131        450000.0        765000.0                73.809360                17.654306                66.58500                85.00000                 43.263538                  4.028774                      NaN                      NaN       906215.880893       463140.115637           630000.0          1105000.0  202.764268  146.081935     127.00     241.00       364      39         315000.0            475000.0      114.00         0.903226            90.322581
                Black or African American      Female     Hispanic or Latino           2    490000.000000     77781.745931        462500.0        517500.0                60.333500                16.027989                54.66675                66.00025                 47.000000                       NaN                      NaN                      NaN       860000.000000       360624.458405           732500.0           987500.0  145.500000   62.932504     123.25     167.75         2       0          55000.0            255000.0       44.50         1.000000           100.000000
                Black or African American      Female Not Hispanic or Latino          49    511734.693878    187865.064110        355000.0        635000.0                85.657306                15.130768                75.00000                97.03100                 44.743590                  3.596182                      NaN                      NaN       657040.816327       244361.238673           495000.0           725000.0  149.530612   87.678651      95.00     181.00        41       8         280000.0            230000.0       86.00         0.836735            83.673469
                Black or African American        Male     Hispanic or Latino           1    455000.000000              NaN        455000.0        455000.0                95.000000                      NaN                95.00000                95.00000                       NaN                       NaN                      NaN                      NaN       475000.000000                 NaN           475000.0           475000.0  162.000000         NaN     162.00     162.00         1       0              0.0                 0.0        0.00         1.000000           100.000000
                Black or African American        Male Not Hispanic or Latino          35    564428.571429    218927.101178        395000.0        700000.0                84.090114                15.795066                80.00000                95.00000                 43.607143                  3.735112                      NaN                      NaN       745000.000000       377374.833164           520000.0           825000.0  167.228571  103.763897     100.00     207.50        32       3         305000.0            305000.0      107.50         0.914286            91.428571
Native Hawaiian or Other Pacific Islander      Female     Hispanic or Latino           1    435000.000000              NaN        435000.0        435000.0                80.000000                      NaN                80.00000                80.00000                 45.000000                       NaN                     45.0                     45.0       545000.000000                 NaN           545000.0           545000.0  100.000000         NaN     100.00     100.00         1       0              0.0                 0.0        0.00         1.000000           100.000000
Native Hawaiian or Other Pacific Islander      Female Not Hispanic or Latino           2    380000.000000    190918.830920        312500.0        447500.0                80.000000                 0.000000                80.00000                80.00000                 44.000000                  5.656854                     42.0                     46.0       590000.000000        77781.745931           562500.0           617500.0  125.500000   98.287843      90.75     160.25         2       0         135000.0             55000.0       69.50         1.000000           100.000000
Native Hawaiian or Other Pacific Islander        Male     Hispanic or Latino           1    445000.000000              NaN        445000.0        445000.0                80.000000                      NaN                80.00000                80.00000                 38.000000                       NaN                     38.0                     38.0       565000.000000                 NaN           565000.0           565000.0  299.000000         NaN     299.00     299.00         1       0              0.0                 0.0        0.00         1.000000           100.000000
Native Hawaiian or Other Pacific Islander        Male Not Hispanic or Latino           4    457500.000000    193799.724802        380000.0        512500.0                92.937500                 5.875000                90.00000                92.93750                 42.000000                  6.557439                      NaN                      NaN       482500.000000       175949.803448           417500.0           540000.0  167.000000   45.949247     141.75     187.75         4       0         132500.0            122500.0       46.00         1.000000           100.000000
                                    White      Female     Hispanic or Latino         150    457333.333333    230460.340797        277500.0        625000.0                80.237687                18.608830                74.62500                95.00000                 44.483051                  3.910829                      NaN                      NaN       611266.666667       364725.780354           425000.0           805000.0  164.200000  187.812523      87.25     169.00       132      18         347500.0            380000.0       81.75         0.880000            88.000000
                                    White      Female Not Hispanic or Latino         347    506354.466859    239885.951952        345000.0        645000.0                70.754340                20.729751                56.95850                85.00000                 44.229787                  3.710456                      NaN                      NaN       760648.414986       378348.743865           485000.0           965000.0  175.821326  106.310252     104.00     223.00       326      21         300000.0            480000.0      119.00         0.939481            93.948127
                                    White        Male     Hispanic or Latino         247    464635.627530    204675.702309        320000.0        595000.0                83.247441                15.988721                80.00000                95.00000                 44.387640                  3.951866                      NaN                      NaN       572489.878543       248260.973727           395000.0           725000.0  147.595142  132.757918      87.00     166.50       217      30         275000.0            330000.0       79.50         0.878543            87.854251
                                    White        Male Not Hispanic or Latino         491    548564.154786    246238.074317        355000.0        705000.0                75.818519                17.990162                70.00000                90.00000                 43.730650                  4.088906                      NaN                      NaN       770274.949084       395443.016566           480000.0           965000.0  215.321792  292.062124     115.00     240.00       460      31         350000.0            485000.0      125.00         0.936864            93.686354