                             derived_race derived_sex      derived_ethnicity  total_apps  avg_loan_amount  std_loan_amount  Q1_loan_amount  Q3_loan_amount  avg_loan_to_value_ratio  std_loan_to_value_ratio  Q1_loan_to_value_ratio  Q3_loan_to_value_ratio  avg_debt_to_income_ratio  std_debt_to_income_ratio  Q1_debt_to_income_ratio  Q3_debt_to_income_ratio  avg_property_value  std_property_value  Q1_property_value  Q3_property_value  avg_income  std_income  Q1_income  Q3_income  accepted  denied  iqr_loan_amount  iqr_property_value  iqr_income  acceptance_rate  acceptance_rate_pct
                 2 or more minority races      Female Not Hispanic or Latino           4    460000.000000    119582.607431        390000.0        540000.0                67.471000                17.783836                62.90275                78.70475                 41.500000                  4.949747                      NaN                      NaN        6.900000e+05       116761.865921           687500.0           747500.0  133.500000   49.601747     101.50     168.50         4       0         150000.0             60000.0       67.00         1.000000           100.000000
                 2 or more minority races        Male     Hispanic or Latino           2    515000.000000    226274.169980        435000.0        595000.0                96.000000                 1.414214                95.50000                96.50000                 49.000000                       NaN                      NaN                      NaN        5.250000e+05       226274.169980           445000.0           605000.0  140.500000   89.802561     108.75     172.25         1       1         160000.0            160000.0       63.50         0.500000            50.000000
                 2 or more minority races        Male Not Hispanic or Latino           2    905000.000000    579827.560573        700000.0       1110000.0                86.000000                15.556349                80.50000                91.50000                 41.000000                  1.414214                    40.50                    41.50        1.135000e+06       876812.408671           825000.0          1445000.0  209.000000  111.722871     169.50     248.50         1       1         410000.0            620000.0       79.00         0.500000            50.000000
         American Indian or Alaska Native      Female     Hispanic or Latino           6    471666.666667    149755.356053        360000.0        602500.0                78.224500                15.735712                69.75000                91.24250                 46.600000                  2.073644                      NaN                      NaN        6.133333e+05       197222.378717           490000.0           682500.0  147.500000   54.496789     105.25     183.75         6       0         242500.0            192500.0       78.50         1.000000           100.000000
         American Indian or Alaska Native      Female Not Hispanic or Latino           4    422500.000000    139612.559129        375000.0        512500.0                96.473500                 5.709427                93.75000                98.78350                 46.000000                  3.605551                      NaN                      NaN        4.575000e+05       133510.299228           422500.0           535000.0  129.750000   17.727098     125.25     138.00         4       0         137500.0            112500.0       12.75         1.000000           100.000000
         American Indian or Alaska Native        Male     Hispanic or Latino          12    454166.666667    111800.010842        370000.0        525000.0                92.039833                28.248116                89.69975                95.00000                 44.888889                  3.018462                      NaN                      NaN        5.483333e+05       225684.145064           435000.0           602500.0  158.166667  117.334668     108.25     163.75        11       1         155000.0            167500.0       55.50         0.916667            91.666667
         American Indian or Alaska Native        Male Not Hispanic or Latino           5    373000.000000    207050.718424        325000.0        445000.0                77.000000                16.431677                80.00000                80.00000                 46.000000                  5.196152                      NaN                      NaN        4.650000e+05       242899.156030           345000.0           565000.0  186.400000  181.369237      84.00     156.00         5       0         120000.0            220000.0       72.00         1.000000           100.000000
                                    Asian      Female     Hispanic or Latino           7    462142.857143    252831.583319        330000.0        625000.0                65.925714                30.686881                40.29400                93.50000                 45.750000                  2.986079                      NaN                      NaN        8.150000e+05       389272.826348           645000.0          1105000.0  127.000000   59.595861      93.00     175.50         5       2         295000.0            460000.0       82.50         0.714286            71.428571
                                    Asian      Female Not Hispanic or Latino         239    555627.615063    209043.498527        405000.0        695000.0                73.127505                18.204694                63.50000                85.00000                 43.544444                  3.993461                      NaN                      NaN        7.991841e+05       318755.562809           565000.0           935000.0  176.410042   93.736082     120.00     203.00       226      13         290000.0            370000.0       83.00         0.945607            94.560669
                                    Asian        Male     Hispanic or Latino          13    543461.538462    184609.775556        455000.0        565000.0                77.997769                20.311365                69.99000                95.00000                 43.750000                  5.378831                      NaN                      NaN        7.165385e+05       219121.205190           535000.0           805000.0  137.153846   42.041341     102.00     175.00        12       1         110000.0            270000.0       73.00         0.923077            92.307692
                                    Asian        Male Not Hispanic or Latino         349    624942.693410    239378.978937        455000.0        765000.0                72.896544                17.741042                66.05200                80.00000                 43.783465                  3.925739                      NaN                      NaN        9.149140e+05       429574.426604           635000.0          1125000.0  195.555874  106.032989     128.00     231.00       320      29         310000.0            490000.0      103.00         0.916905            91.690544
                Black or African American      Female     Hispanic or Latino           3    481666.666667    282901.631903        330000.0        610000.0                74.187667                31.816264                63.78150                92.50000                 41.000000                       NaN                      NaN                      NaN        6.350000e+05       173493.515729           540000.0           710000.0  161.333333  107.969131      99.00     193.00         3       0         280000.0            170000.0       94.00         1.000000           100.000000
                Black or African American      Female Not Hispanic or Latino          34    466176.470588    204535.907878        327500.0        557500.0                82.764000                18.040151                80.00000                95.00000                 44.772727                  3.476887                      NaN                      NaN        5.850000e+05       229624.198915           402500.0           735000.0  158.617647  108.614976      95.25     162.00        33       1         230000.0            332500.0       66.75         0.970588            97.058824
                Black or African American        Male     Hispanic or Latino           3    588333.333333    381750.354726        445000.0        805000.0                87.691667                11.207596                81.53750                92.50000                 44.333333                  3.055050                    43.00                    46.00        7.050000e+05       478434.948556           545000.0           980000.0  164.333333  118.094595     109.00     226.50         1       2         360000.0            435000.0      117.50         0.333333            33.333333
                Black or African American        Male Not Hispanic or Latino          35    533000.000000    230406.290764        365000.0        730000.0                83.369029                18.909719                79.50000                97.00000                 45.333333                  3.812933                      NaN                      NaN        6.690000e+05       314803.393359           465000.0           800000.0  158.371429  110.315613      94.00     181.50        28       7         365000.0            335000.0       87.50         0.800000            80.000000
Native Hawaiian or Other Pacific Islander      Female     Hispanic or Latino           1    335000.000000              NaN        335000.0        335000.0                90.000000                      NaN                90.00000                90.00000                 49.000000                       NaN                    49.00                    49.00        3.650000e+05                 NaN           365000.0           365000.0  143.000000         NaN     143.00     143.00         1       0              0.0                 0.0        0.00         1.000000           100.000000
Native Hawaiian or Other Pacific Islander      Female Not Hispanic or Latino           2    530000.000000    388908.729653        392500.0        667500.0                70.000000                14.142136                65.00000                75.00000                 38.000000                       NaN                      NaN                      NaN        7.200000e+05       403050.865276           577500.0           862500.0  143.500000  105.358910     106.25     180.75         2       0         275000.0            285000.0       74.50         1.000000           100.000000
Native Hawaiian or Other Pacific Islander        Male Not Hispanic or Latino           2    490000.000000     77781.745931        462500.0        517500.0                85.000000                 7.071068                82.50000                87.50000                 42.500000                  6.363961                    40.25                    44.75        5.850000e+05       141421.356237           535000.0           635000.0  224.000000   50.911688     206.00     242.00         2       0          55000.0            100000.0       36.00         1.000000           100.000000
                                    White      Female     Hispanic or Latino         166    407710.843373    172241.552029        277500.0        515000.0                79.854572                19.516335                74.12750                95.00000                 44.661538                  3.848998                      NaN                      NaN        5.363253e+05       238590.665490           377500.0           655000.0  130.891566   88.304434      82.00     155.50       150      16         237500.0            277500.0       73.50         0.903614            90.361446
                                    White      Female Not Hispanic or Latino         378    484788.359788    239699.098887        305000.0        655000.0                71.536835                20.709626                59.75650                85.00000                 43.964029                  3.983558                      NaN                      NaN        7.211905e+05       427614.176621           465000.0           875000.0  155.925926  111.198247      96.00     190.75       357      21         350000.0            410000.0       94.75         0.944444            94.444444
                                    White        Male     Hispanic or Latino         267    449756.554307    200000.556165        305000.0        585000.0                83.253668                15.469713                80.00000                95.00000                 44.836066                  3.684749                      NaN                      NaN        5.676592e+05       257077.355792           400000.0           720000.0  153.917603  149.135481      86.00     177.00       240      27         280000.0            320000.0       91.00         0.898876            89.887640
                                    White        Male Not Hispanic or Latino         466    541888.412017    249262.086009        345000.0        735000.0                74.861462                17.977992                67.05325                89.29950                 43.328947                  4.090198                      NaN                      NaN        7.888412e+05       531563.779944           475000.0           962500.0  205.972103  156.460354     112.25     254.00       438      28         390000.0            487500.0      141.75         0.939914            93.991416