                             derived_race derived_sex      derived_ethnicity  total_apps  avg_loan_amount  std_loan_amount  Q1_loan_amount  Q3_loan_amount  avg_loan_to_value_ratio  std_loan_to_value_ratio  Q1_loan_to_value_ratio  Q3_loan_to_value_ratio  avg_debt_to_income_ratio  std_debt_to_income_ratio  Q1_debt_to_income_ratio  Q3_debt_to_income_ratio  avg_property_value  std_property_value  Q1_property_value  Q3_property_value  avg_income  std_income  Q1_income  Q3_income  accepted  denied  iqr_loan_amount  iqr_property_value  iqr_income  acceptance_rate  acceptance_rate_pct
                 2 or more minority races      Female     Hispanic or Latino           1    985000.000000              NaN        985000.0        985000.0                80.000000                      NaN                80.00000                80.00000                 41.000000                       NaN                    41.00                     41.0        1.225000e+06                 NaN          1225000.0          1225000.0  249.000000         NaN     249.00     249.00         1       0              0.0                 0.0        0.00         1.000000           100.000000
                 2 or more minority races      Female Not Hispanic or Latino           6    501666.666667    168602.095677        405000.0        637500.0                81.019500                22.284035                73.25000                96.87650                 44.800000                  4.147288                      NaN                      NaN        6.433333e+05       144141.134541           547500.0           742500.0  131.833333   47.122889      95.75     169.00         6       0         232500.0            195000.0       73.25         1.000000           100.000000
                 2 or more minority races        Male     Hispanic or Latino           2    305000.000000    282842.712475        205000.0        405000.0                79.663000                21.689793                71.99450                87.33150                 41.000000                  4.242641                    39.50                     42.5        4.450000e+05       480832.611207           275000.0           615000.0   68.500000   53.033009      49.75      87.25         2       0         200000.0            340000.0       37.50         1.000000           100.000000
                 2 or more minority races        Male Not Hispanic or Latino           4    527500.000000    277413.650229        352500.0        740000.0                98.000000                 2.449490                96.50000               100.00000                 46.000000                  2.645751                      NaN                      NaN        5.500000e+05       288732.863849           370000.0           760000.0  147.750000   83.794888      83.75     212.50         4       0         387500.0            390000.0      128.75         1.000000           100.000000
         American Indian or Alaska Native      Female     Hispanic or Latino           4    472500.000000    135984.067694        385000.0        552500.0                93.010000                10.904452                90.51000               100.00000                 43.750000                  4.991660                    39.75                     47.5        5.250000e+05       171464.281995           402500.0           667500.0  129.250000   46.104049     104.00     134.25         4       0         167500.0            265000.0       30.25         1.000000           100.000000
         American Indian or Alaska Native      Female Not Hispanic or Latino           2    260000.000000     91923.881554        227500.0        292500.0                96.951500                 0.068589                96.92725                96.97575                       NaN                       NaN                      NaN                      NaN        2.700000e+05        91923.881554           237500.0           302500.0   89.500000   31.819805      78.25     100.75         2       0          65000.0             65000.0       22.50         1.000000           100.000000
         American Indian or Alaska Native        Male     Hispanic or Latino           9    415000.000000    172191.753577        265000.0        565000.0                79.159444                19.296150                80.00000                95.00000                 40.714286                  4.855042                      NaN                      NaN        5.283333e+05       216390.850084           325000.0           705000.0  139.444444   45.324141     107.00     149.00         8       1         300000.0            380000.0       42.00         0.888889            88.888889
         American Indian or Alaska Native        Male Not Hispanic or Latino           5    489000.000000    226561.249997        245000.0        675000.0                82.022800                29.744379                79.99900                95.00000                 44.333333                  4.509250                      NaN                      NaN        6.350000e+05       192223.827867           635000.0           735000.0  143.600000   79.336625      72.00     216.00         4       1         430000.0            100000.0      144.00         0.800000            80.000000
                                    Asian      Female     Hispanic or Latino           3    488333.333333    185562.208796        400000.0        585000.0                82.913667                 8.629824                78.62050                87.25000                 43.666667                  3.511885                    42.00                     45.5        6.050000e+05       242693.221990           505000.0           740000.0  120.333333   42.723920     108.00     145.00         3       0         185000.0            235000.0       37.00         1.000000           100.000000
                                    Asian      Female Not Hispanic or Latino         211    558838.862559    217130.534815        410000.0        705000.0                72.411235                20.041772                61.76050                88.43950                 43.627329                  4.019981                      NaN                      NaN        8.361374e+05       388720.287575           585000.0           975000.0  189.014218  148.464473     118.50     214.50       194      17         295000.0            390000.0       96.00         0.919431            91.943128
                                    Asian        Male     Hispanic or Latino           8    598750.000000    255507.198669        445000.0        710000.0                73.736250                17.752669                62.80750                83.75000                 46.500000                  3.000000                      NaN                      NaN        8.312500e+05       374964.284013           505000.0          1050000.0  128.625000   76.667999     108.50     156.75         6       2         265000.0            545000.0       48.25         0.750000            75.000000
                                    Asian        Male Not Hispanic or Latino         367    666144.414169    254451.726804        465000.0        855000.0                74.594692                20.408748                65.37500                85.00000                 43.653285                  4.025588                      NaN                      NaN        9.479428e+05       429070.738810           645000.0          1210000.0  210.054496  138.546010     140.00     241.50       337      30         390000.0            565000.0      101.50         0.918256            91.825613
                Black or African American      Female     Hispanic or Latino           5    479000.000000    330650.873279        235000.0        655000.0                91.598000                10.015389                89.99000                98.00000                 46.400000                  2.966479                    45.00                     49.0        6.630000e+05       489918.360546           245000.0          1055000.0  161.600000  101.026234      78.00     230.00         4       1         420000.0            810000.0      152.00         0.800000            80.000000
                Black or African American      Female Not Hispanic or Latino          45    492777.777778    182680.656399        365000.0        645000.0                84.857089                15.861483                80.00000                95.00000                 43.916667                  3.805072                      NaN                      NaN        6.327778e+05       296217.740007           475000.0           765000.0  164.288889  103.221215      95.00     200.00        38       7         280000.0            290000.0      105.00         0.844444            84.444444
                Black or African American        Male     Hispanic or Latino           2    495000.000000    268700.576851        400000.0        590000.0                84.995000                 7.063997                82.49750                87.49250                       NaN                       NaN                      NaN                      NaN        5.700000e+05       261629.509039           477500.0           662500.0  127.500000   24.748737     118.75     136.25         2       0         190000.0            185000.0       17.50         1.000000           100.000000
                Black or African American        Male Not Hispanic or Latino          36    523333.333333    253157.206946        307500.0        715000.0                79.037583                21.265025                80.00000                92.66275                 42.230769                  4.254952                      NaN                      NaN        6.697222e+05       279146.516686           470000.0           845000.0  190.833333  130.558690      99.25     226.00        28       8         407500.0            375000.0      126.75         0.777778            77.777778
Native Hawaiian or Other Pacific Islander        Male Not Hispanic or Latino           3    618333.333333     90184.995056        575000.0        665000.0                88.243333                 8.511618                83.86500                92.36500                 42.000000                  6.244998                    38.50                     44.5        7.016667e+05        32145.502537           690000.0           720000.0  166.666667   30.501366     151.50     182.00         3       0          90000.0             30000.0       30.50         1.000000           100.000000
                                    White      Female     Hispanic or Latino         154    435909.090909    207623.854323        305000.0        520000.0                79.904221                19.521617                75.56700                95.00000                 45.062992                  3.800059                      NaN                      NaN        5.737662e+05       287293.723493           377500.0           692500.0  137.974026  130.102923      78.50     156.50       135      19         215000.0            315000.0       78.00         0.876623            87.662338
                                    White      Female Not Hispanic or Latino         385    462688.311688    233404.616701        295000.0        605000.0                72.233013                19.965539                60.00000                85.00000                 44.049618                  4.145974                      NaN                      NaN        6.792857e+05       364152.943241           435000.0           845000.0  163.753247  154.140135      94.00     196.00       354      31         310000.0            410000.0      102.00         0.919481            91.948052
                                    White        Male     Hispanic or Latino         281    475640.569395    194213.475124        325000.0        595000.0                84.022819                14.732012                80.00000                95.00000                 44.263682                  4.106717                      NaN                      NaN        5.914769e+05       259017.457352           405000.0           725000.0  155.807829  108.187496      93.00     173.00       264      17         270000.0            320000.0       80.00         0.939502            93.950178
                                    White        Male Not Hispanic or Latino         467    565770.877944    252030.903156        360000.0        740000.0                74.932514                22.999261                66.60350                88.04000                 43.651757                  3.977920                      NaN                      NaN        8.065846e+05       419341.470782           545000.0           960000.0  213.595289  236.950713     117.00     236.50       433      34         380000.0            415000.0      119.50         0.927195            92.719486