                             derived_race derived_sex      derived_ethnicity  total_apps  avg_loan_amount  std_loan_amount  Q1_loan_amount  Q3_loan_amount  avg_loan_to_value_ratio  std_loan_to_value_ratio  Q1_loan_to_value_ratio  Q3_loan_to_value_ratio  avg_debt_to_income_ratio  std_debt_to_income_ratio  Q1_debt_to_income_ratio  Q3_debt_to_income_ratio  avg_property_value  std_property_value  Q1_property_value  Q3_property_value  avg_income  std_income  Q1_income  Q3_income  accepted  denied  iqr_loan_amount  iqr_property_value  iqr_income  acceptance_rate  acceptance_rate_pct
                 2 or more minority races      Female Not Hispanic or Latino           2    390000.000000    176776.695297        327500.0        452500.0                76.946000                17.046930                70.91900                82.97300                 48.000000                       NaN                      NaN                      NaN       570000.000000       304055.915910           462500.0           677500.0  181.500000  132.228968     134.75     228.25         2       0         125000.0            215000.0       93.50         1.000000           100.000000
                 2 or more minority races        Male     Hispanic or Latino           1    505000.000000              NaN        505000.0        505000.0                64.326000                      NaN                64.32600                64.32600                 44.000000                       NaN                     44.0                     44.0       785000.000000                 NaN           785000.0           785000.0  106.000000         NaN     106.00     106.00         1       0              0.0                 0.0        0.00         1.000000           100.000000
         American Indian or Alaska Native      Female     Hispanic or Latino           4    365000.000000     91287.092918        322500.0        407500.0                72.456250                28.809130                67.45625                90.00000                 47.666667                  1.527525                      NaN                      NaN       565000.000000       213697.605664           415000.0           660000.0  122.000000   36.414283      95.25     148.25         3       1          85000.0            245000.0       53.00         0.750000            75.000000
         American Indian or Alaska Native      Female Not Hispanic or Latino           5    475000.000000    265988.721565        485000.0        605000.0                83.268000                11.803437                76.44000                89.90000                 44.000000                  1.414214                      NaN                      NaN       673000.000000       247325.696198           535000.0           785000.0  175.600000   84.337418     136.00     252.00         5       0         120000.0            250000.0      116.00         1.000000           100.000000
         American Indian or Alaska Native        Male     Hispanic or Latino          11    421363.636364    178900.683468        305000.0        550000.0                80.861000                20.777745                77.50000                95.00000                 44.142857                  4.220133                      NaN                      NaN       532272.727273       184720.919719           455000.0           695000.0  166.545455   99.427726     123.50     160.00         8       3         245000.0            240000.0       36.50         0.727273            72.727273
         American Indian or Alaska Native        Male Not Hispanic or Latino           4    495000.000000    287749.891399        335000.0        575000.0                85.559500                 9.551904                78.75000                93.20150                 45.333333                  1.527525                      NaN                      NaN       590000.000000       286181.760425           425000.0           705000.0  177.000000  124.950657      75.50     274.00         3       1         240000.0            280000.0      198.50         0.750000            75.000000
                                    Asian      Female     Hispanic or Latino           6    480000.000000    381247.950814        292500.0        690000.0                73.943667                24.343604                63.75000                78.75000                 45.000000                  5.656854                      NaN                      NaN       721666.666667       493626.039292           450000.0           950000.0  257.333333  257.493819      97.50     264.75         5       1         397500.0            500000.0      167.25         0.833333            83.333333
                                    Asian      Female Not Hispanic or Latino         232    564525.862069    213462.973105        415000.0        705000.0                72.535948                18.455761                63.09975                80.00000                 43.817680                  4.210426                      NaN                      NaN       834655.172414       447792.915640           575000.0           995000.0  178.741379  103.625167     116.75     209.50       214      18         290000.0            420000.0       92.75         0.922414            92.241379
                                    Asian        Male     Hispanic or Latino          11    515000.000000    165408.585025        455000.0        605000.0                78.172636                18.778027                77.50000                87.50000                 45.625000                  3.814914                      NaN                      NaN       681363.636364       156606.048879           660000.0           755000.0  219.454545  171.681312     137.00     219.00        10       1         150000.0             95000.0       82.00         0.909091            90.909091
                                    Asian        Male Not Hispanic or Latino         376    618191.489362    222850.444396        465000.0        735000.0                73.492609                16.362609                64.69400                84.86975                 43.858238                  3.926123                      NaN                      NaN       883085.106383       383186.712632           632500.0          1067500.0  198.747340  103.885463     133.75     233.25       342      34         270000.0            435000.0       99.50         0.909574            90.957447
                Black or African American      Female     Hispanic or Latino           4    435000.000000    312516.666222        215000.0        660000.0                55.824000                34.682622                31.69400                85.00000                 37.000000                       NaN                      NaN                      NaN       852500.000000       512339.405733           617500.0          1055000.0  334.000000  384.901719     128.00     414.00         4       0         445000.0            437500.0      286.00         1.000000           100.000000
                Black or African American      Female Not Hispanic or Latino          40    503250.000000    204135.293246        325000.0        635000.0                84.771850                16.963300                79.92225                95.00000                 44.800000                  3.889863                      NaN                      NaN       624500.000000       268642.837907           462500.0           745000.0  162.875000   89.092918     104.25     198.75        38       2         310000.0            282500.0       94.50         0.950000            95.000000
                Black or African American        Male     Hispanic or Latino           2    460000.000000     63639.610307        437500.0        482500.0                82.500000                 3.535534                81.25000                83.75000                       NaN                       NaN                      NaN                      NaN       550000.000000        49497.474683           532500.0           567500.0  101.500000   71.417785      76.25     126.75         1       1          45000.0             35000.0       50.50         0.500000            50.000000
                Black or African American        Male Not Hispanic or Latino          33    533181.818182    217607.079180        405000.0        655000.0                84.513939                14.557789                80.00000                95.00000                 43.857143                  3.978514                      NaN                      NaN       631666.666667       233139.800692           455000.0           755000.0  178.545455  111.302260     112.00     190.00        27       6         250000.0            300000.0       78.00         0.818182            81.818182
Native Hawaiian or Other Pacific Islander      Female Not Hispanic or Latino           3    388333.333333    327159.492195        200000.0        495000.0                86.468333                15.128839                79.82750                94.70250                 42.000000                  3.464102                     41.0                     44.0       491666.666667       323470.761172           310000.0           620000.0  111.333333   56.959050      81.00     137.50         3       0         295000.0            310000.0       56.50         1.000000           100.000000
Native Hawaiian or Other Pacific Islander        Male     Hispanic or Latino           1    415000.000000              NaN        415000.0        415000.0                80.000000                      NaN                80.00000                80.00000                       NaN                       NaN                      NaN                      NaN       515000.000000                 NaN           515000.0           515000.0  139.000000         NaN     139.00     139.00         1       0              0.0                 0.0        0.00         1.000000           100.000000
Native Hawaiian or Other Pacific Islander        Male Not Hispanic or Latino           2    580000.000000    190918.830920        512500.0        647500.0                87.346000                10.388813                83.67300                91.01900                 46.000000                       NaN                      NaN                      NaN       685000.000000       296984.848098           580000.0           790000.0  129.000000   66.468037     105.50     152.50         1       1         135000.0            210000.0       47.00         0.500000            50.000000
                                    White      Female     Hispanic or Latino         142    448802.816901    188095.088350        317500.0        560000.0                81.673352                17.067280                79.94325                95.00000                 44.747748                  3.897478                      NaN                      NaN       582746.478873       271965.252177           415000.0           692500.0  128.577465   62.711014      81.25     153.75       130      12         242500.0            277500.0       72.50         0.915493            91.549296
                                    White      Female Not Hispanic or Latino         354    475423.728814    254070.747217        305000.0        605000.0                69.616364                21.011850                56.10825                82.59000                 43.636735                  4.207073                      NaN                      NaN       725819.209040       397882.719454           465000.0           890000.0  159.742938   97.713920      96.00     192.25       334      20         300000.0            425000.0       96.25         0.943503            94.350282
                                    White        Male     Hispanic or Latino         286    460000.000000    198751.806789        315000.0        595000.0                81.263706                16.023967                76.34025                95.00000                 44.093596                  3.705242                      NaN                      NaN       591538.461538       280079.393988           395000.0           715000.0  168.391608  208.640311      92.00     176.00       258      28         280000.0            320000.0       84.00         0.902098            90.209790
                                    White        Male Not Hispanic or Latino         481    541735.966736    248393.905369        365000.0        705000.0                74.568256                18.662686                66.00000                89.99000                 43.762500                  4.010937                      NaN                      NaN       779074.844075       420163.195739           505000.0           965000.0  207.444906  188.197385     115.00     236.00       449      32         340000.0            460000.0      121.00         0.933472            93.347193