                             derived_race derived_sex      derived_ethnicity  total_apps  avg_loan_amount  std_loan_amount  Q1_loan_amount  Q3_loan_amount  avg_loan_to_value_ratio  std_loan_to_value_ratio  Q1_loan_to_value_ratio  Q3_loan_to_value_ratio  avg_debt_to_income_ratio  std_debt_to_income_ratio  Q1_debt_to_income_ratio  Q3_debt_to_income_ratio  avg_property_value  std_property_value  Q1_property_value  Q3_property_value  avg_income  std_income  Q1_income  Q3_income  accepted  denied  iqr_loan_amount  iqr_property_value  iqr_income  acceptance_rate  acceptance_rate_pct
                 2 or more minority races      Female Not Hispanic or Latino           5    407000.000000    103537.432844        315000.0        505000.0                80.722200                23.372566                80.00000                 97.0000                 44.500000                  2.886751                      NaN                      NaN        5.350000e+05        1.500000e+05           405000.0           615000.0  126.400000   59.353180      76.00     152.00         5       0         190000.0            210000.0       76.00         1.000000           100.000000
                 2 or more minority races        Male     Hispanic or Latino           2    515000.000000    212132.034356        440000.0        590000.0                80.000000                 0.000000                80.00000                 80.0000                 49.000000                       NaN                      NaN                      NaN        6.450000e+05        2.687006e+05           550000.0           740000.0  187.500000   10.606602     183.75     191.25         2       0         150000.0            190000.0        7.50         1.000000           100.000000
                 2 or more minority races        Male Not Hispanic or Latino           2    835000.000000    254558.441227        745000.0        925000.0                82.500000                 3.535534                81.25000                 83.7500                       NaN                       NaN                      NaN                      NaN        1.005000e+06        2.687006e+05           910000.0          1100000.0  795.000000  268.700577     700.00     890.00         2       0         180000.0            190000.0      190.00         1.000000           100.000000
         American Indian or Alaska Native      Female     Hispanic or Latino           4    792500.000000    491824.833316        470000.0        927500.0                82.500000                16.583124                75.00000                 95.0000                 47.666667                  0.577350                      NaN                      NaN        1.087500e+06        9.530084e+05           565000.0          1207500.0  147.500000   37.063009     131.00     166.00         3       1         457500.0            642500.0       35.00         0.750000            75.000000
         American Indian or Alaska Native      Female Not Hispanic or Latino           5    467000.000000    271145.717281        365000.0        605000.0                72.183000                37.637396                63.88000                 95.0000                 43.500000                  4.654747                      NaN                      NaN        6.570000e+05        3.460058e+05           415000.0           755000.0  146.600000   90.121030     108.00     225.00         4       1         240000.0            340000.0      117.00         0.800000            80.000000
         American Indian or Alaska Native        Male     Hispanic or Latino           9    366111.111111    164502.617338        205000.0        485000.0                71.017778                23.959318                66.00000                 80.0000                 44.833333                  2.857738                      NaN                      NaN        5.138889e+05        1.391442e+05           485000.0           565000.0  156.222222   74.663876     112.00     174.00         7       2         280000.0             80000.0       62.00         0.777778            77.777778
         American Indian or Alaska Native        Male Not Hispanic or Latino           5    401000.000000    214079.424513        325000.0        455000.0                79.056600                25.519707                80.00000                 95.0000                 46.000000                  4.242641                      NaN                      NaN        9.930000e+05        1.168876e+06           405000.0           995000.0  303.800000  267.232483     120.00     506.00         4       1         130000.0            590000.0      386.00         0.800000            80.000000
                                    Asian      Female     Hispanic or Latino           8    511250.000000    265918.220511        345000.0        577500.0                68.615750                23.971246                66.43475                 80.0000                 44.400000                  3.847077                      NaN                      NaN        7.900000e+05        3.502652e+05           515000.0           957500.0  147.250000   68.472622     108.50     171.00         8       0         232500.0            442500.0       62.50         1.000000           100.000000
                                    Asian      Female Not Hispanic or Latino         243    540884.773663    218479.766010        400000.0        675000.0                71.936790                17.889979                61.89050                 80.0000                 43.906433                  4.036964                      NaN                      NaN        7.958642e+05        3.457040e+05           555000.0           980000.0  178.736626  163.301971     111.00     197.00       229      14         275000.0            425000.0       86.00         0.942387            94.238683
                                    Asian        Male     Hispanic or Latino          14    518571.428571    186077.202458        425000.0        592500.0                78.953786                20.518925                80.00000                 89.9975                 44.692308                  4.210792                      NaN                      NaN        7.314286e+05        3.572245e+05           517500.0           727500.0  144.428571   51.892958     103.25     152.75        14       0         167500.0            210000.0       49.50         1.000000           100.000000
                                    Asian        Male Not Hispanic or Latino         370    631378.378378    227610.106337        455000.0        762500.0                74.218814                16.280647                67.12450                 85.0000                 43.534351                  4.226894                      NaN                      NaN        8.978108e+05        4.069987e+05           635000.0          1072500.0  228.859459  396.603543     134.00     235.25       347      23         307500.0            437500.0      101.25         0.937838            93.783784
                Black or African American      Female     Hispanic or Latino           6    591666.666667    124846.572507        520000.0        645000.0                91.681667                12.822063                94.99100                 96.5000                 44.800000                  3.492850                      NaN                      NaN        7.500000e+05        2.382226e+05           602500.0           807500.0  158.333333   42.561328     134.25     162.50         6       0         125000.0            205000.0       28.25         1.000000           100.000000
                Black or African American      Female Not Hispanic or Latino          27    525740.740741    254542.212397        360000.0        685000.0                80.801259                18.991631                74.72200                 95.0000                 44.333333                  3.890159                      NaN                      NaN        6.998148e+05        2.822624e+05           530000.0           880000.0  176.925926  102.526141     116.00     186.00        24       3         325000.0            350000.0       70.00         0.888889            88.888889
                Black or African American        Male     Hispanic or Latino           4    587500.000000    123928.742967        485000.0        667500.0                86.250000                 7.500000                80.00000                 91.2500                 47.666667                  1.154701                      NaN                      NaN        6.775000e+05        1.284199e+05           587500.0           775000.0  192.500000   85.531671     131.50     246.00         3       1         182500.0            187500.0      114.50         0.750000            75.000000
                Black or African American        Male Not Hispanic or Latino          38    498421.052632    203380.568789        357500.0        622500.0                84.874211                16.140537                80.00000                 95.0000                 45.222222                  3.619746                      NaN                      NaN        6.344737e+05        2.195443e+05           480000.0           780000.0  164.236842   94.017949      95.50     195.25        32       6         265000.0            300000.0       99.75         0.842105            84.210526
Native Hawaiian or Other Pacific Islander        Male     Hispanic or Latino           2    755000.000000    268700.576851        660000.0        850000.0                93.500000                 4.949747                91.75000                 95.2500                 48.500000                  0.707107                    48.25                    48.75        8.150000e+05        3.394113e+05           695000.0           935000.0  182.500000   89.802561     150.75     214.25         2       0         190000.0            240000.0       63.50         1.000000           100.000000
Native Hawaiian or Other Pacific Islander        Male Not Hispanic or Latino           4    490000.000000     63508.529611        435000.0        545000.0                90.500000                 7.593857                87.50000                 95.5000                 46.500000                  0.707107                      NaN                      NaN        5.475000e+05        9.912114e+04           477500.0           600000.0  139.500000   46.658333     104.00     174.50         3       1         110000.0            122500.0       70.50         0.750000            75.000000
                                    White      Female     Hispanic or Latino         177    436412.429379    198962.463520        305000.0        565000.0                80.611353                17.181765                77.93800                 95.0000                 44.014706                  3.973962                      NaN                      NaN        5.570339e+05        2.317580e+05           405000.0           695000.0  130.248588   79.450852      81.00     156.00       160      17         260000.0            290000.0       75.00         0.903955            90.395480
                                    White      Female Not Hispanic or Latino         359    454916.434540    234185.248100        285000.0        575000.0                70.896668                21.997443                57.98600                 87.2230                 43.669388                  4.403901                      NaN                      NaN        6.797911e+05        3.361969e+05           445000.0           830000.0  157.089136   96.364838      91.50     190.00       335      24         290000.0            385000.0       98.50         0.933148            93.314763
                                    White        Male     Hispanic or Latino         268    476977.611940    184302.022376        355000.0        585000.0                83.148205                14.649697                79.75550                 95.0000                 44.687831                  3.830575                      NaN                      NaN        5.947761e+05        2.506425e+05           415000.0           745000.0  174.395522  238.316191      96.75     182.25       242      26         230000.0            330000.0       85.50         0.902985            90.298507
                                    White        Male Not Hispanic or Latino         448    561272.321429    253288.328056        365000.0        725000.0                75.194397                18.947751                68.26525                 90.0000                 44.067114                  3.817670                      NaN                      NaN        7.912723e+05        4.286075e+05           515000.0           975000.0  242.037946  631.882059     116.00     240.25       426      22         360000.0            460000.0      124.25         0.950893            95.089286