                             derived_race derived_sex      derived_ethnicity  total_apps  avg_loan_amount  std_loan_amount  Q1_loan_amount  Q3_loan_amount  avg_loan_to_value_ratio  std_loan_to_value_ratio  Q1_loan_to_value_ratio  Q3_loan_to_value_ratio  avg_debt_to_income_ratio  std_debt_to_income_ratio  Q1_debt_to_income_ratio  Q3_debt_to_income_ratio  avg_property_value  std_property_value  Q1_property_value  Q3_property_value  avg_income  std_income  Q1_income  Q3_income  accepted  denied  iqr_loan_amount  iqr_property_value  iqr_income  acceptance_rate  acceptance_rate_pct
                 2 or more minority races      Female     Hispanic or Latino           1    305000.000000              NaN        305000.0        305000.0                80.000000                      NaN                80.00000                80.00000                 46.000000                       NaN                    46.00                    46.00        3.850000e+05                 NaN           385000.0           385000.0   86.000000         NaN      86.00      86.00         0       1              0.0                 0.0        0.00         0.000000             0.000000
                 2 or more minority races      Female Not Hispanic or Latino           2    755000.000000    395979.797464        615000.0        895000.0                80.600000                 0.848528                80.30000                80.90000                 42.000000                       NaN                      NaN                      NaN        1.240000e+06        77781.745931          1212500.0          1267500.0  369.500000  174.655375     307.75     431.25         1       1         280000.0             55000.0      123.50         0.500000            50.000000
                 2 or more minority races        Male     Hispanic or Latino           2    610000.000000    205060.966544        537500.0        682500.0                89.543500                 6.425479                87.27175                91.81525                 45.500000                  2.121320                    44.75                    46.25        6.750000e+05       183847.763109           610000.0           740000.0  139.500000   51.618795     121.25     157.75         2       0         145000.0            130000.0       36.50         1.000000           100.000000
                 2 or more minority races        Male Not Hispanic or Latino           4    430000.000000    184300.479290        310000.0        535000.0                68.441750                24.470783                50.69175                84.25000                 40.000000                       NaN                      NaN                      NaN        6.250000e+05       137113.092008           530000.0           680000.0  344.500000  428.475203     119.50     377.50         4       0         225000.0            150000.0      258.00         1.000000           100.000000
         American Indian or Alaska Native      Female     Hispanic or Latino           4    265000.000000    205101.600839        165000.0        370000.0               166.047750               194.140661                68.41150               185.63625                 44.666667                  3.055050                      NaN                      NaN        3.975000e+05       271830.216618           307500.0           560000.0  584.000000  925.549566     115.00     602.50         3       1         205000.0            252500.0      487.50         0.750000            75.000000
         American Indian or Alaska Native      Female Not Hispanic or Latino           7    386428.571429    289449.395199        210000.0        570000.0                77.894286                11.759240                72.24500                83.44500                 43.666667                  5.715476                      NaN                      NaN        5.421429e+05       452095.649382           295000.0           665000.0  116.000000   66.022723      68.00     154.00         6       1         360000.0            370000.0       86.00         0.857143            85.714286
         American Indian or Alaska Native        Male     Hispanic or Latino           7    519285.714286    271468.668717        365000.0        570000.0                71.671143                21.021557                68.35500                80.00000                 42.750000                  4.991660                      NaN                      NaN        7.435714e+05       331985.369729           530000.0           855000.0  159.428571   57.233024     137.50     189.50         6       1         205000.0            325000.0       52.00         0.857143            85.714286
         American Indian or Alaska Native        Male Not Hispanic or Latino           4    400000.000000    173108.828968        275000.0        490000.0                83.613500                 7.227000                80.00000                83.61350                 42.000000                  2.828427                      NaN                      NaN        5.000000e+05       215174.347914           342500.0           617500.0  129.750000   76.774019      97.25     143.00         4       0         215000.0            275000.0       45.75         1.000000           100.000000
                                    Asian      Female     Hispanic or Latino           6    466666.666667     93041.209508        400000.0        540000.0                81.267333                14.432608                71.75000                92.92500                 44.000000                  4.335897                    42.00                    46.50        6.000000e+05       196545.160205           525000.0           587500.0  142.333333   55.055124      95.75     181.50         6       0         140000.0             62500.0       85.75         1.000000           100.000000
                                    Asian      Female Not Hispanic or Latino         231    568766.233766    236990.399518        400000.0        705000.0                71.328303                19.431205                60.00000                83.14000                 43.777070                  3.931462                      NaN                      NaN        8.533983e+05       499255.564770           585000.0          1000000.0  191.012987  178.024827     111.00     232.50       211      20         305000.0            415000.0      121.50         0.913420            91.341991
                                    Asian        Male     Hispanic or Latino          18    532222.222222    272931.914707        357500.0        747500.0                75.512500                20.994213                78.87100                87.46850                 44.000000                  4.979960                      NaN                      NaN        7.538889e+05       367661.751340           472500.0           995000.0  186.055556   92.650178     120.25     251.25        18       0         390000.0            522500.0      131.00         1.000000           100.000000
                                    Asian        Male Not Hispanic or Latino         380    627631.578947    231563.279822        455000.0        765000.0                74.572589                16.211192                67.82350                84.02950                 43.399267                  4.184829                      NaN                      NaN        8.784737e+05       348719.537635           615000.0          1097500.0  204.189474  151.384345     131.75     235.00       354      26         310000.0            482500.0      103.25         0.931579            93.157895
                Black or African American      Female     Hispanic or Latino           2    320000.000000    134350.288425        272500.0        367500.0                66.281500                40.614092                51.92225                80.64075                 48.000000                       NaN                      NaN                      NaN        5.150000e+05       113137.084990           475000.0           555000.0   92.000000    8.485281      89.00      95.00         2       0          95000.0             80000.0        6.00         1.000000           100.000000
                Black or African American      Female Not Hispanic or Latino          47    468191.489362    190515.392314        365000.0        545000.0                81.480043                15.029333                74.67200                95.00000                 45.214286                  3.941869                      NaN                      NaN        5.932979e+05       203921.544472           450000.0           710000.0  135.765957   55.872219      95.00     175.00        44       3         180000.0            260000.0       80.00         0.936170            93.617021
                Black or African American        Male     Hispanic or Latino           3    475000.000000     17320.508076        470000.0        485000.0                79.333333                 4.041452                77.50000                81.50000                 45.333333                  1.527525                    44.50                    46.00        6.016667e+05        45092.497528           580000.0           625000.0  125.333333   13.650397     118.00     131.50         3       0          15000.0             45000.0       13.50         1.000000           100.000000
                Black or African American        Male Not Hispanic or Latino          35    509857.142857    179433.281531        380000.0        590000.0                82.966943                13.360683                78.27200                94.48500                 45.037037                  3.610684                      NaN                      NaN        6.770000e+05       367805.895100           535000.0           730000.0  163.171429   98.597066     101.50     200.00        29       6         210000.0            195000.0       98.50         0.828571            82.857143
Native Hawaiian or Other Pacific Islander      Female Not Hispanic or Latino           4    445000.000000    218326.971918        262500.0        602500.0                56.827250                18.023417                46.82750                64.99975                       NaN                       NaN                      NaN                      NaN        7.900000e+05       294674.962176           652500.0           927500.0  217.250000  136.787853     121.50     313.25         4       0         340000.0            275000.0      191.75         1.000000           100.000000
Native Hawaiian or Other Pacific Islander        Male     Hispanic or Latino           2    520000.000000      7071.067812        517500.0        522500.0                86.711000                11.665848                82.58650                90.83550                 46.500000                  3.535534                    45.25                    47.75        6.050000e+05        70710.678119           580000.0           630000.0  117.500000    4.949747     115.75     119.25         2       0           5000.0             50000.0        3.50         1.000000           100.000000
Native Hawaiian or Other Pacific Islander        Male Not Hispanic or Latino           4    510000.000000    125830.573921        490000.0        575000.0                88.000000                 9.273618                80.00000                95.50000                 45.000000                  6.082763                      NaN                      NaN        5.900000e+05       183757.086031           522500.0           702500.0  159.500000   82.058922     110.25     203.75         4       0          85000.0            180000.0       93.50         1.000000           100.000000
                                    White      Female     Hispanic or Latino         143    415419.580420    189420.443465        275000.0        500000.0                80.927112                18.698188                79.02500                95.00000                 44.878261                  3.739659                      NaN                      NaN        5.545804e+05       267668.267798           375000.0           690000.0  120.650350   68.005205      72.50     147.50       128      15         225000.0            315000.0       75.00         0.895105            89.510490
                                    White      Female Not Hispanic or Latino         378    488756.613757    250520.231178        305000.0        635000.0                72.650376                19.160508                61.03975                85.00000                 43.955224                  4.158590                      NaN                      NaN        7.039683e+05       372118.808282           455000.0           865000.0  171.626984  132.014592      99.00     205.00       356      22         330000.0            410000.0      106.00         0.941799            94.179894
                                    White        Male     Hispanic or Latino         263    473212.927757    206688.356291        325000.0        605000.0                81.794186                15.130604                78.74900                95.00000                 43.979381                  3.934646                      NaN                      NaN        6.096768e+05       293470.595745           395000.0           745000.0  158.319392  121.970200      94.00     185.00       236      27         280000.0            350000.0       91.00         0.897338            89.733840
                                    White        Male Not Hispanic or Latino         453    548156.732892    242252.454950        385000.0        695000.0                73.538137                18.886460                65.00000                85.00000                 43.522648                  4.254000                      NaN                      NaN        8.128146e+05       548838.146153           535000.0           975000.0  216.918322  245.679877     117.00     247.00       421      32         310000.0            440000.0      130.00         0.929360            92.935982