                             derived_race derived_sex      derived_ethnicity  total_apps  avg_loan_amount  std_loan_amount  Q1_loan_amount  Q3_loan_amount  avg_loan_to_value_ratio  std_loan_to_value_ratio  Q1_loan_to_value_ratio  Q3_loan_to_value_ratio  avg_debt_to_income_ratio  std_debt_to_income_ratio  Q1_debt_to_income_ratio  Q3_debt_to_income_ratio  avg_property_value  std_property_value  Q1_property_value  Q3_property_value  avg_income  std_income  Q1_income  Q3_income  accepted  denied  iqr_loan_amount  iqr_property_value  iqr_income  acceptance_rate  acceptance_rate_pct
                 2 or more minority races      Female     Hispanic or Latino           1    635000.000000              NaN        635000.0        635000.0                80.000000                      NaN                80.00000                80.00000                 49.000000                       NaN                    49.00                    49.00       785000.000000                 NaN           785000.0           785000.0  136.000000         NaN     136.00     136.00         1       0              0.0                 0.0        0.00         1.000000           100.000000
                 2 or more minority races      Female Not Hispanic or Latino           3    558333.333333    241729.876791        430000.0        670000.0                75.000000                 5.000000                72.50000                77.50000                 44.000000                       NaN                      NaN                      NaN       751666.666667       335012.437580           585000.0           920000.0  104.000000   70.547856      63.50     128.00         2       1         240000.0            335000.0       64.50         0.666667            66.666667
                 2 or more minority races        Male Not Hispanic or Latino           1    395000.000000              NaN        395000.0        395000.0                97.000000                      NaN                97.00000                97.00000                 40.000000                       NaN                    40.00                    40.00       415000.000000                 NaN           415000.0           415000.0  106.000000         NaN     106.00     106.00         1       0              0.0                 0.0        0.00         1.000000           100.000000
         American Indian or Alaska Native      Female     Hispanic or Latino          10    511000.000000    177963.791573        387500.0        630000.0                85.037600                11.597016                74.58250                95.00000                 42.875000                  4.454131                      NaN                      NaN       603000.000000       216425.506815           420000.0           737500.0  167.900000   58.416988     121.25     174.50        10       0         242500.0            317500.0       53.25         1.000000           100.000000
         American Indian or Alaska Native      Female Not Hispanic or Latino           2    790000.000000    233345.237792        707500.0        872500.0                80.000000                 0.000000                80.00000                80.00000                 39.500000                  4.949747                    37.75                    41.25       990000.000000       289913.780286           887500.0          1092500.0  228.000000   60.811183     206.50     249.50         2       0         165000.0            205000.0       43.00         1.000000           100.000000
         American Indian or Alaska Native        Male     Hispanic or Latino           8    416250.000000    196718.617029        252500.0        590000.0                77.995500                27.115719                73.66250                95.37025                 45.600000                  3.130495                      NaN                      NaN       526250.000000       142972.275035           462500.0           625000.0  116.125000   41.783242      82.50     145.50         4       4         337500.0            162500.0       63.00         0.500000            50.000000
         American Indian or Alaska Native        Male Not Hispanic or Latino           1    905000.000000              NaN        905000.0        905000.0                92.784000                      NaN                92.78400                92.78400                 45.000000                       NaN                    45.00                    45.00       975000.000000                 NaN           975000.0           975000.0  304.000000         NaN     304.00     304.00         0       1              0.0                 0.0        0.00         0.000000             0.000000
                                    Asian      Female     Hispanic or Latino          11    430454.545455    127856.453600        335000.0        540000.0                83.096000                13.749239                77.50000                94.20000                 44.333333                  3.570714                      NaN                      NaN       553181.818182       236424.118136           380000.0           650000.0  206.363636  309.693162      86.00     142.00        11       0         205000.0            270000.0       56.00         1.000000           100.000000
                                    Asian      Female Not Hispanic or Latino         226    558672.566372    221030.432997        415000.0        672500.0                71.342198                19.798821                58.75625                83.12875                 44.614458                  3.695472                      NaN                      NaN       841902.654867       386558.788735           595000.0           972500.0  179.438053  125.820960     117.25     202.00       205      21         257500.0            377500.0       84.75         0.907080            90.707965
                                    Asian        Male     Hispanic or Latino           9    609444.444444    281563.097329        435000.0        765000.0                75.429778                16.661513                70.00000                85.00000                 42.857143                  3.976119                      NaN                      NaN       811666.666667       354682.957019           585000.0           875000.0  126.888889   48.616984      97.00     147.00         8       1         330000.0            290000.0       50.00         0.888889            88.888889
                                    Asian        Male Not Hispanic or Latino         371    630067.385445    244621.457785        455000.0        785000.0                72.133512                17.297491                63.76500                80.00000                 43.745020                  4.155806                      NaN                      NaN       909312.668464       388242.400355           645000.0          1135000.0  202.530997  113.272983     132.50     249.00       343      28         330000.0            490000.0      116.50         0.924528            92.452830
                Black or African American      Female     Hispanic or Latino           2    570000.000000     63639.610307        547500.0        592500.0                86.500000                16.263456                80.75000                92.25000                 43.000000                  5.656854                    41.00                    45.00       940000.000000       162634.559673           882500.0           997500.0  179.000000   57.982756     158.50     199.50         2       0          45000.0            115000.0       41.00         1.000000           100.000000
                Black or African American      Female Not Hispanic or Latino          52    500192.307692    206459.324054        377500.0        637500.0                87.011808                18.129066                85.00000                95.50000                 43.813953                  4.599461                      NaN                      NaN       628653.846154       247735.064417           467500.0           737500.0  172.288462  103.246770      96.25     208.50        48       4         260000.0            270000.0      112.25         0.923077            92.307692
                Black or African American        Male     Hispanic or Latino           7    580714.285714    158519.940161        485000.0        650000.0                83.116857                 8.823468                75.90900                90.00000                 44.142857                  4.336995                    41.00                    48.00       715000.000000       237627.158942           555000.0           830000.0  159.000000   40.278199     142.00     183.50         7       0         165000.0            275000.0       41.50         1.000000           100.000000
                Black or African American        Male Not Hispanic or Latino          26    509230.769231    227194.596360        350000.0        640000.0                79.997762                19.578841                75.17950                94.37500                 43.866667                  4.273952                      NaN                      NaN       676538.461538       285414.678077           470000.0           782500.0  162.461538   75.726471     103.50     197.25        20       6         290000.0            312500.0       93.75         0.769231            76.923077
Native Hawaiian or Other Pacific Islander      Female     Hispanic or Latino           1    495000.000000              NaN        495000.0        495000.0                80.000000                      NaN                80.00000                80.00000                 47.000000                       NaN                    47.00                    47.00       615000.000000                 NaN           615000.0           615000.0  131.000000         NaN     131.00     131.00         1       0              0.0                 0.0        0.00         1.000000           100.000000
Native Hawaiian or Other Pacific Islander      Female Not Hispanic or Latino           1    805000.000000              NaN        805000.0        805000.0                95.000000                      NaN                95.00000                95.00000                 42.000000                       NaN                    42.00                    42.00       855000.000000                 NaN           855000.0           855000.0  191.000000         NaN     191.00     191.00         1       0              0.0                 0.0        0.00         1.000000           100.000000
Native Hawaiian or Other Pacific Islander        Male Not Hispanic or Latino           4    377500.000000    122031.416720        340000.0        447500.0                75.988000                16.171598                73.25000                82.73800                 45.250000                  2.629956                    43.00                    47.25       492500.000000       106262.254195           415000.0           562500.0   94.000000   23.579652      80.50      97.50         4       0         107500.0            147500.0       17.00         1.000000           100.000000
                                    White      Female     Hispanic or Latino         154    431493.506494    190662.870069        285000.0        542500.0                78.109877                18.686764                70.07250                95.00000                 44.355372                  4.177039                      NaN                      NaN       580909.090909       246742.472815           415000.0           702500.0  130.266234   76.022274      82.00     165.75       136      18         257500.0            287500.0       83.75         0.883117            88.311688
                                    White      Female Not Hispanic or Latino         349    487636.103152    255549.749892        305000.0        625000.0                70.687445                20.410882                56.98900                85.00000                 44.220000                  3.959078                      NaN                      NaN       726547.277937       374869.956263           465000.0           875000.0  173.997135  185.971208      96.00     200.00       330      19         320000.0            410000.0      104.00         0.945559            94.555874
                                    White        Male     Hispanic or Latino         286    474510.489510    204473.920342        335000.0        615000.0                81.734720                17.532962                80.00000                95.00000                 44.525581                  3.843680                      NaN                      NaN       609440.559441       279091.637403           415000.0           755000.0  148.832168   87.367462      93.00     180.00       257      29         280000.0            340000.0       87.00         0.898601            89.860140
                                    White        Male Not Hispanic or Latino         475    561926.315789    259161.714258        355000.0        750000.0                73.971143                18.587226                64.81000                85.00000                 43.746082                  4.024466                      NaN                      NaN       806705.263158       424400.094690           505000.0          1005000.0  218.368421  271.654590     121.00     250.50       450      25         395000.0            500000.0      129.50         0.947368            94.736842