                             derived_race derived_sex      derived_ethnicity  total_apps  avg_loan_amount  std_loan_amount  Q1_loan_amount  Q3_loan_amount  avg_loan_to_value_ratio  std_loan_to_value_ratio  Q1_loan_to_value_ratio  Q3_loan_to_value_ratio  avg_debt_to_income_ratio  std_debt_to_income_ratio  Q1_debt_to_income_ratio  Q3_debt_to_income_ratio  avg_property_value  std_property_value  Q1_property_value  Q3_property_value  avg_income  std_income  Q1_income  Q3_income  accepted  denied  iqr_loan_amount  iqr_property_value  iqr_income  acceptance_rate  acceptance_rate_pct
                 2 or more minority races      Female Not Hispanic or Latino           6    520000.000000    301313.789927        360000.0        517500.0                81.333333                10.186592                73.62500                88.62500                 43.600000                  4.722288                      NaN                      NaN       680000.000000       443113.980822           432500.0           717500.0  130.500000   72.706946      78.50     168.50         5       1         157500.0            285000.0       90.00         0.833333            83.333333
                 2 or more minority races        Male     Hispanic or Latino           1    445000.000000              NaN        445000.0        445000.0                89.962000                      NaN                89.96200                89.96200                       NaN                       NaN                      NaN                      NaN       495000.000000                 NaN           495000.0           495000.0  157.000000         NaN     157.00     157.00         1       0              0.0                 0.0        0.00         1.000000           100.000000
                 2 or more minority races        Male Not Hispanic or Latino           1    535000.000000              NaN        535000.0        535000.0                67.000000                      NaN                67.00000                67.00000                 42.000000                       NaN                     42.0                     42.0       805000.000000                 NaN           805000.0           805000.0  125.000000         NaN     125.00     125.00         1       0              0.0                 0.0        0.00         1.000000           100.000000
         American Indian or Alaska Native      Female     Hispanic or Latino           3    231666.666667     92915.732432        180000.0        270000.0                51.384667                14.714615                43.07700                57.07700                 42.500000                  0.707107                      NaN                      NaN       445000.000000       104403.065089           410000.0           505000.0  105.666667   73.077584      63.50     128.00         3       0          90000.0             95000.0       64.50         1.000000           100.000000
         American Indian or Alaska Native      Female Not Hispanic or Latino           4    525000.000000    123558.353286        450000.0        555000.0                81.747500                11.648248                76.74750                87.50000                 46.500000                  2.121320                      NaN                      NaN       667500.000000       260048.072479           517500.0           730000.0  273.000000  169.223718     182.25     304.25         4       0         105000.0            212500.0      122.00         1.000000           100.000000
         American Indian or Alaska Native        Male     Hispanic or Latino          15    455666.666667    174416.032465        350000.0        530000.0                79.504400                16.565042                80.00000                90.69050                 46.000000                  2.828427                      NaN                      NaN       595000.000000       251140.256772           410000.0           775000.0  157.933333   69.216500      95.00     213.00        15       0         180000.0            365000.0      118.00         1.000000           100.000000
         American Indian or Alaska Native        Male Not Hispanic or Latino           6    496666.666667    301490.740599        430000.0        550000.0                84.041667                15.829484                80.00000                93.75000                 42.500000                  1.732051                      NaN                      NaN       725000.000000       514042.799774           472500.0           632500.0  155.333333  103.393746     112.50     180.75         6       0         120000.0            160000.0       68.25         1.000000           100.000000
                                    Asian      Female     Hispanic or Latino           3    418333.333333     68068.592856        380000.0        445000.0                82.785667                 6.301573                79.17850                85.00000                 46.666667                  4.041452                     45.5                     49.0       498333.333333        45092.497528           475000.0           520000.0   85.333333   20.984121      73.50      93.50         3       0          65000.0             45000.0       20.00         1.000000           100.000000
                                    Asian      Female Not Hispanic or Latino         236    537669.491525    227139.644181        365000.0        675000.0                72.067601                19.630011                61.32575                84.94000                 43.658537                  3.775021                      NaN                      NaN       808093.220339       493225.777782           525000.0           947500.0  178.961864  164.802250     110.75     203.50       217      19         310000.0            422500.0       92.75         0.919492            91.949153
                                    Asian        Male     Hispanic or Latino           6    671666.666667    272519.112480        567500.0        825000.0                74.166667                13.570802                71.25000                80.00000                 44.000000                  4.242641                      NaN                      NaN       901666.666667       360536.637066           647500.0          1052500.0  159.000000  112.317407      79.25     173.25         5       1         257500.0            405000.0       94.00         0.833333            83.333333
                                    Asian        Male Not Hispanic or Latino         383    627114.882507    244521.045600        445000.0        765000.0                73.199047                17.261993                65.89050                80.91050                 43.167286                  3.846627                      NaN                      NaN       906070.496084       401607.571659           615000.0          1140000.0  217.436031  162.749174     135.50     256.00       362      21         320000.0            525000.0      120.50         0.945170            94.516971
                Black or African American      Female     Hispanic or Latino           2    435000.000000    424264.068712        285000.0        585000.0                65.000000                28.284271                55.00000                75.00000                 44.000000                  5.656854                     42.0                     46.0       590000.000000       403050.865276           447500.0           732500.0  137.500000  103.944697     100.75     174.25         2       0         300000.0            285000.0       73.50         1.000000           100.000000
                Black or African American      Female Not Hispanic or Latino          44    474772.727273    188327.876339        315000.0        607500.0                82.839341                18.868221                77.86100                95.00000                 44.555556                  4.487726                      NaN                      NaN       627500.000000       257367.034986           457500.0           775000.0  144.454545   80.738007      86.25     181.25        40       4         292500.0            317500.0       95.00         0.909091            90.909091
                Black or African American        Male     Hispanic or Latino           6    658333.333333    196841.729993        645000.0        735000.0                72.883000                22.090480                63.26850                87.50000                 45.400000                  4.159327                      NaN                      NaN       920000.000000       265009.433794           770000.0           907500.0  595.500000  994.574231     178.50     274.25         5       1          90000.0            137500.0       95.75         0.833333            83.333333
                Black or African American        Male Not Hispanic or Latino          31    512741.935484    242139.211714        335000.0        660000.0                81.679155                19.984257                78.00000                95.00000                 43.809524                  3.010300                      NaN                      NaN       645000.000000       269134.414992           535000.0           750000.0  172.741935  102.783257     112.50     196.00        24       7         325000.0            215000.0       83.50         0.774194            77.419355
Native Hawaiian or Other Pacific Islander      Female Not Hispanic or Latino           1    685000.000000              NaN        685000.0        685000.0                79.999000                      NaN                79.99900                79.99900                       NaN                       NaN                      NaN                      NaN       855000.000000                 NaN           855000.0           855000.0  296.000000         NaN     296.00     296.00         1       0              0.0                 0.0        0.00         1.000000           100.000000
Native Hawaiian or Other Pacific Islander        Male     Hispanic or Latino           1    165000.000000              NaN        165000.0        165000.0                29.907000                      NaN                29.90700                29.90700                 43.000000                       NaN                     43.0                     43.0       535000.000000                 NaN           535000.0           535000.0   42.000000         NaN      42.00      42.00         0       1              0.0                 0.0        0.00         0.000000             0.000000
Native Hawaiian or Other Pacific Islander        Male Not Hispanic or Latino           6    531666.666667    295950.446303        350000.0        592500.0                75.683833                22.631093                61.16525                92.56425                 44.666667                  4.273952                     43.5                     47.0       781666.666667       425143.113159           530000.0           835000.0  185.500000  112.464661     128.75     181.00         6       0         242500.0            305000.0       52.25         1.000000           100.000000
                                    White      Female     Hispanic or Latino         165    447484.848485    203854.342011        305000.0        545000.0                80.370127                17.784580                75.00000                95.00000                 44.309353                  4.106991                      NaN                      NaN       569606.060606       242204.048650           415000.0           685000.0  131.296970   79.222766      86.00     156.00       152      13         240000.0            270000.0       70.00         0.921212            92.121212
                                    White      Female Not Hispanic or Latino         346    496878.612717    249304.417267        325000.0        655000.0                72.388202                19.737817                62.27350                85.00000                 43.877729                  4.122348                      NaN                      NaN       725231.213873       398206.055111           455000.0           892500.0  181.708092  125.198920     103.50     220.75       326      20         330000.0            437500.0      117.25         0.942197            94.219653
                                    White        Male     Hispanic or Latino         282    485886.524823    200285.191405        355000.0        595000.0                82.935826                15.641056                80.00000                95.00000                 44.395455                  3.836020                      NaN                      NaN       616631.205674       284370.126499           425000.0           755000.0  165.329787  141.916751      97.00     184.75       258      24         240000.0            330000.0       87.75         0.914894            91.489362
                                    White        Male Not Hispanic or Latino         452    561106.194690    257622.366261        375000.0        737500.0                74.848743                17.232303                67.83500                86.37300                 43.800000                  4.120232                      NaN                      NaN       790553.097345       438519.889406           515000.0           985000.0  197.068584  141.647550     107.00     244.25       423      29         362500.0            470000.0      137.25         0.935841            93.584071