                             derived_race derived_sex      derived_ethnicity  total_apps  avg_loan_amount  std_loan_amount  Q1_loan_amount  Q3_loan_amount  avg_loan_to_value_ratio  std_loan_to_value_ratio  Q1_loan_to_value_ratio  Q3_loan_to_value_ratio  avg_debt_to_income_ratio  std_debt_to_income_ratio  Q1_debt_to_income_ratio  Q3_debt_to_income_ratio  avg_property_value  std_property_value  Q1_property_value  Q3_property_value  avg_income  std_income  Q1_income  Q3_income  accepted  denied  iqr_loan_amount  iqr_property_value  iqr_income  acceptance_rate  acceptance_rate_pct
                 2 or more minority races      Female     Hispanic or Latino           1    605000.000000              NaN        605000.0        605000.0                85.374000                      NaN                85.37400                 85.3740                 45.000000                       NaN                     45.0                     45.0       705000.000000                 NaN           705000.0           705000.0  138.000000         NaN     138.00     138.00         1       0              0.0                 0.0        0.00         1.000000           100.000000
                 2 or more minority races      Female Not Hispanic or Latino           3    635000.000000    350000.000000        435000.0        760000.0                91.666667                10.408330                87.50000                 97.5000                 42.500000                  0.707107                      NaN                      NaN       735000.000000       487544.869730           455000.0           900000.0  260.666667  201.346302     144.50     322.50         2       1         325000.0            445000.0      178.00         0.666667            66.666667
                 2 or more minority races        Male     Hispanic or Latino           1    635000.000000              NaN        635000.0        635000.0                90.000000                      NaN                90.00000                 90.0000                 41.000000                       NaN                     41.0                     41.0       715000.000000                 NaN           715000.0           715000.0  149.000000         NaN     149.00     149.00         1       0              0.0                 0.0        0.00         1.000000           100.000000
                 2 or more minority races        Male Not Hispanic or Latino           6    563333.333333    196816.327236        415000.0        705000.0                79.134667                19.596737                68.95450                 87.4925                 45.000000                  3.464102                      NaN                      NaN       736666.666667       251190.498759           650000.0           827500.0  224.833333  127.747277     135.50     290.50         5       1         290000.0            177500.0      155.00         0.833333            83.333333
         American Indian or Alaska Native      Female     Hispanic or Latino           6    483333.333333    231984.194864        352500.0        617500.0                95.115383                13.228867                95.00000                102.2500                 43.000000                  5.354126                      NaN                      NaN       560000.000000       260211.452477           410000.0           777500.0  140.000000   73.064355      87.50     192.75         6       0         265000.0            367500.0      105.25         1.000000           100.000000
         American Indian or Alaska Native      Female Not Hispanic or Latino           3    488333.333333     51316.014394        460000.0        510000.0                90.666667                 9.291573                87.50000                 96.0000                 40.666667                  7.234178                     36.5                     43.0       541666.666667        49328.828623           525000.0           570000.0  170.666667   51.597804     141.50     190.50         2       1          50000.0             45000.0       49.00         0.666667            66.666667
         American Indian or Alaska Native        Male     Hispanic or Latino           9    286111.111111    144433.760289        175000.0        385000.0                86.467889                 7.429445                80.00000                 92.1900                 46.750000                  2.872281                      NaN                      NaN       339444.444444       168827.657029           195000.0           485000.0  114.333333   44.852536      76.00     144.00         7       2         210000.0            290000.0       68.00         0.777778            77.777778
         American Indian or Alaska Native        Male Not Hispanic or Latino           3    271666.666667    190350.553804        180000.0        370000.0                82.883333                18.117898                73.19000                 91.1350                 40.000000                  4.242641                      NaN                      NaN       468333.333333       179257.728797           365000.0           525000.0   93.666667   57.977007      70.00     126.00         3       0         190000.0            160000.0       56.00         1.000000           100.000000
                                    Asian      Female     Hispanic or Latino           6    306666.666667    117374.045967        290000.0        347500.0                64.301000                35.882774                41.17950                 90.4250                 44.500000                  4.795832                      NaN                      NaN       608333.333333       290080.448612           405000.0           835000.0   91.500000   21.630996      78.00     104.00         4       2          57500.0            430000.0       26.00         0.666667            66.666667
                                    Asian      Female Not Hispanic or Latino         250    544360.000000    218904.699515        395000.0        665000.0                72.483044                18.849269                64.99625                 81.5000                 44.094241                  3.783832                      NaN                      NaN       797400.000000       340085.980151           545000.0           915000.0  215.832000  563.813225     117.00     207.00       242       8         270000.0            370000.0       90.00         0.968000            96.800000
                                    Asian        Male     Hispanic or Latino           8    611250.000000    175168.286432        475000.0        712500.0                88.946625                 6.117530                84.14575                 95.0000                 45.333333                  2.658320                      NaN                      NaN       692500.000000       219853.847557           520000.0           767500.0  280.750000  358.185008     142.75     178.75         8       0         237500.0            247500.0       36.00         1.000000           100.000000
                                    Asian        Male Not Hispanic or Latino         352    632727.272727    240497.951008        455000.0        767500.0                74.372970                17.348555                65.00000                 87.0850                 43.528517                  3.967201                      NaN                      NaN       901250.000000       403812.493510           635000.0          1055000.0  197.232955  107.984605     131.00     239.25       330      22         312500.0            420000.0      108.25         0.937500            93.750000
                Black or African American      Female     Hispanic or Latino           2    550000.000000    120208.152802        507500.0        592500.0                80.000000                 0.000000                80.00000                 80.0000                 48.000000                  1.414214                     47.5                     48.5       685000.000000       141421.356237           635000.0           735000.0  118.500000   21.920310     110.75     126.25         2       0          85000.0            100000.0       15.50         1.000000           100.000000
                Black or African American      Female Not Hispanic or Latino          43    518488.372093    216122.581189        365000.0        660000.0                85.776233                14.392871                79.83950                 97.0000                 44.600000                  4.145870                      NaN                      NaN       634767.441860       258341.674570           460000.0           720000.0  154.441860   80.453566     102.50     185.50        37       6         295000.0            260000.0       83.00         0.860465            86.046512
                Black or African American        Male     Hispanic or Latino           4    617500.000000     53150.729064        585000.0        652500.0                83.742750                 7.504846                79.99275                 83.7500                 44.500000                  3.535534                      NaN                      NaN       742500.000000       100788.557552           677500.0           815000.0  193.500000   31.342197     181.00     207.50         3       1          67500.0            137500.0       26.50         0.750000            75.000000
                Black or African American        Male Not Hispanic or Latino          41    485975.609756    203061.627075        385000.0        635000.0                86.758122                15.509604                80.00000                 95.0000                 45.240000                  3.733631                      NaN                      NaN       568414.634146       227833.379426           405000.0           725000.0  159.341463   80.574379      92.00     211.00        33       8         250000.0            320000.0      119.00         0.804878            80.487805
Native Hawaiian or Other Pacific Islander      Female     Hispanic or Latino           1    645000.000000              NaN        645000.0        645000.0                90.000000                      NaN                90.00000                 90.0000                 46.000000                       NaN                     46.0                     46.0       715000.000000                 NaN           715000.0           715000.0  161.000000         NaN     161.00     161.00         1       0              0.0                 0.0        0.00         1.000000           100.000000
Native Hawaiian or Other Pacific Islander      Female Not Hispanic or Latino           2    265000.000000    127279.220614        220000.0        310000.0                87.500000                24.748737                78.75000                 96.2500                 38.000000                       NaN                      NaN                      NaN       335000.000000       113137.084990           295000.0           375000.0  105.000000    5.656854     103.00     107.00         1       1          90000.0             80000.0        4.00         0.500000            50.000000
Native Hawaiian or Other Pacific Islander        Male Not Hispanic or Latino           2    465000.000000    141421.356237        415000.0        515000.0                80.000000                 0.000000                80.00000                 80.0000                 41.000000                       NaN                      NaN                      NaN       580000.000000       176776.695297           517500.0           642500.0  217.000000  130.107648     171.00     263.00         2       0         100000.0            125000.0       92.00         1.000000           100.000000
                                    White      Female     Hispanic or Latino         167    412964.071856    190666.361354        295000.0        525000.0                81.208525                16.610709                75.00000                 95.0000                 43.666667                  4.311651                      NaN                      NaN       534341.317365       265974.311932           375000.0           660000.0  130.311377   91.664849      82.00     161.00       148      19         230000.0            285000.0       79.00         0.886228            88.622754
                                    White      Female Not Hispanic or Latino         345    486739.130435    249827.594749        315000.0        645000.0                71.662548                20.240598                60.14500                 85.0000                 43.688596                  3.990567                      NaN                      NaN       726101.449275       424973.943966           465000.0           885000.0  173.756522  152.957677     102.00     212.00       309      36         330000.0            420000.0      110.00         0.895652            89.565217
                                    White        Male     Hispanic or Latino         268    478320.895522    216460.671909        315000.0        615000.0                83.946873                15.777867                80.00000                 95.0000                 44.541237                  4.022070                      NaN                      NaN       590783.582090       269941.979116           405000.0           735000.0  166.402985  232.225404      86.00     175.25       239      29         300000.0            330000.0       89.25         0.891791            89.179104
                                    White        Male Not Hispanic or Latino         477    553301.886792    258586.674708        355000.0        715000.0                75.458342                17.499597                68.08500                 88.4320                 43.755556                  4.110797                      NaN                      NaN       778081.761006       454850.076443           475000.0           955000.0  207.301887  157.592153     119.00     245.00       455      22         360000.0            480000.0      126.00         0.953878            95.387841