                             derived_race derived_sex      derived_ethnicity  total_apps  avg_loan_amount  std_loan_amount  Q1_loan_amount  Q3_loan_amount  avg_loan_to_value_ratio  std_loan_to_value_ratio  Q1_loan_to_value_ratio  Q3_loan_to_value_ratio  avg_debt_to_income_ratio  std_debt_to_income_ratio  Q1_debt_to_income_ratio  Q3_debt_to_income_ratio  avg_property_value  std_property_value  Q1_property_value  Q3_property_value  avg_income  std_income  Q1_income  Q3_income  accepted  denied  iqr_loan_amount  iqr_property_value  iqr_income  acceptance_rate  acceptance_rate_pct
                 2 or more minority races      Female     Hispanic or Latino           4    622500.000000    279090.785707        515000.0        707500.0                79.875000                14.085306                75.62500               84.250000                 42.666667                  5.686241                      NaN                      NaN       770000.000000       324294.105199           575000.0           880000.0  160.250000   77.937475     112.25     208.50         4       0         192500.0            305000.0       96.25         1.000000           100.000000
                 2 or more minority races      Female Not Hispanic or Latino          10    694000.000000    253001.976277        505000.0        885000.0                81.389200                15.712532                72.50000               95.000000                 43.142857                  4.140393                      NaN                      NaN       894000.000000       399011.278036           562500.0          1140000.0  242.700000  115.790088     145.00     276.50         8       2         380000.0            577500.0      131.50         0.800000            80.000000
                 2 or more minority races        Male Not Hispanic or Latino           2    445000.000000     42426.406871        430000.0        460000.0                60.707000                27.284422                51.06050               70.353500                 42.000000                  0.000000                    42.00                    42.00       795000.000000       282842.712475           695000.0           895000.0  207.000000  103.237590     170.50     243.50         2       0          30000.0            200000.0       73.00         1.000000           100.000000
         American Indian or Alaska Native      Female     Hispanic or Latino           4    497500.000000    269242.765301        387500.0        625000.0                90.673075                13.369185                80.00000               98.173075                 41.500000                  6.363961                      NaN                      NaN       585000.000000       282488.937837           487500.0           742500.0  151.750000   81.389496     115.75     203.00         4       0         237500.0            255000.0       87.25         1.000000           100.000000
         American Indian or Alaska Native      Female Not Hispanic or Latino           4    485000.000000    133416.640641        452500.0        552500.0                72.411750                30.887702                66.75000               89.485250                 43.500000                  7.778175                      NaN                      NaN       892500.000000       695479.450931           510000.0          1042500.0  120.000000  104.527508      69.75     164.25         3       1         100000.0            532500.0       94.50         0.750000            75.000000
         American Indian or Alaska Native        Male     Hispanic or Latino          10    532000.000000    198888.578522        372500.0        652500.0                87.300000                 8.472832                80.00000               95.000000                 46.125000                  3.563205                      NaN                      NaN       622000.000000       261621.015126           405000.0           740000.0  158.400000  103.502228      95.25     154.00         8       2         280000.0            335000.0       58.75         0.800000            80.000000
         American Indian or Alaska Native        Male Not Hispanic or Latino           4    485000.000000    162685.791225        380000.0        555000.0                76.102750                26.596169                69.35275               92.750000                 48.000000                  1.414214                      NaN                      NaN       745000.000000       457310.980989           405000.0           990000.0  147.000000   52.694086     131.50     170.00         4       0         175000.0            585000.0       38.50         1.000000           100.000000
                                    Asian      Female     Hispanic or Latino           4    382500.000000    189098.739640        287500.0        395000.0                68.666750                31.926837                65.41675               83.250000                 42.000000                  0.000000                      NaN                      NaN       690000.000000       410406.302746           372500.0           927500.0  134.500000   58.083274      91.00     182.00         4       0         107500.0            555000.0       91.00         1.000000           100.000000
                                    Asian      Female Not Hispanic or Latino         205    543000.000000    219004.879523        395000.0        685000.0                71.104082                19.194151                60.00000               80.000000                 44.512987                  3.865783                      NaN                      NaN       835585.365854       415491.262243           555000.0           975000.0  213.512195  547.297054     107.00     210.00       191      14         290000.0            420000.0      103.00         0.931707            93.170732
                                    Asian        Male     Hispanic or Latino          10    598000.000000    154276.087295        490000.0        617500.0                84.606800                 7.561089                80.00000               90.000000                 44.125000                  4.703722                      NaN                      NaN       721000.000000       232436.371222           602500.0           755000.0  193.300000   96.593133     126.75     237.50        10       0         127500.0            152500.0      110.75         1.000000           100.000000
                                    Asian        Male Not Hispanic or Latino         421    628990.498812    245664.773343        455000.0        785000.0                72.824473                17.450093                63.49200               80.000000                 43.754153                  3.958875                      NaN                      NaN       914358.669834       402803.056098           635000.0          1125000.0  212.073634  165.719375     132.00     239.00       406      15         330000.0            490000.0      107.00         0.964371            96.437055
                Black or African American      Female     Hispanic or Latino           6    353333.333333    192397.158676        252500.0        397500.0                65.975500                21.544482                48.71750               81.000000                 48.000000                  1.732051                      NaN                      NaN       556666.666667       268433.728631           437500.0           737500.0  113.333333   73.265726      76.50     100.25         6       0         145000.0            300000.0       23.75         1.000000           100.000000
                Black or African American      Female Not Hispanic or Latino          39    467820.512821    238691.043621        325000.0        590000.0                84.076333                21.045808                79.74450               96.145000                 43.242424                  4.168560                      NaN                      NaN       599358.974359       273840.088486           430000.0           755000.0  138.512821   67.140023      91.00     179.00        34       5         265000.0            325000.0       88.00         0.871795            87.179487
                Black or African American        Male     Hispanic or Latino           2    520000.000000     63639.610307        497500.0        542500.0                80.000000                 7.071068                77.50000               82.500000                 43.000000                  7.071068                    40.50                    45.50       655000.000000        28284.271247           645000.0           665000.0  164.000000   22.627417     156.00     172.00         2       0          45000.0             20000.0       16.00         1.000000           100.000000
                Black or African American        Male Not Hispanic or Latino          35    477857.142857    201590.315894        325000.0        615000.0                79.182657                20.294822                75.00000               94.770000                 44.277778                  4.349517                      NaN                      NaN       651285.714286       340890.578565           495000.0           760000.0  142.914286   55.010358     109.50     171.50        31       4         290000.0            265000.0       62.00         0.885714            88.571429
Native Hawaiian or Other Pacific Islander      Female     Hispanic or Latino           3    438333.333333      5773.502692        435000.0        440000.0                84.712667                13.559782                77.06900               90.000000                 47.000000                  1.732051                    46.50                    48.00       528333.333333        66583.281185           500000.0           565000.0   92.000000    7.000000      88.00      94.50         3       0           5000.0             65000.0        6.50         1.000000           100.000000
Native Hawaiian or Other Pacific Islander      Female Not Hispanic or Latino           2    715000.000000    353553.390593        590000.0        840000.0                81.081500                 1.529472                80.54075               81.622250                 37.000000                       NaN                      NaN                      NaN       885000.000000       452548.339959           725000.0          1045000.0  219.000000   83.438600     189.50     248.50         2       0         250000.0            320000.0       59.00         1.000000           100.000000
Native Hawaiian or Other Pacific Islander        Male     Hispanic or Latino           2    365000.000000    282842.712475        265000.0        465000.0                62.453500                46.027702                46.18025               78.726750                 41.500000                  2.121320                    40.75                    42.25       565000.000000        42426.406871           550000.0           580000.0  112.500000   99.702056      77.25     147.75         1       1         200000.0             30000.0       70.50         0.500000            50.000000
Native Hawaiian or Other Pacific Islander        Male Not Hispanic or Latino           4    407500.000000    260048.072479        220000.0        517500.0                77.094500                17.810289                72.78350               84.000000                 45.000000                  5.354126                    44.50                    48.00       532500.000000       314894.162114           347500.0           650000.0  100.500000   53.382269      74.75     109.75         4       0         297500.0            302500.0       35.00         1.000000           100.000000
                                    White      Female     Hispanic or Latino         166    444216.867470    213944.175567        287500.0        565000.0                81.346747                17.500241                75.00000               95.000000                 44.130081                  3.853802                      NaN                      NaN       581807.228916       281539.144502           385000.0           705000.0  165.951807  297.900935      82.25     178.75       153      13         277500.0            320000.0       96.50         0.921687            92.168675
                                    White      Female Not Hispanic or Latino         329    469103.343465    237848.335607        295000.0        625000.0                70.270736                22.506481                55.17200               89.000000                 43.912863                  4.049264                      NaN                      NaN       696428.571429       339220.000972           465000.0           855000.0  158.355623  124.841038      92.00     193.00       299      30         330000.0            390000.0      101.00         0.908815            90.881459
                                    White        Male     Hispanic or Latino         274    481131.386861    223951.355835        325000.0        615000.0                84.322602                13.400544                80.00000               95.000000                 44.200000                  3.996812                      NaN                      NaN       595510.948905       297102.789696           415000.0           755000.0  156.693431  110.460479      94.00     179.75       243      31         290000.0            340000.0       85.75         0.886861            88.686131
                                    White        Male Not Hispanic or Latino         460    564891.304348    250856.027094        382500.0        715000.0                75.363130                17.722816                66.97425               89.991250                 43.874598                  4.140325                      NaN                      NaN       819456.521739       572387.813080           525000.0           947500.0  248.682609  605.199896     120.00     252.25       436      24         332500.0            422500.0      132.25         0.947826            94.782609