                             derived_race derived_sex      derived_ethnicity  total_apps  avg_loan_amount  std_loan_amount  Q1_loan_amount  Q3_loan_amount  avg_loan_to_value_ratio  std_loan_to_value_ratio  Q1_loan_to_value_ratio  Q3_loan_to_value_ratio  avg_debt_to_income_ratio  std_debt_to_income_ratio  Q1_debt_to_income_ratio  Q3_debt_to_income_ratio  avg_property_value  std_property_value  Q1_property_value  Q3_property_value  avg_income  std_income  Q1_income  Q3_income  accepted  denied  iqr_loan_amount  iqr_property_value  iqr_income  acceptance_rate  acceptance_rate_pct
                 2 or more minority races      Female Not Hispanic or Latino           2    385000.000000    197989.898732        315000.0        455000.0                75.000000                 7.071068                72.50000                 77.5000                 44.000000                       NaN                      NaN                      NaN       530000.000000       318198.051534           417500.0           642500.0  124.000000   86.267027      93.50     154.50         2       0         140000.0            225000.0       61.00         1.000000           100.000000
                 2 or more minority races        Male     Hispanic or Latino           1    375000.000000              NaN        375000.0        375000.0                75.000000                      NaN                75.00000                 75.0000                 36.000000                       NaN                     36.0                    36.00       505000.000000                 NaN           505000.0           505000.0  159.000000         NaN     159.00     159.00         1       0              0.0                 0.0        0.00         1.000000           100.000000
                 2 or more minority races        Male Not Hispanic or Latino           2    340000.000000    388908.729653        202500.0        477500.0                85.060000                 3.125412                83.95500                 86.1650                 44.000000                  0.000000                     44.0                    44.00       385000.000000       438406.204336           230000.0           540000.0  101.000000   83.438600      71.50     130.50         2       0         275000.0            310000.0       59.00         1.000000           100.000000
         American Indian or Alaska Native      Female     Hispanic or Latino           4    515000.000000    203141.986469        365000.0        660000.0                82.000000                10.456258                77.00000                 90.0000                 46.500000                  3.000000                     44.5                    49.00       637500.000000       279329.554469           412500.0           845000.0  149.750000   46.892608     129.50     181.25         4       0         295000.0            432500.0       51.75         1.000000           100.000000
         American Indian or Alaska Native      Female Not Hispanic or Latino           3    551666.666667    140475.383371        485000.0        625000.0                67.550000                30.625710                56.33000                 84.9950                 43.333333                  5.507571                     41.5                    46.50       898333.333333       284487.843911           735000.0           995000.0  130.666667    8.144528     126.00     133.50         3       0         140000.0            260000.0        7.50         1.000000           100.000000
         American Indian or Alaska Native        Male     Hispanic or Latino           7    403571.428571    136800.167084        280000.0        515000.0                90.770000                 8.484120                83.19500                 97.0000                 45.333333                  3.265986                      NaN                      NaN       455000.000000       165327.956902           320000.0           540000.0  103.000000   29.325757      78.50     122.50         5       2         235000.0            220000.0       44.00         0.714286            71.428571
         American Indian or Alaska Native        Male Not Hispanic or Latino           2    365000.000000    226274.169980        285000.0        445000.0                70.778000                34.255081                58.66700                 82.8890                 49.000000                       NaN                      NaN                      NaN       505000.000000        70710.678119           480000.0           530000.0  136.000000   69.296465     111.50     160.50         2       0         160000.0             50000.0       49.00         1.000000           100.000000
                                    Asian      Female     Hispanic or Latino           6    490000.000000    198871.818014        422500.0        590000.0                72.591500                23.485319                61.89525                 91.1155                 45.166667                  3.656045                     42.5                    47.75       660000.000000       158461.351755           592500.0           675000.0  142.166667   37.026567     137.00     152.50         6       0         167500.0             82500.0       15.50         1.000000           100.000000
                                    Asian      Female Not Hispanic or Latino         237    575590.717300    234299.508629        405000.0        725000.0                74.085633                16.751530                69.00000                 83.3210                 43.497175                  3.822963                      NaN                      NaN       816265.822785       366225.712176           565000.0           955000.0  184.603376  104.787572     117.00     220.00       223      14         320000.0            390000.0      103.00         0.940928            94.092827
                                    Asian        Male     Hispanic or Latino           8    545000.000000    135857.067748        485000.0        602500.0                83.058500                 5.981705                79.86750                 90.0000                 44.714286                  3.352327                      NaN                      NaN       657500.000000       168162.336534           550000.0           712500.0  158.000000   33.674916     134.75     177.25         8       0         117500.0            162500.0       42.50         1.000000           100.000000
                                    Asian        Male Not Hispanic or Latino         388    637371.134021    243652.326521        465000.0        785000.0                74.086126                17.572176                66.66700                 84.2890                 44.050360                  4.015896                      NaN                      NaN       920360.824742       450367.778176           645000.0          1105000.0  229.644330  405.942814     131.50     232.75       367      21         320000.0            460000.0      101.25         0.945876            94.587629
                Black or African American      Female     Hispanic or Latino           8    582500.000000    179344.042874        442500.0        705000.0                85.718000                 9.333850                81.00000                 93.3080                 44.833333                  3.763863                      NaN                      NaN       706250.000000       283419.804732           500000.0           905000.0  178.250000   51.596650     155.75     215.75         7       1         262500.0            405000.0       60.00         0.875000            87.500000
                Black or African American      Female Not Hispanic or Latino          42    553571.428571    246760.191957        367500.0        710000.0                81.598881                20.986316                80.00000                 95.0000                 44.966667                  3.557249                      NaN                      NaN       735952.380952       355334.329163           480000.0           875000.0  222.404762  272.635293     120.50     213.75        37       5         342500.0            395000.0       93.25         0.880952            88.095238
                Black or African American        Male     Hispanic or Latino           1     85000.000000              NaN         85000.0         85000.0                10.000000                      NaN                10.00000                 10.0000                       NaN                       NaN                      NaN                      NaN       805000.000000                 NaN           805000.0           805000.0   48.000000         NaN      48.00      48.00         1       0              0.0                 0.0        0.00         1.000000           100.000000
                Black or African American        Male Not Hispanic or Latino          31    532096.774194    174359.657956        440000.0        630000.0                86.011677                13.673400                80.00000                 95.0000                 44.320000                  3.997082                      NaN                      NaN       706935.483871       389858.259327           515000.0           800000.0  175.129032  109.918073     117.00     205.00        26       5         190000.0            285000.0       88.00         0.838710            83.870968
Native Hawaiian or Other Pacific Islander      Female Not Hispanic or Latino           5    459000.000000    171551.741466        355000.0        595000.0                81.829800                19.444411                79.99900                 93.3300                 42.333333                  4.509250                      NaN                      NaN       603000.000000       223539.705645           445000.0           735000.0  148.800000   88.998315     106.00     164.00         4       1         240000.0            290000.0       58.00         0.800000            80.000000
Native Hawaiian or Other Pacific Islander        Male Not Hispanic or Latino           1    175000.000000              NaN        175000.0        175000.0                98.000000                      NaN                98.00000                 98.0000                 47.000000                       NaN                     47.0                    47.00       185000.000000                 NaN           185000.0           185000.0   53.000000         NaN      53.00      53.00         0       1              0.0                 0.0        0.00         0.000000             0.000000
                                    White      Female     Hispanic or Latino         150    420400.000000    199346.684625        267500.0        525000.0                82.729360                16.590733                80.00000                 95.0000                 44.767241                  3.767960                      NaN                      NaN       526800.000000       258947.456514           355000.0           655000.0  138.180000  120.006883      79.00     161.50       131      19         257500.0            300000.0       82.50         0.873333            87.333333
                                    White      Female Not Hispanic or Latino         351    497535.612536    273935.567528        305000.0        685000.0                70.657057                19.858796                58.69900                 80.0000                 44.099174                  4.130456                      NaN                      NaN       734601.139601       417683.900164           460000.0           905000.0  169.014245  114.423236      94.00     209.00       326      25         380000.0            445000.0      115.00         0.928775            92.877493
                                    White        Male     Hispanic or Latino         266    492030.075188    200715.265887        345000.0        615000.0                81.793158                16.386588                80.00000                 95.0000                 44.106599                  3.862933                      NaN                      NaN       624248.120301       259422.069034           425000.0           775000.0  167.804511  133.428121      96.00     188.00       235      31         270000.0            350000.0       92.00         0.883459            88.345865
                                    White        Male Not Hispanic or Latino         485    567412.371134    260190.162204        365000.0        745000.0                74.370361                19.076415                65.42000                 89.9840                 43.591176                  3.992683                      NaN                      NaN       812092.783505       466480.582592           525000.0          1015000.0  202.169072  141.709342     116.00     246.00       452      33         380000.0            490000.0      130.00         0.931959            93.195876