                             derived_race derived_sex      derived_ethnicity  total_apps  avg_loan_amount  std_loan_amount  Q1_loan_amount  Q3_loan_amount  avg_loan_to_value_ratio  std_loan_to_value_ratio  Q1_loan_to_value_ratio  Q3_loan_to_value_ratio  avg_debt_to_income_ratio  std_debt_to_income_ratio  Q1_debt_to_income_ratio  Q3_debt_to_income_ratio  avg_property_value  std_property_value  Q1_property_value  Q3_property_value  avg_income  std_income  Q1_income  Q3_income  accepted  denied  iqr_loan_amount  iqr_property_value  iqr_income  acceptance_rate  acceptance_rate_pct
                 2 or more minority races      Female Not Hispanic or Latino           7    325000.000000    142828.568571        240000.0        400000.0                78.832714                17.133453                67.41450                  91.000                 46.000000                  2.828427                      NaN                      NaN        4.164286e+05       175919.353818           305000.0           550000.0  113.857143   71.794681      73.50     153.50         6       1         160000.0            245000.0       80.00         0.857143            85.714286
                 2 or more minority races        Male     Hispanic or Latino           1    675000.000000              NaN        675000.0        675000.0                97.000000                      NaN                97.00000                  97.000                 46.000000                       NaN                    46.00                    46.00        9.750000e+05                 NaN           975000.0           975000.0  203.000000         NaN     203.00     203.00         1       0              0.0                 0.0        0.00         1.000000           100.000000
                 2 or more minority races        Male Not Hispanic or Latino           2    670000.000000    162634.559673        612500.0        727500.0                87.500000                10.606602                83.75000                  91.250                 42.500000                  0.707107                    42.25                    42.75        7.650000e+05        98994.949366           730000.0           800000.0  267.500000   86.974134     236.75     298.25         2       0         115000.0             70000.0       61.50         1.000000           100.000000
         American Indian or Alaska Native      Female     Hispanic or Latino           6    671666.666667    434219.606497        540000.0        607500.0                72.005333                23.317794                62.90150                  90.510                 43.400000                  5.029911                      NaN                      NaN        9.800000e+05       750646.388122           630000.0           780000.0  157.500000   71.913142     115.50     183.00         5       1          67500.0            150000.0       67.50         0.833333            83.333333
         American Indian or Alaska Native      Female Not Hispanic or Latino           7    476428.571429    168466.472572        365000.0        570000.0                74.493571                16.293416                60.92250                  88.650                 42.500000                  4.969909                      NaN                      NaN        6.578571e+05       229906.813420           565000.0           725000.0  129.857143   37.436295     114.00     152.50         6       1         205000.0            160000.0       38.50         0.857143            85.714286
         American Indian or Alaska Native        Male     Hispanic or Latino           9    407222.222222    214404.861056        215000.0        515000.0                81.142444                15.872528                80.00000                  95.000                 41.428571                  4.117327                      NaN                      NaN        5.116667e+05       266692.707062           335000.0           605000.0  140.000000   57.645468     102.00     184.00         8       1         300000.0            270000.0       82.00         0.888889            88.888889
         American Indian or Alaska Native        Male Not Hispanic or Latino           8    518750.000000    206116.298655        425000.0        702500.0                84.246625                10.332538                78.75000                  92.000                 43.833333                  4.215052                      NaN                      NaN        6.587500e+05       299854.131204           517500.0           927500.0  228.875000  198.379461     122.50     285.00         8       0         277500.0            410000.0      162.50         1.000000           100.000000
                                    Asian      Female     Hispanic or Latino           8    540000.000000    263058.928759        370000.0        685000.0                84.641250                11.586626                78.75000                  95.000                 44.000000                  3.937004                      NaN                      NaN        6.550000e+05       324961.536185           465000.0           815000.0  212.625000  216.229995     118.75     199.75         7       1         315000.0            350000.0       81.00         0.875000            87.500000
                                    Asian      Female Not Hispanic or Latino         229    590764.192140    225302.829994        445000.0        735000.0                70.558514                17.708045                59.71000                  80.000                 44.105882                  3.858514                      NaN                      NaN        8.906332e+05       434998.654907           635000.0          1055000.0  208.825328  178.115070     126.00     227.00       215      14         290000.0            420000.0      101.00         0.938865            93.886463
                                    Asian        Male     Hispanic or Latino           9    502777.777778    109519.151040        435000.0        565000.0                85.630889                 7.521870                80.00000                  90.000                 43.333333                  4.320494                      NaN                      NaN        5.961111e+05       149285.334548           535000.0           685000.0  172.666667  100.169856     121.00     240.00         8       1         130000.0            150000.0      119.00         0.888889            88.888889
                                    Asian        Male Not Hispanic or Latino         389    634357.326478    229802.354184        465000.0        765000.0                73.881689                17.392425                66.67000                  85.000                 43.735632                  3.919752                      NaN                      NaN        9.249229e+05       433414.570490           625000.0          1105000.0  210.005141  134.830707     137.00     248.00       366      23         300000.0            480000.0      111.00         0.940874            94.087404
                Black or African American      Female     Hispanic or Latino           2    120000.000000     21213.203436        112500.0        127500.0                56.500000                16.263456                50.75000                  62.250                 48.500000                  0.707107                    48.25                    48.75        2.250000e+05       113137.084990           185000.0           265000.0   63.500000    0.707107      63.25      63.75         2       0          15000.0             80000.0        0.50         1.000000           100.000000
                Black or African American      Female Not Hispanic or Latino          47    514787.234043    217510.513106        380000.0        685000.0                83.981574                16.721909                80.00000                  95.000                 44.242424                  4.366279                      NaN                      NaN        6.320213e+05       286150.727184           445000.0           775000.0  163.489362   88.729161     110.50     198.50        37      10         305000.0            330000.0       88.00         0.787234            78.723404
                Black or African American        Male     Hispanic or Latino           4    550000.000000    128711.563842        475000.0        585000.0                82.507500                14.988336                72.50750                  95.000                 48.333333                  1.154701                      NaN                      NaN        6.725000e+05       148183.444869           572500.0           780000.0  182.250000   77.736199     134.00     204.75         4       0         110000.0            207500.0       70.75         1.000000           100.000000
                Black or African American        Male Not Hispanic or Latino          34    536470.588235    265342.915385        405000.0        740000.0                81.338853                18.275891                77.05250                  95.000                 44.826087                  3.379782                      NaN                      NaN        6.905882e+05       350628.796000           465000.0           802500.0  181.235294  118.776607     109.25     211.75        28       6         335000.0            337500.0      102.50         0.823529            82.352941
Native Hawaiian or Other Pacific Islander      Female     Hispanic or Latino           1    365000.000000              NaN        365000.0        365000.0                31.030000                      NaN                31.03000                  31.030                 47.000000                       NaN                    47.00                    47.00        1.165000e+06                 NaN          1165000.0          1165000.0  344.000000         NaN     344.00     344.00         0       1              0.0                 0.0        0.00         0.000000             0.000000
Native Hawaiian or Other Pacific Islander        Male     Hispanic or Latino           3    348333.333333    168027.775482        275000.0        440000.0                71.635667                36.224456                59.95350                  92.500                 43.000000                       NaN                      NaN                      NaN        4.983333e+05        81445.278152           470000.0           545000.0   72.666667   26.857649      63.00      88.00         0       3         165000.0             75000.0       25.00         0.000000             0.000000
Native Hawaiian or Other Pacific Islander        Male Not Hispanic or Latino           1    545000.000000              NaN        545000.0        545000.0                59.016000                      NaN                59.01600                  59.016                 44.000000                       NaN                    44.00                    44.00        9.150000e+05                 NaN           915000.0           915000.0  130.000000         NaN     130.00     130.00         1       0              0.0                 0.0        0.00         1.000000           100.000000
                                    White      Female     Hispanic or Latino         156    433397.435897    192157.518701        292500.0        555000.0                80.529949                16.737340                78.26625                  93.800                 44.016393                  3.975095                      NaN                      NaN        5.614103e+05       246851.003037           382500.0           697500.0  140.326923   88.671060      83.00     164.25       142      14         262500.0            315000.0       81.25         0.910256            91.025641
                                    White      Female Not Hispanic or Latino         348    489281.609195    238732.969140        325000.0        647500.0                72.051635                20.635058                61.72375                  85.000                 43.974026                  4.042085                      NaN                      NaN        7.227011e+05       375460.374159           465000.0           875000.0  169.158046   93.206911     101.75     206.75       327      21         322500.0            410000.0      105.00         0.939655            93.965517
                                    White        Male     Hispanic or Latino         259    470945.945946    199734.739240        335000.0        605000.0                83.515511                15.221097                80.00000                  95.000                 44.311475                  3.890850                      NaN                      NaN        5.789768e+05       241591.973442           415000.0           740000.0  150.710425   92.377455      89.00     181.00       233      26         270000.0            325000.0       92.00         0.899614            89.961390
                                    White        Male Not Hispanic or Latino         470    556234.042553    253785.347640        375000.0        722500.0                74.474515                19.961356                66.75025                  90.000                 43.944805                  4.011409                      NaN                      NaN        7.986596e+05       440981.425163           525000.0           942500.0  208.517021  208.198217     122.00     238.00       442      28         347500.0            417500.0      116.00         0.940426            94.042553