                             derived_race derived_sex      derived_ethnicity  total_apps  avg_loan_amount  std_loan_amount  Q1_loan_amount  Q3_loan_amount  avg_loan_to_value_ratio  std_loan_to_value_ratio  Q1_loan_to_value_ratio  Q3_loan_to_value_ratio  avg_debt_to_income_ratio  std_debt_to_income_ratio  Q1_debt_to_income_ratio  Q3_debt_to_income_ratio  avg_property_value  std_property_value  Q1_property_value  Q3_property_value  avg_income  std_income  Q1_income  Q3_income  accepted  denied  iqr_loan_amount  iqr_property_value  iqr_income  acceptance_rate  acceptance_rate_pct
                 2 or more minority races      Female Not Hispanic or Latino           5    501000.000000    180222.085217        465000.0        555000.0                70.037800                16.895056                70.00000                80.00000                 46.333333                  1.527525                      NaN                      NaN       897000.000000       413545.644397           675000.0          1185000.0  173.400000   75.321312     169.00     225.00         4       1          90000.0            510000.0       56.00         0.800000            80.000000
                 2 or more minority races        Male     Hispanic or Latino           4    397500.000000    239913.178740        332500.0        530000.0                67.544500                13.779714                60.61500                77.27750                 43.000000                  5.567764                      NaN                      NaN       650000.000000       480589.915278           417500.0           892500.0  117.000000   64.961527      89.50     142.50         4       0         197500.0            475000.0       53.00         1.000000           100.000000
                 2 or more minority races        Male Not Hispanic or Latino           2    505000.000000    212132.034356        430000.0        580000.0                65.219500                35.030777                52.83425                77.60475                       NaN                       NaN                      NaN                      NaN       795000.000000        98994.949366           760000.0           830000.0  156.500000   14.849242     151.25     161.75         1       1         150000.0             70000.0       10.50         0.500000            50.000000
         American Indian or Alaska Native      Female     Hispanic or Latino           4    317500.000000     49916.597106        282500.0        340000.0                86.750000                 7.889867                80.00000                92.75000                 41.333333                  0.577350                      NaN                      NaN       367500.000000        59090.326337           332500.0           410000.0   91.000000   17.339742      76.75     102.75         4       0          57500.0             77500.0       26.00         1.000000           100.000000
         American Indian or Alaska Native      Female Not Hispanic or Latino           5    529000.000000    193726.611492        405000.0        555000.0                68.655600                23.573478                60.63000                80.00000                 40.666667                  7.234178                      NaN                      NaN       889000.000000       410158.505946           585000.0          1225000.0  150.600000   27.226825     126.00     159.00         5       0         150000.0            640000.0       33.00         1.000000           100.000000
         American Indian or Alaska Native        Male     Hispanic or Latino           6    503333.333333     88411.914732        475000.0        560000.0                90.358333                 6.713450                86.25000                95.00000                 41.666667                  3.669696                    40.25                     42.5       556666.666667        92826.002104           517500.0           587500.0  150.166667   37.048167     137.50     168.25         6       0          85000.0             70000.0       30.75         1.000000           100.000000
         American Indian or Alaska Native        Male Not Hispanic or Latino           6    528333.333333    218967.273049        372500.0        702500.0                75.825833                22.211817                79.88675                88.32950                 48.000000                  1.154701                      NaN                      NaN       713333.333333       220037.875528           540000.0           852500.0  140.166667   56.055032      98.25     158.25         6       0         330000.0            312500.0       60.00         1.000000           100.000000
                                    Asian      Female     Hispanic or Latino           7    593571.428571    311898.945784        465000.0        760000.0                71.303429                16.996563                63.54750                80.00000                 43.750000                  2.753785                      NaN                      NaN       830714.285714       435425.353069           540000.0          1180000.0  181.428571   90.186579     112.50     247.00         7       0         295000.0            640000.0      134.50         1.000000           100.000000
                                    Asian      Female Not Hispanic or Latino         197    550329.949239    243126.988249        365000.0        675000.0                68.929542                19.162334                58.00600                80.00000                 44.376712                  3.993340                      NaN                      NaN       832005.076142       355594.737477           605000.0           975000.0  187.203046  171.807912     112.00     200.00       191       6         310000.0            370000.0       88.00         0.969543            96.954315
                                    Asian        Male     Hispanic or Latino          18    575000.000000    289401.004104        345000.0        735000.0                76.667278                20.082352                79.91000                88.15000                 42.250000                  4.287932                      NaN                      NaN       790555.555556       413054.934706           515000.0          1125000.0  282.944444  531.593772     120.00     205.00        17       1         390000.0            610000.0       85.00         0.944444            94.444444
                                    Asian        Male Not Hispanic or Latino         397    628602.015113    249596.386912        455000.0        795000.0                73.947428                16.735159                68.80000                80.00000                 43.269231                  3.970182                      NaN                      NaN       889156.171285       392860.663342           625000.0          1105000.0  213.450882  143.569997     132.00     249.00       376      21         340000.0            480000.0      117.00         0.947103            94.710327
                Black or African American      Female     Hispanic or Latino           3    211666.666667    102143.689640        175000.0        270000.0                49.432000                40.733039                26.64800                65.87000                 39.500000                  3.535534                      NaN                      NaN       691666.666667       704651.213959           285000.0           905000.0   88.000000   68.789534      51.00     119.00         3       0          95000.0            620000.0       68.00         1.000000           100.000000
                Black or African American      Female Not Hispanic or Latino          56    472500.000000    210620.296009        355000.0        610000.0                85.809357                17.031369                80.00000                97.00000                 43.818182                  4.166716                      NaN                      NaN       580892.857143       235277.606134           470000.0           690000.0  149.178571   64.906956      97.25     180.75        51       5         255000.0            220000.0       83.50         0.910714            91.071429
                Black or African American        Male     Hispanic or Latino           5    637000.000000    123975.804091        545000.0        735000.0                85.927200                12.567358                75.00000                95.00000                 43.500000                  4.795832                      NaN                      NaN       757000.000000       207292.064489           635000.0           765000.0  214.000000   69.544949     163.00     284.00         5       0         190000.0            130000.0      121.00         1.000000           100.000000
                Black or African American        Male Not Hispanic or Latino          34    481470.588235    223496.760914        327500.0        602500.0                83.580941                19.765681                80.00000                95.24000                 43.952381                  4.177035                      NaN                      NaN       636764.705882       336645.399162           410000.0           742500.0  160.264706   88.281337      96.75     206.75        31       3         275000.0            332500.0      110.00         0.911765            91.176471
Native Hawaiian or Other Pacific Islander      Female     Hispanic or Latino           1    515000.000000              NaN        515000.0        515000.0                90.430000                      NaN                90.43000                90.43000                 46.000000                       NaN                    46.00                     46.0       585000.000000                 NaN           585000.0           585000.0  129.000000         NaN     129.00     129.00         1       0              0.0                 0.0        0.00         1.000000           100.000000
Native Hawaiian or Other Pacific Islander      Female Not Hispanic or Latino           4    470000.000000    116189.500386        377500.0        567500.0                81.245000                24.277564                68.75000                97.48500                 44.666667                  5.859465                      NaN                      NaN       670000.000000       326036.807738           490000.0           740000.0  189.250000  119.984374     114.25     216.50         3       1         190000.0            250000.0      102.25         0.750000            75.000000
Native Hawaiian or Other Pacific Islander        Male Not Hispanic or Latino           5    647000.000000    240457.896522        535000.0        625000.0                85.067800                 8.817125                80.00000                90.00000                 47.750000                  1.500000                      NaN                      NaN       749000.000000       214895.323355           635000.0           715000.0  164.000000   34.907019     136.00     185.00         5       0          90000.0             80000.0       49.00         1.000000           100.000000
                                    White      Female     Hispanic or Latino         172    441744.186047    210537.834582        302500.0        577500.0                83.520160                16.358685                80.00000                95.00000                 44.492857                  4.004487                      NaN                      NaN       556337.209302       302397.751719           382500.0           697500.0  144.569767  146.889109      73.75     170.00       156      16         275000.0            315000.0       96.25         0.906977            90.697674
                                    White      Female Not Hispanic or Latino         347    502809.798271    260895.165571        305000.0        645000.0                71.279607                20.829470                58.28200                86.14450                 43.863454                  4.021794                      NaN                      NaN       739466.858790       380132.226648           475000.0           905000.0  180.936599  154.157327     100.00     214.00       324      23         340000.0            430000.0      114.00         0.933718            93.371758
                                    White        Male     Hispanic or Latino         261    486187.739464    200954.757640        345000.0        615000.0                84.341908                14.507053                80.00000                95.00000                 44.253807                  3.952079                      NaN                      NaN       599865.900383       251652.387741           415000.0           705000.0  161.505747  107.700640      99.00     189.00       238      23         270000.0            290000.0       90.00         0.911877            91.187739
                                    White        Male Not Hispanic or Latino         461    557581.344902    253014.985806        355000.0        725000.0                74.981944                18.162392                67.94000                86.55800                 43.785714                  4.094112                      NaN                      NaN       794197.396963       414361.748688           545000.0           965000.0  233.956616  340.926248     118.00     239.00       438      23         370000.0            420000.0      121.00         0.950108            95.010846