                             derived_race derived_sex      derived_ethnicity  total_apps  avg_loan_amount  std_loan_amount  Q1_loan_amount  Q3_loan_amount  avg_loan_to_value_ratio  std_loan_to_value_ratio  Q1_loan_to_value_ratio  Q3_loan_to_value_ratio  avg_debt_to_income_ratio  std_debt_to_income_ratio  Q1_debt_to_income_ratio  Q3_debt_to_income_ratio  avg_property_value  std_property_value  Q1_property_value  Q3_property_value  avg_income  std_income  Q1_income  Q3_income  accepted  denied  iqr_loan_amount  iqr_property_value  iqr_income  acceptance_rate  acceptance_rate_pct
                 2 or more minority races      Female     Hispanic or Latino           2    515000.000000    254558.441227        425000.0        605000.0                93.500000                 4.949747                91.75000                95.25000                 41.000000                  1.414214                     40.5                    41.50        6.400000e+05        4.171930e+05           492500.0           787500.0  156.500000   95.459415     122.75     190.25         2       0         180000.0            295000.0       67.50         1.000000           100.000000
                 2 or more minority races      Female Not Hispanic or Latino           2    470000.000000    120208.152802        427500.0        512500.0                70.422500                41.828902                55.63375                85.21125                 45.000000                  4.242641                     43.5                    46.50        9.200000e+05        6.151829e+05           702500.0          1137500.0  168.500000    9.192388     165.25     171.75         2       0          85000.0            435000.0        6.50         1.000000           100.000000
                 2 or more minority races        Male     Hispanic or Latino           1    365000.000000              NaN        365000.0        365000.0                80.000000                      NaN                80.00000                80.00000                       NaN                       NaN                      NaN                      NaN        4.550000e+05                 NaN           455000.0           455000.0  195.000000         NaN     195.00     195.00         1       0              0.0                 0.0        0.00         1.000000           100.000000
                 2 or more minority races        Male Not Hispanic or Latino           3    548333.333333    205507.501891        430000.0        615000.0                95.666667                 1.154701                95.00000                96.00000                 42.500000                  0.707107                      NaN                      NaN        6.083333e+05        1.973153e+05           495000.0           675000.0  202.666667   71.058661     168.00     239.00         3       0         185000.0            180000.0       71.00         1.000000           100.000000
         American Indian or Alaska Native      Female     Hispanic or Latino           5    479000.000000    182975.408184        385000.0        425000.0                90.959800                 7.423451                89.80900                95.00000                 42.600000                  5.594640                     37.0                    47.00        5.290000e+05        1.856879e+05           435000.0           485000.0  125.400000   59.814714      96.00     111.00         5       0          40000.0             50000.0       15.00         1.000000           100.000000
         American Indian or Alaska Native      Female Not Hispanic or Latino           3    505000.000000    230651.251893        375000.0        595000.0                62.479000                14.792846                53.95950                67.25900                 42.333333                  6.110101                     39.0                    45.00        7.850000e+05        1.800000e+05           695000.0           875000.0  128.333333   36.637867     111.00     147.50         3       0         220000.0            180000.0       36.50         1.000000           100.000000
         American Indian or Alaska Native        Male     Hispanic or Latino          11    482272.727273    224236.076896        320000.0        570000.0                83.261000                15.546081                80.00000                92.50000                 45.285714                  4.423961                      NaN                      NaN        5.750000e+05        2.452346e+05           445000.0           655000.0  157.818182   64.130832     109.00     195.50        11       0         250000.0            210000.0       86.50         1.000000           100.000000
         American Indian or Alaska Native        Male Not Hispanic or Latino           4    477500.000000    233862.495212        322500.0        545000.0                64.101250                27.315916                44.09975                83.45300                 47.000000                       NaN                      NaN                      NaN        1.240000e+06        1.192323e+06           607500.0          1407500.0  370.500000  253.680245     166.50     544.50         3       1         222500.0            800000.0      378.00         0.750000            75.000000
                                    Asian      Female     Hispanic or Latino           6    540000.000000    212673.458617        422500.0        562500.0                71.175667                16.669393                69.04325                78.75000                 45.250000                  3.862210                      NaN                      NaN        8.083333e+05        3.860915e+05           507500.0          1052500.0  156.166667   94.151828      95.00     191.75         5       1         140000.0            545000.0       96.75         0.833333            83.333333
                                    Asian      Female Not Hispanic or Latino         236    573135.593220    227039.968934        425000.0        705000.0                73.587568                17.018096                65.78825                80.00000                 43.612717                  3.888752                      NaN                      NaN        8.075000e+05        3.348676e+05           585000.0           955000.0  177.834746   88.824775     122.75     212.25       224      12         280000.0            370000.0       89.50         0.949153            94.915254
                                    Asian        Male     Hispanic or Latino           8    470000.000000    220583.641409        410000.0        587500.0                79.532500                27.474661                80.00000                95.00000                 44.500000                  4.806246                      NaN                      NaN        6.137500e+05        1.965733e+05           607500.0           737500.0  149.625000   65.473959      93.25     185.00         8       0         177500.0            130000.0       91.75         1.000000           100.000000
                                    Asian        Male Not Hispanic or Latino         337    626335.311573    243997.579453        455000.0        765000.0                74.234932                16.728360                68.60200                82.37400                 43.465863                  4.118193                      NaN                      NaN        8.932196e+05        4.199346e+05           625000.0          1075000.0  208.652819  149.837813     135.00     242.00       316      21         310000.0            450000.0      107.00         0.937685            93.768546
                Black or African American      Female     Hispanic or Latino           2    560000.000000     77781.745931        532500.0        587500.0                72.500000                 3.535534                71.25000                73.75000                 44.000000                  7.071068                     41.5                    46.50        7.700000e+05        7.778175e+04           742500.0           797500.0  163.000000   80.610173     134.50     191.50         2       0          55000.0             55000.0       57.00         1.000000           100.000000
                Black or African American      Female Not Hispanic or Latino          41    532560.975610    211917.206567        405000.0        615000.0                83.699024                20.749782                80.00000                97.00000                 43.030303                  4.268232                      NaN                      NaN        6.862195e+05        3.101628e+05           515000.0           735000.0  151.048780   73.511887     108.00     181.00        36       5         210000.0            220000.0       73.00         0.878049            87.804878
                Black or African American        Male     Hispanic or Latino           4    502500.000000    194657.819434        422500.0        555000.0                81.042500                13.373876                72.54250                91.00000                 46.750000                  2.217356                     45.5                    48.25        6.325000e+05        2.289651e+05           562500.0           750000.0  124.500000   37.819748     104.00     149.50         4       0         132500.0            187500.0       45.50         1.000000           100.000000
                Black or African American        Male Not Hispanic or Latino          32    531562.500000    246846.032396        320000.0        727500.0                79.244344                21.986619                75.31750                95.00000                 43.640000                  4.617719                      NaN                      NaN        7.140625e+05        3.437963e+05           542500.0           822500.0  181.437500  112.986993      98.00     241.00        27       5         407500.0            280000.0      143.00         0.843750            84.375000
Native Hawaiian or Other Pacific Islander      Female     Hispanic or Latino           1    435000.000000              NaN        435000.0        435000.0                74.138000                      NaN                74.13800                74.13800                 48.000000                       NaN                     48.0                    48.00        5.850000e+05                 NaN           585000.0           585000.0   89.000000         NaN      89.00      89.00         1       0              0.0                 0.0        0.00         1.000000           100.000000
Native Hawaiian or Other Pacific Islander      Female Not Hispanic or Latino           2    650000.000000    219203.102168        572500.0        727500.0                90.000000                 7.071068                87.50000                92.50000                 42.000000                       NaN                      NaN                      NaN        7.150000e+05        1.979899e+05           645000.0           785000.0  237.000000   65.053824     214.00     260.00         2       0         155000.0            140000.0       46.00         1.000000           100.000000
Native Hawaiian or Other Pacific Islander        Male Not Hispanic or Latino           3    661666.666667    102143.689640        625000.0        720000.0                90.666667                 9.291573                87.50000                96.00000                 40.333333                  2.516611                     39.0                    41.50        7.283333e+05        4.509250e+04           705000.0           750000.0  214.666667   39.576929     192.00     228.50         3       0          95000.0             45000.0       36.50         1.000000           100.000000
                                    White      Female     Hispanic or Latino         177    422457.627119    193134.372856        295000.0        565000.0                78.780240                19.942501                72.02300                95.00000                 44.528986                  4.175340                      NaN                      NaN        5.624576e+05        2.350502e+05           405000.0           685000.0  143.711864  118.124749      84.00     162.00       158      19         270000.0            280000.0       78.00         0.892655            89.265537
                                    White      Female Not Hispanic or Latino         365    491054.794521    248393.292499        315000.0        645000.0                70.126093                22.266862                56.55100                85.00000                 44.126437                  4.004242                      NaN                      NaN        7.548630e+05        4.479480e+05           495000.0           875000.0  169.027397  133.416164     102.00     202.00       336      29         330000.0            380000.0      100.00         0.920548            92.054795
                                    White        Male     Hispanic or Latino         295    464694.915254    209307.836815        315000.0        595000.0                84.134553                14.238187                80.00000                95.00000                 44.542857                  3.921548                      NaN                      NaN        5.675763e+05        2.605348e+05           385000.0           700000.0  152.962712  127.236410      91.00     176.50       261      34         280000.0            315000.0       85.50         0.884746            88.474576
                                    White        Male Not Hispanic or Latino         460    561086.956522    259520.072063        355000.0        735000.0                74.305852                17.480685                67.14925                85.00000                 43.573290                  4.095710                      NaN                      NaN        7.913913e+05        4.015325e+05           525000.0           975000.0  221.513043  235.347863     120.75     236.25       432      28         380000.0            450000.0      115.50         0.939130            93.913043