                             derived_race derived_sex      derived_ethnicity  total_apps  avg_loan_amount  std_loan_amount  Q1_loan_amount  Q3_loan_amount  avg_loan_to_value_ratio  std_loan_to_value_ratio  Q1_loan_to_value_ratio  Q3_loan_to_value_ratio  avg_debt_to_income_ratio  std_debt_to_income_ratio  Q1_debt_to_income_ratio  Q3_debt_to_income_ratio  avg_property_value  std_property_value  Q1_property_value  Q3_property_value  avg_income  std_income  Q1_income  Q3_income  accepted  denied  iqr_loan_amount  iqr_property_value  iqr_income  acceptance_rate  acceptance_rate_pct
                 2 or more minority races      Female Not Hispanic or Latino           4     4.525000e+05    257212.622811        277500.0        545000.0                81.250000                 6.291529                78.75000               82.500000                 46.333333                  3.785939                      NaN                      NaN        5.725000e+05       362985.307324           315000.0           702500.0   86.750000   24.918200      78.50      95.25         3       1         267500.0            387500.0       16.75         0.750000            75.000000
                 2 or more minority races        Male Not Hispanic or Latino           3     5.683333e+05     11547.005384        565000.0        575000.0                86.663333                 5.770618                84.99500               89.995000                 42.333333                  2.516611                    41.00                    43.50        6.550000e+05        34641.016151           635000.0           665000.0  203.333333  108.831674     140.50     235.00         3       0          10000.0             30000.0       94.50         1.000000           100.000000
         American Indian or Alaska Native      Female     Hispanic or Latino           9     3.716667e+05    233505.888577        175000.0        415000.0                81.405144                16.179743                74.11800               95.000000                 43.600000                  3.507136                      NaN                      NaN        4.927778e+05       314792.700748           245000.0           705000.0  195.888889  213.731984      87.00     190.00         8       1         240000.0            460000.0      103.00         0.888889            88.888889
         American Indian or Alaska Native      Female Not Hispanic or Latino           6     4.083333e+05    230362.033909        315000.0        542500.0                94.203833                 7.355503                94.99850               96.991250                 47.250000                  2.362908                      NaN                      NaN        5.033333e+05       194053.257295           367500.0           570000.0  142.333333   59.490055      93.75     176.25         6       0         227500.0            202500.0       82.50         1.000000           100.000000
         American Indian or Alaska Native        Male     Hispanic or Latino          10     4.940000e+05    126881.396938        425000.0        585000.0                85.149400                 9.203529                80.00000               90.000000                 45.000000                  4.203173                      NaN                      NaN        5.820000e+05       143762.922125           460000.0           705000.0  133.900000   66.802279      93.50     137.75         6       4         160000.0            245000.0       44.25         0.600000            60.000000
         American Indian or Alaska Native        Male Not Hispanic or Latino           4     4.125000e+05    267254.560298        255000.0        567500.0                56.030750                39.525106                23.59475               85.332500                 45.666667                  4.932883                      NaN                      NaN        8.125000e+05       309663.796183           582500.0           975000.0  114.000000   31.853833      88.50     133.50         4       0         312500.0            392500.0       45.00         1.000000           100.000000
                                    Asian      Female     Hispanic or Latino           7     5.707143e+05    268195.024988        400000.0        680000.0                76.746143                22.601884                63.99950               96.000000                 46.500000                  3.109126                      NaN                      NaN        7.750000e+05       345928.701710           540000.0           870000.0  139.428571   74.587437      95.00     160.50         6       1         280000.0            330000.0       65.50         0.857143            85.714286
                                    Asian      Female Not Hispanic or Latino         209     5.714115e+05    232432.875054        405000.0        705000.0                75.633330                16.729960                66.22500               90.000000                 43.634615                  4.024260                      NaN                      NaN        7.979665e+05       389429.814734           575000.0           905000.0  184.751196  120.858648     118.00     210.00       191      18         300000.0            330000.0       92.00         0.913876            91.387560
                                    Asian        Male     Hispanic or Latino           9     5.961111e+05    244153.867696        425000.0        685000.0                81.986667                 9.209321                80.00000               90.000000                 45.285714                  4.572173                      NaN                      NaN        7.194444e+05       268705.745710           535000.0           855000.0  135.000000   48.994898     102.00     184.00         8       1         260000.0            320000.0       82.00         0.888889            88.888889
                                    Asian        Male Not Hispanic or Latino         369     6.349729e+05    236015.956817        455000.0        765000.0                74.943054                17.861337                67.94000               89.412000                 44.092251                  4.021559                      NaN                      NaN        9.155149e+05       455234.656906           615000.0          1105000.0  210.086721  145.144542     130.00     236.00       343      26         310000.0            490000.0      106.00         0.929539            92.953930
                Black or African American      Female     Hispanic or Latino           5     5.070000e+05    317757.769378        355000.0        765000.0                73.080000                17.519475                70.40000               85.000000                 46.333333                  3.785939                      NaN                      NaN        6.670000e+05       376457.168878           415000.0           905000.0  267.000000  357.807211      64.00     230.00         4       1         410000.0            490000.0      166.00         0.800000            80.000000
                Black or African American      Female Not Hispanic or Latino          29     5.346552e+05    224045.320011        345000.0        655000.0                83.045655                17.819599                80.00000               95.000000                 44.391304                  3.551429                      NaN                      NaN        6.687931e+05       277931.309513           445000.0           745000.0  173.103448   91.004452     116.00     200.00        28       1         310000.0            300000.0       84.00         0.965517            96.551724
                Black or African American        Male     Hispanic or Latino           2     5.700000e+05     77781.745931        542500.0        597500.0                70.492000                41.730614                55.73800               85.246000                 49.000000                       NaN                      NaN                      NaN        1.085000e+06       622253.967444           865000.0          1305000.0  191.500000   96.873629     157.25     225.75         2       0          55000.0            440000.0       68.50         1.000000           100.000000
                Black or African American        Male Not Hispanic or Latino          34     5.000000e+05    166774.207729        377500.0        610000.0                83.878000                11.892499                78.10325               95.000000                 44.347826                  3.613217                      NaN                      NaN        6.102941e+05       228608.906400           427500.0           742500.0  172.764706   91.180826     115.75     201.75        28       6         232500.0            315000.0       86.00         0.823529            82.352941
Native Hawaiian or Other Pacific Islander      Female Not Hispanic or Latino           3     5.783333e+05    241108.550934        465000.0        705000.0                79.575000                15.641831                71.86250               87.500000                 42.000000                  6.000000                    39.00                    45.00        7.083333e+05       174737.898961           635000.0           805000.0  151.000000   55.217751     131.00     182.50         3       0         240000.0            170000.0       51.50         1.000000           100.000000
Native Hawaiian or Other Pacific Islander        Male     Hispanic or Latino           2     2.700000e+05    148492.424049        217500.0        322500.0                54.534000                34.827837                42.22050               66.847500                 39.500000                  4.949747                    37.75                    41.25        5.050000e+05        42426.406871           490000.0           520000.0   68.500000   37.476659      55.25      81.75         1       1         105000.0             30000.0       26.50         0.500000            50.000000
Native Hawaiian or Other Pacific Islander        Male Not Hispanic or Latino           1     1.055000e+06              NaN       1055000.0       1055000.0                73.690000                      NaN                73.69000               73.690000                 49.000000                       NaN                    49.00                    49.00        1.425000e+06                 NaN          1425000.0          1425000.0  229.000000         NaN     229.00     229.00         1       0              0.0                 0.0        0.00         1.000000           100.000000
                                    White      Female     Hispanic or Latino         190     4.324211e+05    216573.072774        285000.0        565000.0                81.566842                18.840739                75.22725               95.000000                 44.421053                  4.071426                      NaN                      NaN        5.582632e+05       269117.476385           405000.0           675000.0  134.984211  100.892393      83.00     156.00       172      18         280000.0            270000.0       73.00         0.905263            90.526316
                                    White      Female Not Hispanic or Latino         342     4.928363e+05    256187.928355        295000.0        655000.0                71.876697                19.858293                61.41375               83.789000                 43.529915                  4.150749                      NaN                      NaN        7.155263e+05       369485.277478           445000.0           882500.0  167.608187  110.712005      99.00     199.75       324      18         360000.0            437500.0      100.75         0.947368            94.736842
                                    White        Male     Hispanic or Latino         288     4.719792e+05    206491.108675        322500.0        605000.0                83.009580                15.917127                80.00000               95.000000                 43.883178                  4.120303                      NaN                      NaN        5.817708e+05       251834.363427           405000.0           725000.0  169.322917  181.882634      94.00     180.50       254      34         282500.0            320000.0       86.50         0.881944            88.194444
                                    White        Male Not Hispanic or Latino         474     5.563502e+05    264359.834952        345000.0        745000.0                74.525782                18.124728                65.52000               88.078375                 43.215488                  4.121552                      NaN                      NaN        7.783544e+05       402528.914974           495000.0           955000.0  228.864979  327.962186     118.00     248.75       436      38         400000.0            460000.0      130.75         0.919831            91.983122