                             derived_race derived_sex      derived_ethnicity  total_apps  avg_loan_amount  std_loan_amount  Q1_loan_amount  Q3_loan_amount  avg_loan_to_value_ratio  std_loan_to_value_ratio  Q1_loan_to_value_ratio  Q3_loan_to_value_ratio  avg_debt_to_income_ratio  std_debt_to_income_ratio  Q1_debt_to_income_ratio  Q3_debt_to_income_ratio  avg_property_value  std_property_value  Q1_property_value  Q3_property_value  avg_income  std_income  Q1_income  Q3_income  accepted  denied  iqr_loan_amount  iqr_property_value  iqr_income  acceptance_rate  acceptance_rate_pct
                 2 or more minority races      Female     Hispanic or Latino           2    615000.000000    113137.084990        575000.0        655000.0                92.500000                 3.535534                91.25000                93.75000                 40.000000                  0.000000                    40.00                    40.00        7.500000e+05        2.616295e+05           657500.0           842500.0  182.000000   59.396970     161.00     203.00         2       0          80000.0            185000.0       42.00         1.000000           100.000000
                 2 or more minority races      Female Not Hispanic or Latino           4    577500.000000    218841.647468        472500.0        740000.0                86.503250                 9.193781                79.53600                91.96725                 46.333333                  2.516611                      NaN                      NaN        7.625000e+05        3.475030e+05           585000.0           992500.0  167.000000   67.007462     125.00     220.50         4       0         267500.0            407500.0       95.50         1.000000           100.000000
                 2 or more minority races        Male     Hispanic or Latino           1    105000.000000              NaN        105000.0        105000.0                95.000000                      NaN                95.00000                95.00000                 38.000000                       NaN                    38.00                    38.00        1.050000e+05                 NaN           105000.0           105000.0   31.000000         NaN      31.00      31.00         1       0              0.0                 0.0        0.00         1.000000           100.000000
                 2 or more minority races        Male Not Hispanic or Latino           2    460000.000000     63639.610307        437500.0        482500.0                54.811000                59.027860                33.94150                75.68050                 49.000000                       NaN                      NaN                      NaN        2.130000e+06        2.397092e+06          1282500.0          2977500.0  239.500000  202.939646     167.75     311.25         2       0          45000.0           1695000.0      143.50         1.000000           100.000000
         American Indian or Alaska Native      Female     Hispanic or Latino           2    640000.000000    332340.187158        522500.0        757500.0                90.000000                14.142136                85.00000                95.00000                 45.500000                  2.121320                    44.75                    46.25        7.600000e+05        4.737615e+05           592500.0           927500.0  428.500000  446.184379     270.75     586.25         2       0         235000.0            335000.0      315.50         1.000000           100.000000
         American Indian or Alaska Native      Female Not Hispanic or Latino           4    422500.000000     59090.326337        382500.0        445000.0                78.907500                16.283147                67.65750                91.25000                 44.500000                  3.535534                      NaN                      NaN        5.450000e+05        6.633250e+04           520000.0           560000.0  147.000000   56.290911     117.25     166.25         4       0          62500.0             40000.0       49.00         1.000000           100.000000
         American Indian or Alaska Native        Male     Hispanic or Latino           7    512142.857143    136956.718919        430000.0        610000.0                84.285714                 9.322272                80.00000                92.50000                 43.750000                  5.123475                      NaN                      NaN        6.050000e+05        1.408309e+05           505000.0           660000.0  158.857143   42.553608     141.50     174.50         7       0         180000.0            155000.0       33.00         1.000000           100.000000
         American Indian or Alaska Native        Male Not Hispanic or Latino           7    477857.142857    243496.357653        355000.0        660000.0                61.052143                27.118269                45.91400                80.00000                 40.750000                  2.629956                      NaN                      NaN        8.278571e+05        3.648157e+05           550000.0          1070000.0  214.000000  141.569771     135.50     218.00         6       1         305000.0            520000.0       82.50         0.857143            85.714286
                                    Asian      Female     Hispanic or Latino           5    581000.000000    215360.163447        435000.0        735000.0                73.513400                20.461964                73.29000                80.00000                 47.500000                  1.914854                      NaN                      NaN        8.150000e+05        2.636285e+05           785000.0           935000.0  148.200000   55.133474     117.00     191.00         5       0         300000.0            150000.0       74.00         1.000000           100.000000
                                    Asian      Female Not Hispanic or Latino         227    549449.339207    232919.202135        375000.0        695000.0                73.098181                17.484074                64.99250                80.00000                 43.496933                  4.087582                      NaN                      NaN        7.832379e+05        3.385922e+05           565000.0           925000.0  198.986784  208.729309     121.50     220.50       210      17         320000.0            360000.0       99.00         0.925110            92.511013
                                    Asian        Male     Hispanic or Latino          12    452500.000000    193678.505871        255000.0        590000.0                71.605417                21.127643                51.15875                95.00000                 43.000000                  4.000000                      NaN                      NaN        6.266667e+05        2.001742e+05           500000.0           805000.0  142.583333   94.960718      89.75     160.25         9       3         335000.0            305000.0       70.50         0.750000            75.000000
                                    Asian        Male Not Hispanic or Latino         389    629498.714653    229258.257389        455000.0        765000.0                74.492981                17.658867                70.00000                85.00000                 43.927007                  4.234232                      NaN                      NaN        8.950257e+05        4.057039e+05           635000.0          1065000.0  195.344473  103.867529     130.00     233.00       360      29         310000.0            430000.0      103.00         0.925450            92.544987
                Black or African American      Female     Hispanic or Latino           2    655000.000000    353553.390593        530000.0        780000.0                82.500000                10.606602                78.75000                86.25000                 40.000000                  2.828427                    39.00                    41.00        8.250000e+05        5.374012e+05           635000.0          1015000.0  218.500000   16.263456     212.75     224.25         2       0         250000.0            380000.0       11.50         1.000000           100.000000
                Black or African American      Female Not Hispanic or Latino          43    456395.348837    217185.255522        320000.0        550000.0                85.712395                14.557699                80.00000                95.00000                 43.777778                  4.542568                      NaN                      NaN        5.615116e+05        2.381265e+05           415000.0           680000.0  136.720930   67.639213      90.50     158.50        37       6         230000.0            265000.0       68.00         0.860465            86.046512
                Black or African American        Male     Hispanic or Latino           3    548333.333333    325320.354932        390000.0        715000.0                94.000000                 3.605551                92.50000                96.00000                 42.666667                  1.527525                    42.00                    43.50        5.916667e+05        3.750111e+05           405000.0           780000.0  194.333333  144.420682     117.00     260.00         3       0         325000.0            375000.0      143.00         1.000000           100.000000
                Black or African American        Male Not Hispanic or Latino          29    578103.448276    209933.721654        455000.0        665000.0                84.161103                15.197092                80.00000                95.00000                 43.400000                  5.040885                      NaN                      NaN        6.912069e+05        2.147991e+05           535000.0           825000.0  174.379310   88.401040     116.00     224.00        25       4         210000.0            290000.0      108.00         0.862069            86.206897
Native Hawaiian or Other Pacific Islander      Female     Hispanic or Latino           2    420000.000000     35355.339059        407500.0        432500.0                97.500000                 3.535534                96.25000                98.75000                 48.000000                       NaN                      NaN                      NaN        4.400000e+05        2.121320e+04           432500.0           447500.0  109.500000   31.819805      98.25     120.75         2       0          25000.0             15000.0       22.50         1.000000           100.000000
Native Hawaiian or Other Pacific Islander      Female Not Hispanic or Latino           4    547500.000000    201390.996158        407500.0        655000.0                73.057500                33.062989                52.49750                97.50000                 44.250000                  5.188127                    41.00                    48.25        9.475000e+05        5.943834e+05           647500.0          1090000.0  178.250000   72.265137     131.50     211.75         3       1         247500.0            442500.0       80.25         0.750000            75.000000
Native Hawaiian or Other Pacific Islander        Male     Hispanic or Latino           1    265000.000000              NaN        265000.0        265000.0               100.000000                      NaN               100.00000               100.00000                       NaN                       NaN                      NaN                      NaN        2.650000e+05                 NaN           265000.0           265000.0   73.000000         NaN      73.00      73.00         0       1              0.0                 0.0        0.00         0.000000             0.000000
Native Hawaiian or Other Pacific Islander        Male Not Hispanic or Latino           2    450000.000000    134350.288425        402500.0        497500.0                87.500000                10.606602                83.75000                91.25000                       NaN                       NaN                      NaN                      NaN        5.200000e+05        2.192031e+05           442500.0           597500.0  191.000000   29.698485     180.50     201.50         2       0          95000.0            155000.0       21.00         1.000000           100.000000
                                    White      Female     Hispanic or Latino         170    477352.941176    202838.712613        335000.0        612500.0                81.384700                17.524327                77.99375                95.00000                 44.592593                  3.955529                      NaN                      NaN        6.004706e+05        2.532559e+05           425000.0           732500.0  138.400000   74.274112      83.00     170.00       157      13         277500.0            307500.0       87.00         0.923529            92.352941
                                    White      Female Not Hispanic or Latino         349    476146.131805    254531.017617        295000.0        615000.0                70.260946                20.282601                58.26000                81.80000                 44.141079                  3.766742                      NaN                      NaN        7.083524e+05        3.647774e+05           455000.0           895000.0  161.002865  136.063742      95.00     185.00       325      24         320000.0            440000.0       90.00         0.931232            93.123209
                                    White        Male     Hispanic or Latino         263    441273.764259    181563.904685        305000.0        545000.0                82.199829                15.844538                80.00000                95.00000                 44.329897                  3.995390                      NaN                      NaN        5.539354e+05        2.284624e+05           405000.0           675000.0  145.296578  102.321467      86.00     167.00       240      23         240000.0            270000.0       81.00         0.912548            91.254753
                                    White        Male Not Hispanic or Latino         470    546744.680851    250461.277481        355000.0        702500.0                75.299714                18.164661                68.26150                89.93500                 43.713433                  3.892450                      NaN                      NaN        7.753191e+05        4.295598e+05           495000.0           965000.0  201.795745  201.951093     115.25     230.00       451      19         347500.0            470000.0      114.75         0.959574            95.957447