                             derived_race derived_sex      derived_ethnicity  total_apps  avg_loan_amount  std_loan_amount  Q1_loan_amount  Q3_loan_amount  avg_loan_to_value_ratio  std_loan_to_value_ratio  Q1_loan_to_value_ratio  Q3_loan_to_value_ratio  avg_debt_to_income_ratio  std_debt_to_income_ratio  Q1_debt_to_income_ratio  Q3_debt_to_income_ratio  avg_property_value  std_property_value  Q1_property_value  Q3_property_value  avg_income  std_income  Q1_income  Q3_income  accepted  denied  iqr_loan_amount  iqr_property_value  iqr_income  acceptance_rate  acceptance_rate_pct
                 2 or more minority races      Female Not Hispanic or Latino           3    568333.333333    149777.612924        485000.0        630000.0                93.333333                 2.886751                92.50000                 95.0000                 44.000000                  7.071068                      NaN                      NaN        6.083333e+05       146401.275040           530000.0           675000.0  127.333333   30.924640     109.50     137.00         2       1         145000.0            145000.0       27.50         0.666667            66.666667
                 2 or more minority races        Male Not Hispanic or Latino           4    687500.000000    283593.018250        542500.0        730000.0                72.790750                14.418500                72.79075                 80.0000                 40.666667                  1.527525                      NaN                      NaN        1.052500e+06       738032.293783           677500.0          1105000.0  227.000000   99.709578     149.75     292.25         4       0         187500.0            427500.0      142.50         1.000000           100.000000
         American Indian or Alaska Native      Female     Hispanic or Latino           7    496428.571429    187210.093338        405000.0        635000.0                82.600000                21.272715                79.29250                 95.0000                 45.428571                  4.928054                     43.0                     49.0        5.878571e+05       121478.981133           485000.0           665000.0  121.857143   50.508839      84.50     158.00         7       0         230000.0            180000.0       73.50         1.000000           100.000000
         American Indian or Alaska Native      Female Not Hispanic or Latino           3    415000.000000    170000.000000        330000.0        500000.0                72.422333                 7.220256                69.63350                 76.5000                 48.000000                  1.414214                      NaN                      NaN        5.583333e+05       185022.521152           465000.0           650000.0  177.333333  131.804148     105.50     235.00         3       0         170000.0            185000.0      129.50         1.000000           100.000000
         American Indian or Alaska Native        Male     Hispanic or Latino           9    446111.111111    122417.772856        345000.0        545000.0                80.706444                13.808244                79.00000                 92.7270                 45.142857                  4.670067                      NaN                      NaN        5.661111e+05       156080.463579           435000.0           715000.0  131.666667   43.361850     105.00     156.00         8       1         200000.0            280000.0       51.00         0.888889            88.888889
         American Indian or Alaska Native        Male Not Hispanic or Latino           7    417857.142857    228306.393962        315000.0        555000.0                86.227429                11.758470                82.29650                 93.0000                 42.666667                  2.581989                      NaN                      NaN        5.864286e+05       270149.870222           390000.0           770000.0  138.428571   53.705546     131.50     163.50         7       0         240000.0            380000.0       32.00         1.000000           100.000000
                                    Asian      Female     Hispanic or Latino           4    605000.000000    177951.304201        470000.0        735000.0                87.500000                 6.454972                83.75000                 91.2500                 49.000000                  0.000000                      NaN                      NaN        6.925000e+05       198053.023203           572500.0           800000.0  170.750000   48.224302     141.75     197.50         3       1         265000.0            227500.0       55.75         0.750000            75.000000
                                    Asian      Female Not Hispanic or Latino         215    593093.023256    221012.095702        425000.0        740000.0                73.656879                16.230741                66.80350                 80.0000                 44.127517                  3.887417                      NaN                      NaN        8.595116e+05       447099.289193           585000.0          1025000.0  197.506977  192.736076     120.00     216.00       201      14         315000.0            440000.0       96.00         0.934884            93.488372
                                    Asian        Male     Hispanic or Latino          14    450714.285714    175968.278860        317500.0        622500.0                74.207071                24.372461                80.00000                 89.9645                 44.555556                  4.746344                      NaN                      NaN        6.850000e+05       192912.893855           557500.0           802500.0  135.000000   65.779351      97.00     153.50        10       4         305000.0            245000.0       56.50         0.714286            71.428571
                                    Asian        Male Not Hispanic or Latino         353    638966.005666    239835.689446        465000.0        765000.0                73.497878                17.436438                68.52000                 83.2930                 43.618321                  4.295517                      NaN                      NaN        9.160765e+05       388834.910834           655000.0          1145000.0  217.747875  206.521946     130.00     238.00       334      19         300000.0            490000.0      108.00         0.946176            94.617564
                Black or African American      Female     Hispanic or Latino           4    490000.000000    322541.986931        345000.0        575000.0                78.026750                30.672356                75.50175                 95.0000                 47.000000                  3.464102                      NaN                      NaN        6.150000e+05       282488.937837           470000.0           645000.0  168.500000   94.115178     116.50     213.50         3       1         230000.0            175000.0       97.00         0.750000            75.000000
                Black or African American      Female Not Hispanic or Latino          55    486090.909091    202993.091720        335000.0        615000.0                82.199000                16.976142                74.95000                 95.0000                 43.959184                  3.984131                      NaN                      NaN        6.219091e+05       254004.029767           475000.0           735000.0  174.909091  235.050843     103.50     177.50        50       5         280000.0            260000.0       74.00         0.909091            90.909091
                Black or African American        Male     Hispanic or Latino           5    495000.000000    222148.598915        455000.0        645000.0                82.469400                17.166668                78.07500                 97.0000                 45.666667                  4.163332                      NaN                      NaN        6.410000e+05       324853.813276           465000.0           845000.0  166.400000   91.699509     114.00     230.00         1       4         190000.0            380000.0      116.00         0.200000            20.000000
                Black or African American        Male Not Hispanic or Latino          28    543571.428571    244202.622089        417500.0        652500.0                82.744357                19.072593                79.59075                 94.7975                 46.444444                  3.072118                      NaN                      NaN        6.685714e+05       272508.433926           472500.0           802500.0  178.535714  122.462536      98.50     209.25        27       1         235000.0            330000.0      110.75         0.964286            96.428571
Native Hawaiian or Other Pacific Islander      Female     Hispanic or Latino           2    440000.000000      7071.067812        437500.0        442500.0                87.069000                18.287196                80.60350                 93.5345                 48.000000                  0.000000                     48.0                     48.0        5.200000e+05        91923.881554           487500.0           552500.0   88.000000    1.414214      87.50      88.50         2       0           5000.0             65000.0        1.00         1.000000           100.000000
Native Hawaiian or Other Pacific Islander      Female Not Hispanic or Latino           3    485000.000000    127671.453348        430000.0        555000.0                86.666667                11.547005                80.00000                 90.0000                 44.333333                  4.041452                     42.5                     46.5        5.783333e+05       198578.280115           500000.0           690000.0  138.666667   59.752266     110.50     170.00         3       0         125000.0            190000.0       59.50         1.000000           100.000000
Native Hawaiian or Other Pacific Islander        Male Not Hispanic or Latino           6    643333.333333     90424.922818        565000.0        712500.0                90.595333                 9.491618                83.08875                 96.5000                 44.000000                  3.240370                      NaN                      NaN        7.200000e+05        82401.456298           705000.0           755000.0  209.166667   72.799496     156.75     254.25         5       1         147500.0             50000.0       97.50         0.833333            83.333333
                                    White      Female     Hispanic or Latino         155    429709.677419    202796.391004        285000.0        565000.0                80.498465                26.840251                73.50000                 95.0000                 44.258929                  4.003929                      NaN                      NaN        5.570645e+05       255403.161749           395000.0           695000.0  140.348387  108.329200      82.50     166.50       129      26         280000.0            300000.0       84.00         0.832258            83.225806
                                    White      Female Not Hispanic or Latino         379    490699.208443    256448.524646        305000.0        640000.0                72.070652                20.523057                60.00000                 89.9870                 43.925373                  4.167157                      NaN                      NaN        7.215963e+05       383156.996139           470000.0           910000.0  173.430079  134.311323      94.00     208.50       356      23         335000.0            440000.0      114.50         0.939314            93.931398
                                    White        Male     Hispanic or Latino         245    475775.510204    215942.014199        325000.0        595000.0                82.362404                16.834255                80.00000                 95.0000                 44.725806                  3.792607                      NaN                      NaN        6.039796e+05       281992.652633           415000.0           735000.0  152.791837  117.255088      91.00     167.00       218      27         270000.0            320000.0       76.00         0.889796            88.979592
                                    White        Male Not Hispanic or Latino         499    568947.895792    261143.310473        375000.0        735000.0                75.861433                17.492867                69.30550                 90.0000                 43.657576                  4.187950                      NaN                      NaN        8.151804e+05       524509.493116           505000.0           975000.0  223.785571  262.100237     119.00     255.50       467      32         360000.0            470000.0      136.50         0.935872            93.587174