                             derived_race derived_sex      derived_ethnicity  total_apps  avg_loan_amount  std_loan_amount  Q1_loan_amount  Q3_loan_amount  avg_loan_to_value_ratio  std_loan_to_value_ratio  Q1_loan_to_value_ratio  Q3_loan_to_value_ratio  avg_debt_to_income_ratio  std_debt_to_income_ratio  Q1_debt_to_income_ratio  Q3_debt_to_income_ratio  avg_property_value  std_property_value  Q1_property_value  Q3_property_value  avg_income  std_income  Q1_income  Q3_income  accepted  denied  iqr_loan_amount  iqr_property_value  iqr_income  acceptance_rate  acceptance_rate_pct
                 2 or more minority races      Female     Hispanic or Latino           2    495000.000000     84852.813742        465000.0        525000.0                79.677000                21.669994                72.01550                87.33850                 42.000000                       NaN                      NaN                      NaN       625000.000000        56568.542495           605000.0           645000.0  123.500000   27.577164     113.75     133.25         1       1          60000.0             40000.0       19.50         0.500000            50.000000
                 2 or more minority races      Female Not Hispanic or Latino           1    255000.000000              NaN        255000.0        255000.0                80.000000                      NaN                80.00000                80.00000                 45.000000                       NaN                    45.00                    45.00       315000.000000                 NaN           315000.0           315000.0   52.000000         NaN      52.00      52.00         1       0              0.0                 0.0        0.00         1.000000           100.000000
                 2 or more minority races        Male     Hispanic or Latino           1    105000.000000              NaN        105000.0        105000.0                95.000000                      NaN                95.00000                95.00000                 38.000000                       NaN                    38.00                    38.00       105000.000000                 NaN           105000.0           105000.0   31.000000         NaN      31.00      31.00         1       0              0.0                 0.0        0.00         1.000000           100.000000
                 2 or more minority races        Male Not Hispanic or Latino           2    430000.000000    106066.017178        392500.0        467500.0                65.219500                35.030777                52.83425                77.60475                 49.000000                       NaN                      NaN                      NaN       730000.000000       190918.830920           662500.0           797500.0  127.000000   26.870058     117.50     136.50         2       0          75000.0            135000.0       19.00         1.000000           100.000000
         American Indian or Alaska Native      Female     Hispanic or Latino           6    386666.666667    124324.843320        330000.0        382500.0                72.956833                14.819817                61.16400                80.00000                 44.200000                  4.324350                      NaN                      NaN       535000.000000       155948.709517           425000.0           627500.0  110.500000   63.651394      70.25     130.50         5       1          52500.0            202500.0       60.25         0.833333            83.333333
         American Indian or Alaska Native      Female Not Hispanic or Latino           5    249000.000000    106677.082825        175000.0        335000.0                67.870000                28.941484                44.00000                90.00000                 43.000000                  2.581989                      NaN                      NaN       389000.000000       159467.865101           325000.0           445000.0   85.000000   24.959968      70.00     104.00         5       0         160000.0            120000.0       34.00         1.000000           100.000000
         American Indian or Alaska Native        Male     Hispanic or Latino           8    427500.000000    135725.563441        345000.0        557500.0                80.658125                15.508262                80.00000                89.88825                 42.250000                  5.560276                      NaN                      NaN       541250.000000       164485.127421           475000.0           680000.0  136.750000   42.980893     103.25     178.75         8       0         212500.0            205000.0       75.50         1.000000           100.000000
         American Indian or Alaska Native        Male Not Hispanic or Latino           4    545000.000000     97638.790106        490000.0        585000.0                87.500000                 8.660254                80.00000                95.00000                 44.000000                  5.656854                      NaN                      NaN       625000.000000        66833.125519           580000.0           655000.0  162.750000   57.766051     117.50     200.25         4       0          95000.0             75000.0       82.75         1.000000           100.000000
                                    Asian      Female     Hispanic or Latino           6    448333.333333    142641.742371        332500.0        522500.0                76.710500                11.593052                76.25000                80.00000                 46.500000                  3.109126                      NaN                      NaN       605000.000000       236304.887804           437500.0           770000.0  193.833333  230.928921      68.50     170.75         6       0         190000.0            332500.0      102.25         1.000000           100.000000
                                    Asian      Female Not Hispanic or Latino         235    578276.595745    219285.719067        415000.0        705000.0                73.195310                18.406838                64.47600                85.00000                 43.331395                  4.045148                      NaN                      NaN       841000.000000       375569.311436           615000.0           955000.0  181.055319  101.144778     120.00     214.50       219      16         290000.0            340000.0       94.50         0.931915            93.191489
                                    Asian        Male     Hispanic or Latino          11    595909.090909    223939.927010        430000.0        740000.0                79.211727                15.847617                75.17900                89.97300                 43.900000                  3.695342                      NaN                      NaN       793181.818182       310348.777404           540000.0          1055000.0  196.727273   79.927581     138.50     249.50        11       0         310000.0            515000.0      111.00         1.000000           100.000000
                                    Asian        Male Not Hispanic or Latino         361    629349.030471    240064.065651        455000.0        765000.0                73.847158                18.077675                66.00000                85.00000                 43.740310                  4.083563                      NaN                      NaN       928933.518006       469574.317880           625000.0          1155000.0  202.385042  108.641478     137.00     237.00       340      21         310000.0            530000.0      100.00         0.941828            94.182825
                Black or African American      Female     Hispanic or Latino           2    560000.000000    134350.288425        512500.0        607500.0                89.945000                 0.063640                89.92250                89.96750                 46.000000                  4.242641                    44.50                    47.50       620000.000000       148492.424049           567500.0           672500.0  215.000000  118.793939     173.00     257.00         2       0          95000.0            105000.0       84.00         1.000000           100.000000
                Black or African American      Female Not Hispanic or Latino          44    510909.090909    187707.320195        390000.0        597500.0                84.023114                16.707958                80.00000                95.00000                 44.645161                  4.021180                      NaN                      NaN       653863.636364       283033.533300           492500.0           762500.0  158.136364   87.913433     112.75     195.25        36       8         207500.0            270000.0       82.50         0.818182            81.818182
                Black or African American        Male     Hispanic or Latino           5    489000.000000    146901.327428        455000.0        515000.0                84.647800                19.670173                80.00000                97.00000                 46.800000                  3.033150                    44.00                    49.00       673000.000000       396824.898412           465000.0           645000.0  117.200000   29.260895     113.00     123.00         4       1          60000.0            180000.0       10.00         0.800000            80.000000
                Black or African American        Male Not Hispanic or Latino          27    592777.777778    220424.997419        435000.0        690000.0                86.535037                14.830236                80.00000                96.00000                 43.826087                  3.419891                      NaN                      NaN       703518.518519       249995.441554           475000.0           815000.0  182.333333  102.256841     122.00     200.00        26       1         255000.0            340000.0       78.00         0.962963            96.296296
Native Hawaiian or Other Pacific Islander      Female     Hispanic or Latino           1    495000.000000              NaN        495000.0        495000.0                80.000000                      NaN                80.00000                80.00000                 47.000000                       NaN                    47.00                    47.00       615000.000000                 NaN           615000.0           615000.0  131.000000         NaN     131.00     131.00         1       0              0.0                 0.0        0.00         1.000000           100.000000
Native Hawaiian or Other Pacific Islander      Female Not Hispanic or Latino           3    601666.666667    323161.466350        465000.0        780000.0                86.666667                 7.637626                82.50000                90.00000                 42.333333                  4.932883                    39.50                    44.00       761666.666667       247049.252849           630000.0           875000.0  147.000000   93.064494      99.50     192.50         3       0         315000.0            245000.0       93.00         1.000000           100.000000
Native Hawaiian or Other Pacific Islander        Male     Hispanic or Latino           2    690000.000000    233345.237792        607500.0        772500.0                94.980000                 0.028284                94.97000                94.99000                 42.500000                  9.192388                    39.25                    45.75       730000.000000       247487.373415           642500.0           817500.0  187.500000  103.944697     150.75     224.25         2       0         165000.0            175000.0       73.50         1.000000           100.000000
Native Hawaiian or Other Pacific Islander        Male Not Hispanic or Latino           6    491666.666667    195618.676682        367500.0        645000.0                85.291667                18.894719                83.43750                96.50000                 41.400000                  4.878524                      NaN                      NaN       596666.666667       225691.529896           447500.0           792500.0  151.500000   66.935043      94.50     197.75         6       0         277500.0            345000.0      103.25         1.000000           100.000000
                                    White      Female     Hispanic or Latino         174    438735.632184    193663.671263        305000.0        555000.0                82.266259                15.429098                75.17275                95.00000                 44.050360                  3.884797                      NaN                      NaN       548620.689655       243370.111890           385000.0           685000.0  142.103448  114.175004      81.00     155.75       151      23         250000.0            300000.0       74.75         0.867816            86.781609
                                    White      Female Not Hispanic or Latino         336    488273.809524    244883.150993        305000.0        647500.0                72.224208                20.186982                59.59275                88.01000                 43.203463                  4.334612                      NaN                      NaN       717261.904762       409615.330842           435000.0           905000.0  174.744048  119.536593      95.00     212.00       310      26         342500.0            470000.0      117.00         0.922619            92.261905
                                    White        Male     Hispanic or Latino         276    446775.362319    177708.955854        315000.0        565000.0                83.321957                16.429468                78.51300                95.00000                 44.782828                  3.775194                      NaN                      NaN       562391.304348       256980.520939           405000.0           695000.0  150.384058  140.653634      90.00     160.25       252      24         250000.0            290000.0       70.25         0.913043            91.304348
                                    White        Male Not Hispanic or Latino         482    555726.141079    255330.065830        345000.0        732500.0                74.901664                17.959664                65.32500                90.00000                 43.583051                  4.008374                      NaN                      NaN       787053.941909       402143.080725           495000.0          1055000.0  216.352697  204.240707     116.00     249.75       448      34         387500.0            560000.0      133.75         0.929461            92.946058