                             derived_race derived_sex      derived_ethnicity  total_apps  avg_loan_amount  std_loan_amount  Q1_loan_amount  Q3_loan_amount  avg_loan_to_value_ratio  std_loan_to_value_ratio  Q1_loan_to_value_ratio  Q3_loan_to_value_ratio  avg_debt_to_income_ratio  std_debt_to_income_ratio  Q1_debt_to_income_ratio  Q3_debt_to_income_ratio  avg_property_value  std_property_value  Q1_property_value  Q3_property_value  avg_income  std_income  Q1_income  Q3_income  accepted  denied  iqr_loan_amount  iqr_property_value  iqr_income  acceptance_rate  acceptance_rate_pct
                 2 or more minority races      Female     Hispanic or Latino           2    545000.000000    113137.084990        505000.0        585000.0                89.095500                13.578572                84.29475                93.89625                 49.000000                       NaN                      NaN                      NaN       635000.000000       226274.169980           555000.0           715000.0   78.500000  111.015765      39.25     117.75         1       1          80000.0            160000.0       78.50         0.500000            50.000000
                 2 or more minority races      Female Not Hispanic or Latino           5    677000.000000    198796.378237        505000.0        815000.0                87.126400                 8.408548                83.70000                95.00000                 47.000000                  1.414214                      NaN                      NaN       791000.000000       268104.457255           605000.0          1035000.0  135.200000   83.652256     104.00     128.00         3       2         310000.0            430000.0       24.00         0.600000            60.000000
                 2 or more minority races        Male Not Hispanic or Latino           2    620000.000000    374766.594029        487500.0        752500.0                60.224500                27.966780                50.33675                70.11225                 42.000000                       NaN                      NaN                      NaN       985000.000000       169705.627485           925000.0          1045000.0  175.500000   41.719300     160.75     190.25         2       0         265000.0            120000.0       29.50         1.000000           100.000000
         American Indian or Alaska Native      Female     Hispanic or Latino           6    416666.666667    122215.656389        342500.0        437500.0                74.014167                21.674480                54.72425                93.83650                 45.000000                  2.828427                      NaN                      NaN       610000.000000       235350.801996           420000.0           762500.0  127.833333   65.211707      89.00     172.75         6       0          95000.0            342500.0       83.75         1.000000           100.000000
         American Indian or Alaska Native      Female Not Hispanic or Latino           2    665000.000000     14142.135624        660000.0        670000.0                89.046500                 5.736757                87.01825                91.07475                 43.500000                  4.949747                    41.75                    45.25       745000.000000        28284.271247           735000.0           755000.0  205.000000   14.142136     200.00     210.00         2       0          10000.0             20000.0       10.00         1.000000           100.000000
         American Indian or Alaska Native        Male     Hispanic or Latino           8    467500.000000    287240.566176        252500.0        637500.0                91.833875                 6.401423                88.04000                96.60825                 44.000000                  3.958114                      NaN                      NaN       526250.000000       358546.171564           267500.0           680000.0  126.375000   64.857949      87.00     181.25         5       3         385000.0            412500.0       94.25         0.625000            62.500000
         American Indian or Alaska Native        Male Not Hispanic or Latino           6    373333.333333     98674.549235        290000.0        447500.0                83.666667                 9.831921                76.25000                91.25000                 47.000000                  2.160247                      NaN                      NaN       453333.333333       134672.442120           370000.0           555000.0  156.500000  153.191057      82.75     119.25         6       0         157500.0            185000.0       36.50         1.000000           100.000000
                                    Asian      Female     Hispanic or Latino           1    435000.000000              NaN        435000.0        435000.0                97.000000                      NaN                97.00000                97.00000                 45.000000                       NaN                    45.00                    45.00       455000.000000                 NaN           455000.0           455000.0  140.000000         NaN     140.00     140.00         1       0              0.0                 0.0        0.00         1.000000           100.000000
                                    Asian      Female Not Hispanic or Latino         233    558090.128755    220860.143640        415000.0        685000.0                71.420159                18.719244                60.00000                80.00000                 43.875000                  4.100545                      NaN                      NaN       833540.772532       361563.319338           575000.0           995000.0  181.510730  125.065814     118.00     213.00       214      19         270000.0            420000.0       95.00         0.918455            91.845494
                                    Asian        Male     Hispanic or Latino          12    523333.333333    155436.823374        387500.0        637500.0                84.452083                12.470282                80.00000                90.00000                 42.888889                  4.859127                      NaN                      NaN       619166.666667       161101.793531           495000.0           725000.0  174.500000   86.306536     136.25     212.00        12       0         250000.0            230000.0       75.75         1.000000           100.000000
                                    Asian        Male Not Hispanic or Latino         367    637506.811989    244930.533996        460000.0        765000.0                73.187457                16.841602                66.53000                80.00000                 43.661597                  4.169538                      NaN                      NaN       932847.411444       422148.419550           635000.0          1160000.0  206.667575  127.393751     140.50     232.50       346      21         305000.0            525000.0       92.00         0.942779            94.277929
                Black or African American      Female     Hispanic or Latino           4    535000.000000    255994.791614        375000.0        740000.0                81.217250                29.538279                76.89075                96.82650                 47.000000                  2.828427                      NaN                      NaN       765000.000000       116045.967904           745000.0           825000.0  149.250000   51.142774     113.00     180.25         4       0         365000.0             80000.0       67.25         1.000000           100.000000
                Black or African American      Female Not Hispanic or Latino          38    538157.894737    240158.790524        375000.0        622500.0                89.796316                 9.581859                81.25000                97.99750                 44.793103                  3.638871                      NaN                      NaN       633684.210526       290918.127729           437500.0           750000.0  167.026316   90.357095     114.50     191.75        35       3         247500.0            312500.0       77.25         0.921053            92.105263
                Black or African American        Male     Hispanic or Latino           3    581666.666667    150443.787952        495000.0        630000.0                75.000000                13.228757                70.00000                82.50000                       NaN                       NaN                      NaN                      NaN       815000.000000       381182.371051           595000.0           930000.0  218.333333   82.706308     172.00     251.50         3       0         135000.0            335000.0       79.50         1.000000           100.000000
                Black or African American        Male Not Hispanic or Latino          29    547413.793103    217676.942352        395000.0        665000.0                83.654897                14.822691                80.00000                95.00000                 44.173913                  3.797753                      NaN                      NaN       687758.620690       275459.311900           505000.0           785000.0  174.000000   98.308915     114.00     190.00        24       5         270000.0            280000.0       76.00         0.827586            82.758621
Native Hawaiian or Other Pacific Islander      Female Not Hispanic or Latino           2    310000.000000    190918.830920        242500.0        377500.0                82.500000                17.677670                76.25000                88.75000                 45.500000                  2.121320                    44.75                    46.25       425000.000000        56568.542495           405000.0           445000.0   77.000000   25.455844      68.00      86.00         1       1         135000.0             40000.0       18.00         0.500000            50.000000
Native Hawaiian or Other Pacific Islander        Male     Hispanic or Latino           1    265000.000000              NaN        265000.0        265000.0                39.394000                      NaN                39.39400                39.39400                 38.000000                       NaN                    38.00                    38.00       665000.000000                 NaN           665000.0           665000.0   97.000000         NaN      97.00      97.00         1       0              0.0                 0.0        0.00         1.000000           100.000000
                                    White      Female     Hispanic or Latino         179    416675.977654    201029.613877        275000.0        550000.0                79.955503                18.697056                75.00000                95.00000                 44.035714                  3.842981                      NaN                      NaN       537513.966480       236913.305092           375000.0           680000.0  135.960894   95.589088      79.00     159.00       157      22         275000.0            305000.0       80.00         0.877095            87.709497
                                    White      Female Not Hispanic or Latino         355    486436.619718    236597.630521        315000.0        655000.0                72.653989                19.281010                62.85000                85.00000                 43.400810                  4.120798                      NaN                      NaN       695169.014085       333039.375436           455000.0           875000.0  176.428169  137.515556     104.00     212.50       331      24         340000.0            420000.0      108.50         0.932394            93.239437
                                    White        Male     Hispanic or Latino         293    461825.938567    190208.502421        325000.0        575000.0                83.709577                13.714174                80.00000                95.00000                 44.057143                  3.973184                      NaN                      NaN       570187.713311       238678.687806           415000.0           715000.0  152.641638  125.545677      91.00     179.00       261      32         250000.0            300000.0       88.00         0.890785            89.078498
                                    White        Male Not Hispanic or Latino         452    548340.707965    259845.833242        345000.0        707500.0                72.328529                18.418193                62.63000                84.63750                 44.085246                  4.006485                      NaN                      NaN       813451.327434       460167.510061           505000.0           987500.0  208.099558  245.230832     109.75     233.00       421      31         362500.0            482500.0      123.25         0.931416            93.141593