                             derived_race derived_sex      derived_ethnicity  total_apps  avg_loan_amount  std_loan_amount  Q1_loan_amount  Q3_loan_amount  avg_loan_to_value_ratio  std_loan_to_value_ratio  Q1_loan_to_value_ratio  Q3_loan_to_value_ratio  avg_debt_to_income_ratio  std_debt_to_income_ratio  Q1_debt_to_income_ratio  Q3_debt_to_income_ratio  avg_property_value  std_property_value  Q1_property_value  Q3_property_value  avg_income  std_income  Q1_income  Q3_income  accepted  denied  iqr_loan_amount  iqr_property_value  iqr_income  acceptance_rate  acceptance_rate_pct
                 2 or more minority races      Female     Hispanic or Latino           1    625000.000000              NaN        625000.0        625000.0                73.370000                      NaN                73.37000                73.37000                 49.000000                       NaN                    49.00                    49.00        8.450000e+05                 NaN           845000.0           845000.0  143.000000         NaN     143.00     143.00         1       0              0.0                 0.0        0.00         1.000000           100.000000
                 2 or more minority races      Female Not Hispanic or Latino           3    638333.333333    315647.482698        460000.0        760000.0                73.006000                10.809168                67.00900                77.50000                 48.000000                       NaN                      NaN                      NaN        8.483333e+05       291433.239925           685000.0           965000.0  188.333333   50.083264     162.50     212.50         3       0         300000.0            280000.0       50.00         1.000000           100.000000
                 2 or more minority races        Male     Hispanic or Latino           2    250000.000000     63639.610307        227500.0        272500.0                78.335000                16.496801                72.50250                84.16750                 40.000000                       NaN                      NaN                      NaN        3.200000e+05        21213.203436           312500.0           327500.0   53.500000   43.133514      38.25      68.75         1       1          45000.0             15000.0       30.50         0.500000            50.000000
                 2 or more minority races        Male Not Hispanic or Latino           2    720000.000000    544472.221514        527500.0        912500.0                66.500000                19.091883                59.75000                73.25000                 39.000000                       NaN                      NaN                      NaN        1.005000e+06       523259.018078           820000.0          1190000.0  250.500000  106.773124     212.75     288.25         2       0         385000.0            370000.0       75.50         1.000000           100.000000
         American Indian or Alaska Native      Female     Hispanic or Latino          13    428846.153846    157296.877567        355000.0        475000.0                70.515308                24.115667                55.35700                83.09000                 44.555556                  2.697736                      NaN                      NaN        6.350000e+05       132727.791614           575000.0           675000.0  142.307692   46.823044     110.00     155.00        12       1         120000.0            100000.0       45.00         0.923077            92.307692
         American Indian or Alaska Native      Female Not Hispanic or Latino           3    505000.000000    260000.000000        375000.0        635000.0                79.506000                17.620003                70.69900                88.31900                 44.333333                  6.429101                    42.00                    48.00        6.283333e+05       298719.489376           460000.0           745000.0  121.666667   47.353282     101.00     147.50         3       0         260000.0            285000.0       46.50         1.000000           100.000000
         American Indian or Alaska Native        Male     Hispanic or Latino           4    375000.000000    116045.967904        355000.0        435000.0                91.564250                47.585860                70.20500               106.35025                 43.500000                  3.535534                      NaN                      NaN        4.475000e+05       115289.490703           440000.0           507500.0  247.500000  181.244770     151.75     257.25         2       2          80000.0             67500.0      105.50         0.500000            50.000000
         American Indian or Alaska Native        Male Not Hispanic or Latino           3    555000.000000    108166.538264        495000.0        600000.0                88.333333                11.547005                85.00000                95.00000                 49.000000                       NaN                      NaN                      NaN        6.283333e+05        80829.037687           585000.0           665000.0  226.666667   39.677870     208.00     247.50         3       0         105000.0             80000.0       39.50         1.000000           100.000000
                                    Asian      Female     Hispanic or Latino           9    378333.333333    127475.487840        355000.0        435000.0                84.296667                18.642009                80.00000                95.00000                 46.142857                  2.968084                      NaN                      NaN        4.761111e+05       176737.407221           395000.0           575000.0  106.666667   45.899346      84.00     138.00         8       1          80000.0            180000.0       54.00         0.888889            88.888889
                                    Asian      Female Not Hispanic or Latino         215    591139.534884    231890.803882        435000.0        725000.0                72.906907                18.586094                63.10950                84.95950                 43.384146                  4.193772                      NaN                      NaN        8.597907e+05       405993.448576           585000.0          1035000.0  180.255814   85.766389     129.00     219.00       203      12         290000.0            450000.0       90.00         0.944186            94.418605
                                    Asian        Male     Hispanic or Latino           7    392142.857143    151845.786432        300000.0        425000.0                82.116571                10.371683                80.00000                88.56750                 42.333333                  3.829708                      NaN                      NaN        4.778571e+05       175472.152179           370000.0           480000.0  107.428571   41.600710      78.50     120.00         7       0         125000.0            110000.0       41.50         1.000000           100.000000
                                    Asian        Male Not Hispanic or Latino         350    624885.714286    242319.234778        455000.0        765000.0                73.543682                17.366648                66.10850                81.20475                 43.683019                  3.809564                      NaN                      NaN        9.041143e+05       391253.314306           635000.0          1155000.0  191.502857   96.754045     127.00     239.75       324      26         310000.0            520000.0      112.75         0.925714            92.571429
                Black or African American      Female     Hispanic or Latino           3    511666.666667    214553.800557        440000.0        635000.0                88.996000                12.162567                84.99400                95.99400                 42.000000                  2.645751                    41.00                    43.50        5.983333e+05       287460.142165           485000.0           760000.0  142.000000   73.912110     103.00     176.50         2       1         195000.0            275000.0       73.50         0.666667            66.666667
                Black or African American      Female Not Hispanic or Latino          40    452750.000000    174877.063046        322500.0        545000.0                83.863250                15.328931                80.00000                95.00000                 45.258065                  3.444491                      NaN                      NaN        5.752500e+05       239341.912924           402500.0           692500.0  214.400000  572.015187      94.25     158.00        34       6         222500.0            290000.0       63.75         0.850000            85.000000
                Black or African American        Male     Hispanic or Latino           2    460000.000000    289913.780286        357500.0        562500.0                77.500000                24.748737                68.75000                86.25000                       NaN                       NaN                      NaN                      NaN        5.850000e+05       169705.627485           525000.0           645000.0  199.500000  119.501046     157.25     241.75         2       0         205000.0            120000.0       84.50         1.000000           100.000000
                Black or African American        Male Not Hispanic or Latino          31    556290.322581    196600.134545        405000.0        620000.0                83.343258                15.126756                78.82000                95.00000                 43.880000                  3.789459                      NaN                      NaN        6.859677e+05       242656.888613           525000.0           750000.0  165.096774   69.007417     113.00     195.50        30       1         215000.0            225000.0       82.50         0.967742            96.774194
Native Hawaiian or Other Pacific Islander      Female     Hispanic or Latino           1    445000.000000              NaN        445000.0        445000.0                80.000000                      NaN                80.00000                80.00000                 40.000000                       NaN                    40.00                    40.00        5.550000e+05                 NaN           555000.0           555000.0   98.000000         NaN      98.00      98.00         1       0              0.0                 0.0        0.00         1.000000           100.000000
Native Hawaiian or Other Pacific Islander      Female Not Hispanic or Latino           2    700000.000000    629325.035256        477500.0        922500.0                63.230000                 4.567910                61.61500                64.84500                       NaN                       NaN                      NaN                      NaN        1.085000e+06       919238.815543           760000.0          1410000.0   35.500000   47.376154      18.75      52.25         1       1         445000.0            650000.0       33.50         0.500000            50.000000
Native Hawaiian or Other Pacific Islander        Male     Hispanic or Latino           2    580000.000000    388908.729653        442500.0        717500.0                92.500000                 3.535534                91.25000                93.75000                 41.500000                  7.778175                    38.75                    44.25        6.250000e+05       395979.797464           485000.0           765000.0  193.000000   96.166522     159.00     227.00         2       0         275000.0            280000.0       68.00         1.000000           100.000000
                                    White      Female     Hispanic or Latino         172    419011.627907    201731.278279        245000.0        545000.0                79.841140                19.574726                75.00000                95.00000                 44.564516                  3.798249                      NaN                      NaN        5.491279e+05       289780.812368           382500.0           705000.0  135.313953   84.871318      83.00     166.75       155      17         300000.0            322500.0       83.75         0.901163            90.116279
                                    White      Female Not Hispanic or Latino         364    495879.120879    248769.526588        305000.0        647500.0                72.115213                20.612039                61.67300                88.17250                 43.503817                  4.186045                      NaN                      NaN        7.249725e+05       363459.425609           455000.0           905000.0  164.076923  102.219580      92.75     210.00       346      18         342500.0            450000.0      117.25         0.950549            95.054945
                                    White        Male     Hispanic or Latino         283    464823.321555    212254.791073        320000.0        595000.0                82.865894                15.831530                80.00000                95.00000                 44.477612                  3.861444                      NaN                      NaN        5.770141e+05       267784.129898           400000.0           695000.0  160.402827  134.778227      94.00     179.50       253      30         275000.0            295000.0       85.50         0.893993            89.399293
                                    White        Male Not Hispanic or Latino         488    563913.934426    263102.342597        365000.0        725000.0                75.030178                17.886152                68.57775                89.99000                 43.442424                  4.054869                      NaN                      NaN        7.961270e+05       431621.935401           495000.0           967500.0  222.938525  252.736441     116.00     244.00       452      36         360000.0            472500.0      128.00         0.926230            92.622951