                             derived_race derived_sex      derived_ethnicity  total_apps  avg_loan_amount  std_loan_amount  Q1_loan_amount  Q3_loan_amount  avg_loan_to_value_ratio  std_loan_to_value_ratio  Q1_loan_to_value_ratio  Q3_loan_to_value_ratio  avg_debt_to_income_ratio  std_debt_to_income_ratio  Q1_debt_to_income_ratio  Q3_debt_to_income_ratio  avg_property_value  std_property_value  Q1_property_value  Q3_property_value  avg_income  std_income  Q1_income  Q3_income  accepted  denied  iqr_loan_amount  iqr_property_value  iqr_income  acceptance_rate  acceptance_rate_pct
                 2 or more minority races      Female     Hispanic or Latino           2    425000.000000    367695.526217        295000.0        555000.0                90.640000                15.047232                85.32000                95.96000                 40.000000                       NaN                      NaN                      NaN       510000.000000       487903.679019           337500.0           682500.0  149.500000  135.057395     101.75     197.25         1       1         260000.0            345000.0       95.50         0.500000            50.000000
                 2 or more minority races      Female Not Hispanic or Latino           3    455000.000000     55677.643628        425000.0        480000.0                85.002000                15.622036                80.00300                94.00300                 48.333333                  1.154701                    48.00                    49.00       561666.666667       185831.464864           455000.0           625000.0  106.333333   16.563011      98.50     115.00         3       0          55000.0            170000.0       16.50         1.000000           100.000000
                 2 or more minority races        Male     Hispanic or Latino           2    175000.000000    169705.627485        115000.0        235000.0                83.185000                 9.637865                79.77750                86.59250                 38.500000                  2.121320                    37.75                    39.25       200000.000000       190918.830920           132500.0           267500.0   62.000000   31.112698      51.00      73.00         2       0         120000.0            135000.0       22.00         1.000000           100.000000
                 2 or more minority races        Male Not Hispanic or Latino           2    440000.000000     49497.474683        422500.0        457500.0                90.000000                14.142136                85.00000                95.00000                 44.500000                  3.535534                    43.25                    45.75       510000.000000       120208.152802           467500.0           552500.0  112.500000   30.405592     101.75     123.25         2       0          35000.0             85000.0       21.50         1.000000           100.000000
         American Indian or Alaska Native      Female     Hispanic or Latino           4    397500.000000    178208.679175        297500.0        470000.0                69.056250                30.938336                47.84575                95.00000                 46.666667                  2.516611                      NaN                      NaN       610000.000000       189824.480332           562500.0           697500.0  149.000000   63.155892     126.75     174.25         4       0         172500.0            135000.0       47.50         1.000000           100.000000
         American Indian or Alaska Native      Female Not Hispanic or Latino           2    595000.000000    367695.526217        465000.0        725000.0                84.995000                14.149207                79.99250                89.99750                 45.500000                  4.949747                    43.75                    47.25       895000.000000       763675.323681           625000.0          1165000.0  149.500000   58.689863     128.75     170.25         2       0         260000.0            540000.0       41.50         1.000000           100.000000
         American Indian or Alaska Native        Male     Hispanic or Latino          10    482000.000000    200391.283909        375000.0        625000.0                77.439000                18.676478                80.00000                83.91500                 44.142857                  2.911390                      NaN                      NaN       664000.000000       292211.871384           485000.0           887500.0  162.400000  103.466796     101.50     183.75         9       1         250000.0            402500.0       82.25         0.900000            90.000000
         American Indian or Alaska Native        Male Not Hispanic or Latino           4    327500.000000    270970.478097        140000.0        447500.0                63.547750                28.291708                45.23200                83.31575                 47.666667                  1.154701                      NaN                      NaN       470000.000000       228837.642591           395000.0           550000.0   96.750000   44.033131      76.00     103.25         4       0         307500.0            155000.0       27.25         1.000000           100.000000
                                    Asian      Female     Hispanic or Latino          10    511000.000000    251758.261478        382500.0        692500.0                86.812700                13.299888                81.25000                95.94200                 46.714286                  2.360387                      NaN                      NaN       597000.000000       287664.928539           407500.0           772500.0  146.100000   92.850477     101.50     158.25         9       1         310000.0            365000.0       56.75         0.900000            90.000000
                                    Asian      Female Not Hispanic or Latino         206    516359.223301    212100.061723        367500.0        625000.0                74.035534                18.411482                65.40500                85.75000                 43.572327                  3.708456                      NaN                      NaN       735728.155340       303195.910075           545000.0           865000.0  161.145631  116.809030      99.00     194.75       193      13         257500.0            320000.0       95.75         0.936893            93.689320
                                    Asian        Male     Hispanic or Latino          10    560000.000000    244824.199966        380000.0        650000.0                79.609100                17.524279                79.91000                90.00000                 43.888889                  3.655285                      NaN                      NaN       738000.000000       336486.750606           520000.0          1040000.0  164.000000   61.035509     116.00     200.75         9       1         270000.0            520000.0       84.75         0.900000            90.000000
                                    Asian        Male Not Hispanic or Latino         389    636645.244216    249465.134248        455000.0        785000.0                73.145421                17.552270                64.60000                84.94100                 43.800000                  4.081078                      NaN                      NaN       945796.915167       485564.962041           645000.0          1185000.0  211.416452  266.347868     133.00     242.00       361      28         330000.0            540000.0      109.00         0.928021            92.802057
                Black or African American      Female     Hispanic or Latino           2    505000.000000    212132.034356        430000.0        580000.0                82.694000                17.386342                76.54700                88.84100                 43.000000                       NaN                      NaN                      NaN       600000.000000       134350.288425           552500.0           647500.0   89.500000   61.518290      67.75     111.25         1       1         150000.0             95000.0       43.50         0.500000            50.000000
                Black or African American      Female Not Hispanic or Latino          56    504821.428571    203572.556388        372500.0        647500.0                85.279393                15.435880                80.00000                95.63675                 44.555556                  3.532676                      NaN                      NaN       641607.142857       290505.996093           495000.0           750000.0  149.839286   75.682057     104.50     168.25        50       6         275000.0            255000.0       63.75         0.892857            89.285714
                Black or African American        Male     Hispanic or Latino           3    405000.000000     36055.512755        385000.0        420000.0                81.609333                24.945418                73.91400                96.00000                 41.333333                  6.110101                    38.00                    44.00       538333.333333       190875.177363           430000.0           610000.0  192.000000  114.843372     126.00     230.50         3       0          35000.0            180000.0      104.50         1.000000           100.000000
                Black or African American        Male Not Hispanic or Latino          31    585322.580645    221276.356185        445000.0        655000.0                87.382800                11.622819                81.53000                95.57000                 44.357143                  3.346798                      NaN                      NaN       704032.258065       282811.537232           540000.0           785000.0  174.645161  113.842449     116.50     190.50        23       8         210000.0            245000.0       74.00         0.741935            74.193548
Native Hawaiian or Other Pacific Islander      Female     Hispanic or Latino           2    500000.000000    205060.966544        427500.0        572500.0                92.950000                 4.171930                91.47500                94.42500                 46.000000                       NaN                      NaN                      NaN       540000.000000       247487.373415           452500.0           627500.0  140.500000   28.991378     130.25     150.75         1       1         145000.0            175000.0       20.50         0.500000            50.000000
Native Hawaiian or Other Pacific Islander      Female Not Hispanic or Latino           2    430000.000000    318198.051534        317500.0        542500.0                67.860000                45.452824                51.79000                83.93000                 39.000000                       NaN                      NaN                      NaN       625000.000000        84852.813742           595000.0           655000.0  160.500000   61.518290     138.75     182.25         2       0         225000.0             60000.0       43.50         1.000000           100.000000
Native Hawaiian or Other Pacific Islander        Male     Hispanic or Latino           1    175000.000000              NaN        175000.0        175000.0                94.681000                      NaN                94.68100                94.68100                 46.000000                       NaN                    46.00                    46.00       185000.000000                 NaN           185000.0           185000.0   55.000000         NaN      55.00      55.00         1       0              0.0                 0.0        0.00         1.000000           100.000000
Native Hawaiian or Other Pacific Islander        Male Not Hispanic or Latino           6    328333.333333    155520.631000        225000.0        365000.0                79.390000                19.136301                64.51250                95.24750                 43.833333                  2.926887                    41.75                    46.25       430000.000000       190026.313967           317500.0           575000.0  103.333333   32.352228      86.25     122.00         6       0         140000.0            257500.0       35.75         1.000000           100.000000
                                    White      Female     Hispanic or Latino         171    439444.444444    200687.380860        305000.0        545000.0                80.868632                18.282115                78.00650                95.00000                 44.333333                  4.073123                      NaN                      NaN       567631.578947       235955.077847           405000.0           705000.0  131.883041   65.925165      84.00     162.00       156      15         240000.0            300000.0       78.00         0.912281            91.228070
                                    White      Female Not Hispanic or Latino         336    494613.095238    255826.723671        305000.0        657500.0                71.812357                20.224809                60.27050                85.00000                 44.029412                  4.107621                      NaN                      NaN       719107.142857       368996.752576           465000.0           887500.0  175.586310  162.386819      96.50     200.00       318      18         352500.0            422500.0      103.50         0.946429            94.642857
                                    White        Male     Hispanic or Latino         257    460875.486381    207977.876073        305000.0        585000.0                82.874023                16.819221                79.99300                95.00000                 44.553846                  4.038593                      NaN                      NaN       577217.898833       259621.387475           385000.0           725000.0  159.754864  239.046850      91.00     178.00       230      27         280000.0            340000.0       87.00         0.894942            89.494163
                                    White        Male Not Hispanic or Latino         489    544795.501022    251809.759175        355000.0        725000.0                73.843413                19.102407                65.00000                87.53000                 43.960366                  4.048062                      NaN                      NaN       804263.803681       463978.551496           495000.0           975000.0  224.826176  312.318545     112.00     242.00       454      35         370000.0            480000.0      130.00         0.928425            92.842536