                             derived_race derived_sex      derived_ethnicity  total_apps  avg_loan_amount  std_loan_amount  Q1_loan_amount  Q3_loan_amount  avg_loan_to_value_ratio  std_loan_to_value_ratio  Q1_loan_to_value_ratio  Q3_loan_to_value_ratio  avg_debt_to_income_ratio  std_debt_to_income_ratio  Q1_debt_to_income_ratio  Q3_debt_to_income_ratio  avg_property_value  std_property_value  Q1_property_value  Q3_property_value  avg_income  std_income  Q1_income  Q3_income  accepted  denied  iqr_loan_amount  iqr_property_value  iqr_income  acceptance_rate  acceptance_rate_pct
                 2 or more minority races      Female Not Hispanic or Latino           4    487500.000000    368272.996566        290000.0        532500.0                73.287500                20.629712                70.79000                82.49750                 46.333333                  3.785939                      NaN                      NaN       637500.000000       351982.480625           437500.0           705000.0  120.750000   79.930699      79.75     127.50         4       0         242500.0            267500.0       47.75         1.000000           100.000000
                 2 or more minority races        Male     Hispanic or Latino           2    390000.000000    403050.865276        247500.0        532500.0                96.000000                 1.414214                95.50000                96.50000                 42.000000                  5.656854                     40.0                    44.00       540000.000000       615182.899632           322500.0           757500.0  117.000000  121.622366      74.00     160.00         2       0         285000.0            435000.0       86.00         1.000000           100.000000
                 2 or more minority races        Male Not Hispanic or Latino           8    466250.000000    260078.971523        342500.0        465000.0                84.755250                15.016085                79.44450                97.00000                 43.000000                  4.035556                     41.5                    44.75       575000.000000       351079.966471           407500.0           657500.0  145.625000   85.419866     105.50     148.00         6       2         122500.0            250000.0       42.50         0.750000            75.000000
         American Indian or Alaska Native      Female     Hispanic or Latino           5    659000.000000    288322.735836        615000.0        665000.0                91.869200                 4.838651                90.34600                95.00000                 46.600000                  3.361547                     46.0                    49.00       715000.000000       303067.649214           645000.0           795000.0  164.400000   74.365987     130.00     159.00         5       0          50000.0            150000.0       29.00         1.000000           100.000000
         American Indian or Alaska Native      Female Not Hispanic or Latino           6    465000.000000    180222.085217        425000.0        495000.0                70.232667                24.233843                65.53900                86.25000                 44.250000                  5.188127                      NaN                      NaN       828333.333333       617370.769203           452500.0          1070000.0  119.833333   86.557303      59.50     180.00         5       1          70000.0            617500.0      120.50         0.833333            83.333333
         American Indian or Alaska Native        Male     Hispanic or Latino           9    401666.666667    181107.702763        285000.0        505000.0                84.130778                36.783594                78.94700                95.00000                 44.857143                  3.184785                      NaN                      NaN       492777.777778       140603.856435           435000.0           525000.0  165.444444  151.852816      73.00     165.00         7       2         220000.0             90000.0       92.00         0.777778            77.777778
         American Indian or Alaska Native        Male Not Hispanic or Latino           2    790000.000000    162634.559673        732500.0        847500.0                93.892000                 1.566949                93.33800                94.44600                 45.000000                       NaN                      NaN                      NaN       845000.000000       183847.763109           780000.0           910000.0  267.500000   51.618795     249.25     285.75         1       1         115000.0            130000.0       36.50         0.500000            50.000000
                                    Asian      Female     Hispanic or Latino           7    479285.714286     81416.039136        425000.0        535000.0                77.149143                22.077709                69.85200                92.50000                 42.666667                  2.338090                      NaN                      NaN       682142.857143       274208.818586           515000.0           790000.0  149.428571   47.247071     114.50     187.50         7       0         110000.0            275000.0       73.00         1.000000           100.000000
                                    Asian      Female Not Hispanic or Latino         239    545794.979079    219353.030313        395000.0        665000.0                70.858808                18.594888                58.49500                80.00000                 43.771429                  3.816824                      NaN                      NaN       830648.535565       499803.635714           580000.0           945000.0  175.443515  123.673210     111.50     208.00       214      25         270000.0            365000.0       96.50         0.895397            89.539749
                                    Asian        Male     Hispanic or Latino          14    495714.285714    148917.338233        395000.0        575000.0                75.843286                19.958761                70.11100                89.97500                 44.727273                  3.258555                      NaN                      NaN       743571.428571       222601.995390           567500.0           900000.0  170.500000   49.052170     139.00     195.50        13       1         180000.0            332500.0       56.50         0.928571            92.857143
                                    Asian        Male Not Hispanic or Latino         358    621424.581006    252101.661632        455000.0        765000.0                72.721547                18.772210                64.81725                85.00000                 43.458498                  4.075096                      NaN                      NaN       897709.497207       389833.950817           625000.0          1112500.0  221.745810  403.141522     135.00     242.00       333      25         310000.0            487500.0      107.00         0.930168            93.016760
                Black or African American      Female     Hispanic or Latino           1    135000.000000              NaN        135000.0        135000.0                45.000000                      NaN                45.00000                45.00000                 48.000000                       NaN                     48.0                    48.00       305000.000000                 NaN           305000.0           305000.0   64.000000         NaN      64.00      64.00         1       0              0.0                 0.0        0.00         1.000000           100.000000
                Black or African American      Female Not Hispanic or Latino          53    489716.981132    208064.374040        355000.0        595000.0                86.603547                15.322910                80.00000                96.66200                 43.931818                  4.042781                      NaN                      NaN       600283.018868       203966.473240           475000.0           715000.0  153.415094   74.089715     104.00     200.00        48       5         240000.0            240000.0       96.00         0.905660            90.566038
                Black or African American        Male     Hispanic or Latino           6    495000.000000    361773.409747        302500.0        537500.0                71.908667                33.199615                64.99275                93.62025                 44.500000                  6.363961                      NaN                      NaN       703333.333333       316759.635476           475000.0           777500.0  195.500000  167.605191     115.00     193.75         6       0         235000.0            302500.0       78.75         1.000000           100.000000
                Black or African American        Male Not Hispanic or Latino          40    571000.000000    197481.579797        385000.0        732500.0                85.476875                13.494113                80.00000                95.00000                 45.000000                  3.864906                      NaN                      NaN       694000.000000       229969.897696           500000.0           822500.0  171.150000  112.790605     107.25     196.50        34       6         347500.0            322500.0       89.25         0.850000            85.000000
Native Hawaiian or Other Pacific Islander      Female     Hispanic or Latino           3    441666.666667     80829.037687        405000.0        485000.0                88.776667                 8.077910                85.21500                93.16500                 47.000000                  1.414214                      NaN                      NaN       505000.000000       121655.250606           465000.0           575000.0  114.000000   18.734994     106.50     124.50         2       1          80000.0            110000.0       18.00         0.666667            66.666667
Native Hawaiian or Other Pacific Islander      Female Not Hispanic or Latino           5    543000.000000    178521.707364        385000.0        635000.0                80.000000                18.708287                80.00000                90.00000                 45.000000                  3.000000                      NaN                      NaN       727000.000000       316338.426373           475000.0           865000.0  194.200000  105.250653     165.00     187.00         5       0         250000.0            390000.0       22.00         1.000000           100.000000
Native Hawaiian or Other Pacific Islander        Male Not Hispanic or Latino           3    528333.333333     63508.529611        510000.0        565000.0                78.310333                18.502917                68.96550                87.46550                 45.333333                  3.785939                     44.0                    47.50       688333.333333        90737.717259           655000.0           740000.0  139.333333   17.897858     129.50     147.00         3       0          55000.0             85000.0       17.50         1.000000           100.000000
                                    White      Female     Hispanic or Latino         160    440062.500000    178677.872812        315000.0        565000.0                82.967756                14.235027                76.86950                95.00000                 44.638655                  3.896394                      NaN                      NaN       558562.500000       229868.288442           395000.0           727500.0  136.868750   82.014811      87.75     156.25       143      17         250000.0            332500.0       68.50         0.893750            89.375000
                                    White      Female Not Hispanic or Latino         336    468392.857143    238266.952650        305000.0        595000.0                71.274399                21.181930                56.00000                87.99700                 43.855204                  4.228349                      NaN                      NaN       694583.333333       343767.283600           455000.0           867500.0  162.467262  115.169695      98.00     198.25       316      20         290000.0            412500.0      100.25         0.940476            94.047619
                                    White        Male     Hispanic or Latino         258    479224.806202    210418.287894        325000.0        605000.0                82.732329                16.423182                80.00000                95.00000                 44.704301                  3.939225                      NaN                      NaN       611860.465116       305197.244231           405000.0           755000.0  164.918605  147.452971      92.00     189.75       230      28         280000.0            350000.0       97.75         0.891473            89.147287
                                    White        Male Not Hispanic or Latino         481    550218.295218    265244.392334        345000.0        715000.0                73.769096                20.078482                65.09700                88.78000                 43.770701                  3.938623                      NaN                      NaN       798596.673597       426797.858463           495000.0          1005000.0  202.781705  137.558503     115.00     247.00       447      34         370000.0            510000.0      132.00         0.929314            92.931393