                             derived_race derived_sex      derived_ethnicity  total_apps  avg_loan_amount  std_loan_amount  Q1_loan_amount  Q3_loan_amount  avg_loan_to_value_ratio  std_loan_to_value_ratio  Q1_loan_to_value_ratio  Q3_loan_to_value_ratio  avg_debt_to_income_ratio  std_debt_to_income_ratio  Q1_debt_to_income_ratio  Q3_debt_to_income_ratio  avg_property_value  std_property_value  Q1_property_value  Q3_property_value  avg_income  std_income  Q1_income  Q3_income  accepted  denied  iqr_loan_amount  iqr_property_value  iqr_income  acceptance_rate  acceptance_rate_pct
                 2 or more minority races      Female     Hispanic or Latino           2    510000.000000    247487.373415        422500.0        597500.0                88.500000                12.020815                84.25000                  92.750                 41.000000                  1.414214                     40.5                     41.5       600000.000000       360624.458405           472500.0           727500.0  167.000000  110.308658     128.00     206.00         2       0         175000.0            255000.0       78.00         1.000000           100.000000
                 2 or more minority races      Female Not Hispanic or Latino           5    659000.000000    268570.288751        445000.0        825000.0                85.203600                13.546559                80.00000                  95.000                 45.000000                  3.605551                      NaN                      NaN       785000.000000       329241.552663           615000.0           925000.0  215.800000  161.738060     114.00     224.00         5       0         380000.0            310000.0      110.00         1.000000           100.000000
                 2 or more minority races        Male     Hispanic or Latino           1    675000.000000              NaN        675000.0        675000.0                97.000000                      NaN                97.00000                  97.000                 46.000000                       NaN                     46.0                     46.0       975000.000000                 NaN           975000.0           975000.0  203.000000         NaN     203.00     203.00         1       0              0.0                 0.0        0.00         1.000000           100.000000
         American Indian or Alaska Native      Female     Hispanic or Latino           4    447500.000000    121483.880961        392500.0        480000.0                85.644750                22.169487                84.39475                  96.250                 42.666667                  4.725816                      NaN                      NaN       557500.000000       203367.483471           425000.0           682500.0  150.250000   53.946733     111.75     175.00         4       0          87500.0            257500.0       63.25         1.000000           100.000000
         American Indian or Alaska Native      Female Not Hispanic or Latino           3    471666.666667    198578.280115        400000.0        585000.0                79.830000                10.246058                74.75000                  84.995                 46.333333                  2.081666                     45.5                     47.5       578333.333333       193476.958146           520000.0           690000.0  267.333333  237.910347     131.00     350.00         3       0         185000.0            170000.0      219.00         1.000000           100.000000
         American Indian or Alaska Native        Male     Hispanic or Latino          11    315000.000000    117558.496077        240000.0        410000.0                81.222273                30.071705                60.69000                  87.500                 44.200000                  4.919350                      NaN                      NaN       399545.454545       134116.638518           290000.0           520000.0  152.090909  131.381471      81.50     153.50         8       3         170000.0            230000.0       72.00         0.727273            72.727273
         American Indian or Alaska Native        Male Not Hispanic or Latino           1    385000.000000              NaN        385000.0        385000.0                80.000000                      NaN                80.00000                  80.000                 39.000000                       NaN                     39.0                     39.0       485000.000000                 NaN           485000.0           485000.0  134.000000         NaN     134.00     134.00         1       0              0.0                 0.0        0.00         1.000000           100.000000
                                    Asian      Female     Hispanic or Latino           3    551666.666667    120554.275467        495000.0        615000.0                70.999667                15.589035                66.49950                  80.000                 48.500000                  0.707107                      NaN                      NaN       778333.333333        66583.281185           750000.0           815000.0  142.000000   39.849718     119.00     154.00         3       0         120000.0             65000.0       35.00         1.000000           100.000000
                                    Asian      Female Not Hispanic or Latino         226    580575.221239    235097.854059        435000.0        705000.0                71.864673                19.544671                61.07250                  85.000                 43.877193                  4.177264                      NaN                      NaN       851725.663717       358562.419740           605000.0          1025000.0  175.836283   86.892908     115.25     220.25       216      10         270000.0            420000.0      105.00         0.955752            95.575221
                                    Asian        Male     Hispanic or Latino          13    527307.692308    175221.471580        375000.0        655000.0                80.983154                 9.514743                79.45000                  89.900                 43.777778                  4.816061                      NaN                      NaN       708846.153846       208707.868464           535000.0           815000.0  163.692308   50.312995     133.00     183.00        12       1         280000.0            280000.0       50.00         0.923077            92.307692
                                    Asian        Male Not Hispanic or Latino         394    617893.401015    231275.374911        455000.0        765000.0                73.863398                16.311743                67.62175                  80.000                 43.660714                  4.043122                      NaN                      NaN       873502.538071       351711.976257           625000.0          1100000.0  198.611675  122.023791     128.25     237.75       369      25         310000.0            475000.0      109.50         0.936548            93.654822
                Black or African American      Female     Hispanic or Latino           7    570714.285714    206062.866043        485000.0        660000.0                86.857143                12.548952                77.50000                  99.000                 44.333333                  3.881580                      NaN                      NaN       785000.000000       294165.486305           640000.0           980000.0  243.000000  291.311403     104.50     192.00         7       0         175000.0            340000.0       87.50         1.000000           100.000000
                Black or African American      Female Not Hispanic or Latino          44    504318.181818    260101.927492        305000.0        665000.0                80.975864                19.693451                70.20250                  95.500                 44.064516                  3.785371                      NaN                      NaN       659090.909091       276349.274969           462500.0           810000.0  154.272727   94.798774      96.00     191.25        38       6         360000.0            347500.0       95.25         0.863636            86.363636
                Black or African American        Male     Hispanic or Latino           2    415000.000000    212132.034356        340000.0        490000.0                93.500000                 4.949747                91.75000                  95.250                 43.000000                       NaN                      NaN                      NaN       435000.000000       197989.898732           365000.0           505000.0   87.500000   37.476659      74.25     100.75         1       1         150000.0            140000.0       26.50         0.500000            50.000000
                Black or African American        Male Not Hispanic or Latino          31    578548.387097    239493.192486        435000.0        670000.0                78.713710                19.485182                73.07700                  95.000                 44.380952                  4.352886                      NaN                      NaN       785000.000000       410422.546489           535000.0           840000.0  193.645161   88.198091     128.50     256.00        28       3         235000.0            305000.0      127.50         0.903226            90.322581
Native Hawaiian or Other Pacific Islander      Female Not Hispanic or Latino           5    403000.000000     98081.598682        325000.0        465000.0                73.858000                23.770556                63.72500                  82.163                 44.000000                  2.708013                      NaN                      NaN       597000.000000       139176.147382           515000.0           655000.0  117.800000   29.752311      91.00     130.00         5       0         140000.0            140000.0       39.00         1.000000           100.000000
Native Hawaiian or Other Pacific Islander        Male Not Hispanic or Latino           3    521666.666667    170391.705588        470000.0        620000.0                84.243333                12.859535                78.86500                  91.365                 46.666667                  4.041452                     45.5                     49.0       641666.666667       277368.587503           525000.0           795000.0  121.666667   47.162838     102.50     148.00         3       0         150000.0            270000.0       45.50         1.000000           100.000000
                                    White      Female     Hispanic or Latino         158    443291.139241    208574.760270        295000.0        552500.0                80.713835                18.541751                78.09450                  95.000                 44.865079                  4.072057                      NaN                      NaN       580886.075949       294465.141269           395000.0           705000.0  139.683544  135.846302      81.25     146.75       144      14         257500.0            310000.0       65.50         0.911392            91.139241
                                    White      Female Not Hispanic or Latino         337    494792.284866    240306.633605        325000.0        655000.0                72.175454                20.611102                60.12800                  89.900                 44.149573                  4.067966                      NaN                      NaN       736424.332344       397471.608452           475000.0           875000.0  165.548961  114.400449      97.00     200.00       309      28         330000.0            400000.0      103.00         0.916914            91.691395
                                    White        Male     Hispanic or Latino         277    478898.916968    220322.467636        335000.0        625000.0                83.382671                16.175537                80.00000                  95.000                 43.875598                  3.832280                      NaN                      NaN       598971.119134       274017.558473           405000.0           755000.0  173.158845  234.771528      90.00     193.00       249      28         290000.0            350000.0      103.00         0.898917            89.891697
                                    White        Male Not Hispanic or Latino         473    558276.955603    255515.517120        365000.0        725000.0                73.465277                19.129377                64.00000                  86.000                 43.432692                  4.133848                      NaN                      NaN       807219.873150       409992.685789           515000.0           995000.0  205.150106  290.889323     120.00     251.00       436      37         360000.0            480000.0      131.00         0.921776            92.177590