                             derived_race derived_sex      derived_ethnicity  total_apps  avg_loan_amount  std_loan_amount  Q1_loan_amount  Q3_loan_amount  avg_loan_to_value_ratio  std_loan_to_value_ratio  Q1_loan_to_value_ratio  Q3_loan_to_value_ratio  avg_debt_to_income_ratio  std_debt_to_income_ratio  Q1_debt_to_income_ratio  Q3_debt_to_income_ratio  avg_property_value  std_property_value  Q1_property_value  Q3_property_value  avg_income  std_income  Q1_income  Q3_income  accepted  denied  iqr_loan_amount  iqr_property_value  iqr_income  acceptance_rate  acceptance_rate_pct
                 2 or more minority races      Female     Hispanic or Latino           2    360000.000000    374766.594029        227500.0        492500.0                66.465000                 9.765145                63.01250                69.91750                 45.000000                  5.656854                    43.00                    47.00        5.050000e+05       480832.611207           335000.0           675000.0  100.000000   60.811183      78.50     121.50         2       0         265000.0            340000.0       43.00         1.000000           100.000000
                 2 or more minority races      Female Not Hispanic or Latino           8    458750.000000    321822.377807        257500.0        565000.0                81.467250                21.185919                76.75000                95.00000                 46.500000                  4.342481                    47.00                    49.00        5.587500e+05       311628.785577           345000.0           752500.0  114.375000   74.670586      79.25     131.50         8       0         307500.0            407500.0       52.25         1.000000           100.000000
                 2 or more minority races        Male     Hispanic or Latino           2    355000.000000    141421.356237        305000.0        405000.0                85.000000                14.142136                80.00000                90.00000                 37.500000                  2.121320                    36.75                    38.25        4.400000e+05       233345.237792           357500.0           522500.0  105.500000   58.689863      84.75     126.25         0       2         100000.0            165000.0       41.50         0.000000             0.000000
                 2 or more minority races        Male Not Hispanic or Latino           1    235000.000000              NaN        235000.0        235000.0                43.767000                      NaN                43.76700                43.76700                       NaN                       NaN                      NaN                      NaN        5.350000e+05                 NaN           535000.0           535000.0   88.000000         NaN      88.00      88.00         1       0              0.0                 0.0        0.00         1.000000           100.000000
         American Indian or Alaska Native      Female     Hispanic or Latino           4    585000.000000    264952.825990        395000.0        770000.0                76.411750                26.117693                69.66425                91.74750                 42.750000                  3.403430                    41.75                    44.50        7.825000e+05       270477.971993           697500.0           885000.0  279.750000  312.167023     108.25     319.50         4       0         375000.0            187500.0      211.25         1.000000           100.000000
         American Indian or Alaska Native      Female Not Hispanic or Latino           4    435000.000000    124632.793972        407500.0        482500.0                76.651250                19.839939                68.75000                87.90125                 49.000000                       NaN                      NaN                      NaN        6.175000e+05       274271.763038           470000.0           792500.0  374.250000  215.937298     290.50     525.75         4       0          75000.0            322500.0      235.25         1.000000           100.000000
         American Indian or Alaska Native        Male     Hispanic or Latino           8    465000.000000    284404.139009        285000.0        515000.0                79.310375                19.339052                80.00000                86.25000                 43.800000                  5.495453                      NaN                      NaN        5.850000e+05       293257.565972           420000.0           617500.0  210.000000  231.866957      87.00     183.75         7       1         230000.0            197500.0       96.75         0.875000            87.500000
         American Indian or Alaska Native        Male Not Hispanic or Latino           5    567000.000000    157225.952056        425000.0        665000.0                79.969600                 0.067419                79.99900                80.00000                 45.500000                  4.358899                      NaN                      NaN        7.110000e+05       197306.867595           535000.0           825000.0  159.200000   41.130281     140.00     156.00         4       1         240000.0            290000.0       16.00         0.800000            80.000000
                                    Asian      Female     Hispanic or Latino           2    495000.000000    240416.305603        410000.0        580000.0                55.535000                34.598735                43.30250                67.76750                 36.000000                       NaN                      NaN                      NaN        9.350000e+05       141421.356237           885000.0           985000.0  140.500000   67.175144     116.75     164.25         2       0         170000.0            100000.0       47.50         1.000000           100.000000
                                    Asian      Female Not Hispanic or Latino         237    569767.932489    238088.363424        395000.0        725000.0                70.009776                19.964956                59.77000                80.00000                 43.216374                  3.975657                      NaN                      NaN        8.760970e+05       427932.132509           575000.0          1105000.0  192.400844  151.770133     120.00     213.00       224      13         330000.0            530000.0       93.00         0.945148            94.514768
                                    Asian        Male     Hispanic or Latino           8    538750.000000    171958.259055        435000.0        610000.0                75.070625                18.779779                71.67400                82.50000                 44.857143                  5.209881                      NaN                      NaN        7.362500e+05       199888.361699           605000.0           897500.0  156.875000   90.609740     106.00     165.50         6       2         175000.0            292500.0       59.50         0.750000            75.000000
                                    Asian        Male Not Hispanic or Latino         372    637715.053763    243086.386626        455000.0        765000.0                72.734750                18.156185                65.57325                80.00000                 43.627306                  4.112924                      NaN                      NaN        9.394086e+05       448568.161974           652500.0          1125000.0  249.876344  708.550120     135.00     260.00       353      19         310000.0            472500.0      125.00         0.948925            94.892473
                Black or African American      Female     Hispanic or Latino           2    370000.000000      7071.067812        367500.0        372500.0                87.353000                 3.743423                86.02950                88.67650                 48.500000                  0.707107                    48.25                    48.75        4.200000e+05         7071.067812           417500.0           422500.0   92.000000   12.727922      87.50      96.50         2       0           5000.0              5000.0        9.00         1.000000           100.000000
                Black or African American      Female Not Hispanic or Latino          57    502368.421053    245811.529979        335000.0        615000.0                81.633509                16.123606                76.15700                95.00000                 43.888889                  3.562572                      NaN                      NaN        6.551754e+05       305692.955361           445000.0           765000.0  154.684211   96.265102      83.00     185.00        49       8         280000.0            320000.0      102.00         0.859649            85.964912
                Black or African American        Male     Hispanic or Latino           4    812500.000000    291476.128239        665000.0        972500.0                85.120250                 5.716104                81.75000                89.61075                 46.000000                  1.414214                      NaN                      NaN        9.600000e+05       333716.446503           757500.0          1202500.0  276.750000  170.677815     192.00     316.75         4       0         307500.0            445000.0      124.75         1.000000           100.000000
                Black or African American        Male Not Hispanic or Latino          23    482826.086957    198699.327943        425000.0        570000.0                80.677609                20.378054                79.39400                92.57500                 44.235294                  4.070157                      NaN                      NaN        6.002174e+05       183918.696593           520000.0           690000.0  165.391304  101.621284     110.00     195.50        19       4         145000.0            170000.0       85.50         0.826087            82.608696
Native Hawaiian or Other Pacific Islander      Female     Hispanic or Latino           1    365000.000000              NaN        365000.0        365000.0                31.030000                      NaN                31.03000                31.03000                 47.000000                       NaN                    47.00                    47.00        1.165000e+06                 NaN          1165000.0          1165000.0  344.000000         NaN     344.00     344.00         0       1              0.0                 0.0        0.00         0.000000             0.000000
Native Hawaiian or Other Pacific Islander        Male     Hispanic or Latino           1    855000.000000              NaN        855000.0        855000.0                95.000000                      NaN                95.00000                95.00000                 36.000000                       NaN                    36.00                    36.00        9.050000e+05                 NaN           905000.0           905000.0  261.000000         NaN     261.00     261.00         1       0              0.0                 0.0        0.00         1.000000           100.000000
Native Hawaiian or Other Pacific Islander        Male Not Hispanic or Latino           3    535000.000000    160934.769394        450000.0        610000.0                77.829333                28.129862                68.24400                93.97600                 41.500000                  2.121320                      NaN                      NaN        7.583333e+05       351188.458428           575000.0           925000.0  143.666667   59.810813     117.00     176.00         3       0         160000.0            350000.0       59.00         1.000000           100.000000
                                    White      Female     Hispanic or Latino         153    446045.751634    194192.536711        305000.0        585000.0                84.576706                17.352286                80.00000                95.00000                 44.064516                  3.975007                      NaN                      NaN        5.503595e+05       224391.065306           405000.0           705000.0  133.071895   67.023965      87.00     166.00       134      19         280000.0            300000.0       79.00         0.875817            87.581699
                                    White      Female Not Hispanic or Latino         379    466002.638522    234090.715228        300000.0        605000.0                74.213892                19.217149                63.88650                88.11750                 43.765385                  4.137916                      NaN                      NaN        6.586939e+05       347338.438314           425000.0           805000.0  164.854881  160.767546      92.00     188.00       355      24         305000.0            380000.0       96.00         0.936675            93.667546
                                    White        Male     Hispanic or Latino         267    479943.820225    208570.809430        325000.0        635000.0                82.861850                15.056571                79.99800                95.00000                 44.465347                  3.889172                      NaN                      NaN        6.063109e+05       279910.305172           415000.0           750000.0  152.606742  141.231715      91.00     174.50       243      24         310000.0            335000.0       83.50         0.910112            91.011236
                                    White        Male Not Hispanic or Latino         457    543599.562363    243190.163300        365000.0        705000.0                74.841873                18.219404                66.67000                88.00000                 43.524845                  4.008675                      NaN                      NaN        7.763129e+05       434417.870859           495000.0           955000.0  196.490153  142.327059     112.00     235.00       434      23         340000.0            460000.0      123.00         0.949672            94.967177