                             derived_race derived_sex      derived_ethnicity  total_apps  avg_loan_amount  std_loan_amount  Q1_loan_amount  Q3_loan_amount  avg_loan_to_value_ratio  std_loan_to_value_ratio  Q1_loan_to_value_ratio  Q3_loan_to_value_ratio  avg_debt_to_income_ratio  std_debt_to_income_ratio  Q1_debt_to_income_ratio  Q3_debt_to_income_ratio  avg_property_value  std_property_value  Q1_property_value  Q3_property_value  avg_income  std_income  Q1_income  Q3_income  accepted  denied  iqr_loan_amount  iqr_property_value  iqr_income  acceptance_rate  acceptance_rate_pct
                 2 or more minority races      Female     Hispanic or Latino           1    615000.000000              NaN        615000.0        615000.0                80.000000                      NaN                80.00000                80.00000                       NaN                       NaN                      NaN                      NaN       765000.000000                 NaN           765000.0           765000.0  126.000000         NaN     126.00     126.00         1       0              0.0                 0.0        0.00         1.000000           100.000000
                 2 or more minority races      Female Not Hispanic or Latino           5    471000.000000    279785.632226        395000.0        495000.0                76.606800                16.075121                66.10200                86.93200                 46.250000                  1.707825                      NaN                      NaN       603000.000000       294057.817444           575000.0           605000.0  126.800000   87.767876      91.00     117.00         4       1         100000.0             30000.0       26.00         0.800000            80.000000
                 2 or more minority races        Male     Hispanic or Latino           4    420000.000000    131782.649338        355000.0        455000.0                73.620500                17.258392                68.62050                82.50000                 41.333333                  6.110101                      NaN                      NaN       640000.000000       391620.564663           462500.0           682500.0  141.000000   48.805737     113.25     168.75         4       0         100000.0            220000.0       55.50         1.000000           100.000000
                 2 or more minority races        Male Not Hispanic or Latino           5    451000.000000    280588.666913        295000.0        575000.0                88.998000                 8.774681                80.00000                97.00000                 43.400000                  3.435113                    42.00                    44.00       525000.000000       362422.405488           305000.0           635000.0  121.000000   57.148928      79.00     141.00         4       1         280000.0            330000.0       62.00         0.800000            80.000000
         American Indian or Alaska Native      Female     Hispanic or Latino           4    452500.000000    212661.703181        302500.0        555000.0                76.979250                17.650218                69.03825                87.50000                 43.250000                  3.593976                    40.75                    45.00       567500.000000       153269.914421           470000.0           632500.0  109.000000   39.841352      82.25     131.75         4       0         252500.0            162500.0       49.50         1.000000           100.000000
         American Indian or Alaska Native      Female Not Hispanic or Latino           7    487857.142857    183912.505077        370000.0        590000.0                83.550429                11.966586                77.50000                91.53650                 43.250000                  5.678908                      NaN                      NaN       629285.714286       292737.490075           465000.0           675000.0  213.857143  176.902448     132.50     205.00         7       0         220000.0            210000.0       72.50         1.000000           100.000000
         American Indian or Alaska Native        Male     Hispanic or Latino           7    452142.857143    149523.051257        355000.0        480000.0                81.719143                33.988465                69.09100                79.34050                 48.500000                  0.707107                      NaN                      NaN       613571.428571       267670.728784           460000.0           720000.0  259.857143  172.543162     168.00     355.50         3       4         125000.0            260000.0      187.50         0.428571            42.857143
         American Indian or Alaska Native        Male Not Hispanic or Latino           2    205000.000000    141421.356237        155000.0        255000.0                37.112500                24.200730                28.55625                45.66875                 44.000000                       NaN                      NaN                      NaN       580000.000000        21213.203436           572500.0           587500.0   89.000000    0.000000      89.00      89.00         2       0         100000.0             15000.0        0.00         1.000000           100.000000
                                    Asian      Female     Hispanic or Latino          10    543000.000000    153608.448842        447500.0        652500.0                76.416900                19.927485                76.25000                88.00000                 44.222222                  4.790036                      NaN                      NaN       737000.000000       188962.077324           595000.0           920000.0  140.500000   38.770693     110.00     163.00        10       0         205000.0            325000.0       53.00         1.000000           100.000000
                                    Asian      Female Not Hispanic or Latino         220    533954.545455    201143.529316        402500.0        665000.0                71.304054                20.489702                59.49400                85.22450                 43.496644                  4.235666                      NaN                      NaN       800636.363636       339821.406957           585000.0           927500.0  180.722727  125.845997     116.00     216.25       199      21         262500.0            342500.0      100.25         0.904545            90.454545
                                    Asian        Male     Hispanic or Latino           6    503333.333333    238614.053791        442500.0        550000.0                82.500000                10.368221                76.25000                91.25000                 46.000000                  2.915476                      NaN                      NaN       643333.333333       362514.367531           517500.0           687500.0  142.833333   48.005902     126.25     173.25         5       1         107500.0            170000.0       47.00         0.833333            83.333333
                                    Asian        Male Not Hispanic or Latino         385    626792.207792    240231.352124        445000.0        765000.0                74.194031                17.593810                65.51300                85.00000                 43.968198                  3.990553                      NaN                      NaN       903129.870130       439532.936013           605000.0          1095000.0  198.605195  113.209637     126.00     239.00       362      23         320000.0            490000.0      113.00         0.940260            94.025974
                Black or African American      Female     Hispanic or Latino           2    370000.000000    162634.559673        312500.0        427500.0                96.000000                 1.414214                95.50000                96.50000                 45.500000                  4.949747                    43.75                    47.25       390000.000000       176776.695297           327500.0           452500.0  102.000000   35.355339      89.50     114.50         1       1         115000.0            125000.0       25.00         0.500000            50.000000
                Black or African American      Female Not Hispanic or Latino          58    469310.344828    226468.789290        297500.0        605000.0                83.057431                18.721694                78.59375                96.50000                 43.906977                  4.497692                      NaN                      NaN       607586.206897       268586.686616           427500.0           737500.0  146.517241   75.214370      92.00     175.75        51       7         307500.0            310000.0       83.75         0.879310            87.931034
                Black or African American        Male     Hispanic or Latino           2    525000.000000    169705.627485        465000.0        585000.0                92.284000                 6.669431                89.92600                94.64200                 42.500000                  4.949747                    40.75                    44.25       580000.000000       233345.237792           497500.0           662500.0  135.500000   16.263456     129.75     141.25         2       0         120000.0            165000.0       11.50         1.000000           100.000000
                Black or African American        Male Not Hispanic or Latino          30    629333.333333    262306.524211        425000.0        772500.0                79.989733                15.288733                73.42725                94.99925                 44.666667                  3.941603                      NaN                      NaN       853666.666667       461016.368423           607500.0          1112500.0  195.033333   90.451543     109.25     255.00        29       1         347500.0            505000.0      145.75         0.966667            96.666667
Native Hawaiian or Other Pacific Islander      Female Not Hispanic or Latino           1    685000.000000              NaN        685000.0        685000.0                79.999000                      NaN                79.99900                79.99900                       NaN                       NaN                      NaN                      NaN       855000.000000                 NaN           855000.0           855000.0  296.000000         NaN     296.00     296.00         1       0              0.0                 0.0        0.00         1.000000           100.000000
Native Hawaiian or Other Pacific Islander        Male     Hispanic or Latino           2    220000.000000     63639.610307        197500.0        242500.0                67.037500                39.093813                53.21575                80.85925                 42.000000                  5.656854                    40.00                    44.00       425000.000000       339411.254970           305000.0           545000.0   76.000000   29.698485      65.50      86.50         2       0          45000.0            240000.0       21.00         1.000000           100.000000
Native Hawaiian or Other Pacific Islander        Male Not Hispanic or Latino           4    572500.000000    262345.192447        495000.0        742500.0                70.821500                28.179829                62.32400                89.99250                 40.750000                  5.737305                    37.50                    42.25       795000.000000       189208.879284           660000.0           875000.0  219.250000  168.585043     122.25     284.50         4       0         247500.0            215000.0      162.25         1.000000           100.000000
                                    White      Female     Hispanic or Latino         180    468833.333333    207092.873128        315000.0        575000.0                81.272587                15.992375                75.00000                95.00000                 45.074627                  3.628680                      NaN                      NaN       600388.888889       273670.200509           422500.0           730000.0  135.483333   81.176714      83.25     161.00       160      20         260000.0            307500.0       77.75         0.888889            88.888889
                                    White      Female Not Hispanic or Latino         349    474598.853868    233413.843907        315000.0        605000.0                70.739539                21.251301                58.15900                85.00000                 43.564000                  4.206266                      NaN                      NaN       708495.702006       360046.034906           485000.0           845000.0  172.272206  147.956649      96.00     206.00       327      22         290000.0            360000.0      110.00         0.936963            93.696275
                                    White        Male     Hispanic or Latino         265    467377.358491    192215.967790        345000.0        595000.0                83.227551                15.777997                80.00000                95.00000                 44.241026                  4.024200                      NaN                      NaN       584886.792453       261947.084378           405000.0           735000.0  162.196226  139.775331      89.00     180.00       236      29         250000.0            330000.0       91.00         0.890566            89.056604
                                    White        Male Not Hispanic or Latino         451    549878.048780    257354.352737        365000.0        715000.0                73.610623                18.860055                65.00000                85.00000                 43.699324                  4.079814                      NaN                      NaN       815886.917960       524368.922786           525000.0           975000.0  237.022173  450.494533     113.00     236.00       427      24         350000.0            450000.0      123.00         0.946785            94.678492