                             derived_race derived_sex      derived_ethnicity  total_apps  avg_loan_amount  std_loan_amount  Q1_loan_amount  Q3_loan_amount  avg_loan_to_value_ratio  std_loan_to_value_ratio  Q1_loan_to_value_ratio  Q3_loan_to_value_ratio  avg_debt_to_income_ratio  std_debt_to_income_ratio  Q1_debt_to_income_ratio  Q3_debt_to_income_ratio  avg_property_value  std_property_value  Q1_property_value  Q3_property_value  avg_income  std_income  Q1_income  Q3_income  accepted  denied  iqr_loan_amount  iqr_property_value  iqr_income  acceptance_rate  acceptance_rate_pct
                 2 or more minority races      Female     Hispanic or Latino           1    625000.000000              NaN        625000.0        625000.0                73.370000                      NaN                73.37000                 73.3700                 49.000000                       NaN                     49.0                     49.0        8.450000e+05                 NaN           845000.0           845000.0  143.000000         NaN     143.00     143.00         1       0              0.0                 0.0        0.00         1.000000           100.000000
                 2 or more minority races      Female Not Hispanic or Latino           2    505000.000000    127279.220614        460000.0        550000.0                88.500000                12.020815                84.25000                 92.7500                 48.000000                       NaN                      NaN                      NaN        5.650000e+05        70710.678119           540000.0           590000.0  121.500000   10.606602     117.75     125.25         2       0          90000.0             50000.0        7.50         1.000000           100.000000
                 2 or more minority races        Male     Hispanic or Latino           1    475000.000000              NaN        475000.0        475000.0                89.990000                      NaN                89.99000                 89.9900                 41.000000                       NaN                     41.0                     41.0        5.250000e+05                 NaN           525000.0           525000.0  117.000000         NaN     117.00     117.00         1       0              0.0                 0.0        0.00         1.000000           100.000000
                 2 or more minority races        Male Not Hispanic or Latino           1    305000.000000              NaN        305000.0        305000.0                80.000000                      NaN                80.00000                 80.0000                 38.000000                       NaN                     38.0                     38.0        3.850000e+05                 NaN           385000.0           385000.0   91.000000         NaN      91.00      91.00         1       0              0.0                 0.0        0.00         1.000000           100.000000
         American Indian or Alaska Native      Female     Hispanic or Latino           5    349000.000000    192041.662147        305000.0        445000.0                77.731400                23.094972                75.00000                 90.0000                 47.750000                  1.258306                      NaN                      NaN        4.710000e+05       262640.438623           385000.0           615000.0  125.800000   81.247769      84.00     106.00         3       2         140000.0            230000.0       22.00         0.600000            60.000000
         American Indian or Alaska Native      Female Not Hispanic or Latino           5    495000.000000    360347.054935        325000.0        515000.0                80.306600                29.325255                80.00000                 96.9030                 49.000000                       NaN                      NaN                      NaN        6.010000e+05       424535.039779           335000.0           505000.0  186.600000  169.151707     104.00     143.00         4       1         190000.0            170000.0       39.00         0.800000            80.000000
         American Indian or Alaska Native        Male     Hispanic or Latino          12    560000.000000    204428.249249        500000.0        675000.0                77.893250                25.071042                67.36200                 95.0000                 45.285714                  2.927700                      NaN                      NaN        8.075000e+05       540591.006551           522500.0           745000.0  186.083333  128.888576     115.50     212.25        10       2         175000.0            222500.0       96.75         0.833333            83.333333
         American Indian or Alaska Native        Male Not Hispanic or Latino           5    609000.000000    128957.357293        575000.0        665000.0                79.038400                10.683831                74.94000                 80.0000                 42.750000                  4.349329                      NaN                      NaN        7.710000e+05       153394.915170           635000.0           835000.0  169.400000   22.018174     156.00     173.00         3       2          90000.0            200000.0       17.00         0.600000            60.000000
                                    Asian      Female     Hispanic or Latino           5    337000.000000    160218.600668        315000.0        365000.0                69.062000                28.767764                74.00000                 80.0000                 48.500000                  0.577350                      NaN                      NaN        5.090000e+05       143282.936877           395000.0           615000.0   95.800000   41.063366      67.00     118.00         5       0          50000.0            220000.0       51.00         1.000000           100.000000
                                    Asian      Female Not Hispanic or Latino         218    608165.137615    237759.473153        435000.0        752500.0                73.711220                16.788043                69.14125                 80.0000                 43.704142                  3.680068                      NaN                      NaN        8.694495e+05       408977.504057           587500.0          1002500.0  227.729358  528.767914     120.00     227.75       203      15         317500.0            415000.0      107.75         0.931193            93.119266
                                    Asian        Male     Hispanic or Latino           8    516250.000000    226364.907679        335000.0        682500.0                74.898250                18.998603                64.50000                 84.4475                 44.000000                  4.847680                      NaN                      NaN        7.375000e+05       370935.111769           422500.0           927500.0  421.375000  803.111082      72.50     211.75         8       0         347500.0            505000.0      139.25         1.000000           100.000000
                                    Asian        Male Not Hispanic or Latino         378    618227.513228    236973.973847        465000.0        765000.0                73.450413                16.767015                65.16500                 81.9440                 43.753623                  4.121450                      NaN                      NaN        8.792328e+05       375767.393459           625000.0          1072500.0  209.465608  163.503697     130.25     235.75       359      19         300000.0            447500.0      105.50         0.949735            94.973545
                Black or African American      Female     Hispanic or Latino           3    505000.000000    260576.284416        380000.0        640000.0                97.666667                 2.516611                96.50000                 99.0000                 48.000000                  1.414214                      NaN                      NaN        6.983333e+05       413561.764835           520000.0           925000.0  142.333333   66.605806     108.00     174.50         3       0         260000.0            405000.0       66.50         1.000000           100.000000
                Black or African American      Female Not Hispanic or Latino          31    535645.161290    222694.641215        390000.0        695000.0               146.770548               355.348533                80.00000                 97.0000                 42.541667                  3.977974                      NaN                      NaN        6.959677e+05       280301.680798           560000.0           865000.0  190.967742  112.221948     112.50     257.50        27       4         305000.0            305000.0      145.00         0.870968            87.096774
                Black or African American        Male     Hispanic or Latino           4    712500.000000    220056.810847        650000.0        852500.0                71.540250                18.677143                56.95675                 86.2500                 41.500000                  5.322906                     37.5                     45.5        1.012500e+06       310201.547385           807500.0          1130000.0  858.750000 1175.678634     260.00     898.25         4       0         202500.0            322500.0      638.25         1.000000           100.000000
                Black or African American        Male Not Hispanic or Latino          34    512647.058824    243858.613079        367500.0        700000.0                88.662000                12.713646                80.00000                 97.0000                 44.346154                  4.242097                      NaN                      NaN        6.270588e+05       254484.379610           435000.0           780000.0  191.176471  133.746814      97.50     228.25        29       5         332500.0            345000.0      130.75         0.852941            85.294118
Native Hawaiian or Other Pacific Islander      Female Not Hispanic or Latino           1    385000.000000              NaN        385000.0        385000.0                95.000000                      NaN                95.00000                 95.0000                 44.000000                       NaN                     44.0                     44.0        4.050000e+05                 NaN           405000.0           405000.0  104.000000         NaN     104.00     104.00         1       0              0.0                 0.0        0.00         1.000000           100.000000
Native Hawaiian or Other Pacific Islander        Male     Hispanic or Latino           3    408333.333333    109696.551146        365000.0        470000.0                88.333333                 7.637626                85.00000                 92.5000                 43.500000                  7.778175                      NaN                      NaN        4.783333e+05       141539.158304           435000.0           560000.0  153.333333  126.199577      80.50     191.50         2       1         105000.0            125000.0      111.00         0.666667            66.666667
Native Hawaiian or Other Pacific Islander        Male Not Hispanic or Latino           1    435000.000000              NaN        435000.0        435000.0                90.000000                      NaN                90.00000                 90.0000                 47.000000                       NaN                     47.0                     47.0        4.850000e+05                 NaN           485000.0           485000.0  188.000000         NaN     188.00     188.00         1       0              0.0                 0.0        0.00         1.000000           100.000000
                                    White      Female     Hispanic or Latino         173    410317.919075    204375.218006        255000.0        525000.0                77.461578                20.631813                65.92900                 95.0000                 44.639706                  4.056404                      NaN                      NaN        5.560983e+05       252543.932737           385000.0           695000.0  134.583815  140.537507      75.00     153.00       153      20         270000.0            310000.0       78.00         0.884393            88.439306
                                    White      Female Not Hispanic or Latino         351    477393.162393    239260.705051        305000.0        600000.0                70.687034                21.294849                59.74700                 85.0000                 43.487705                  4.084984                      NaN                      NaN        7.273932e+05       402739.156079           465000.0           895000.0  164.743590  103.949753      98.00     201.00       328      23         295000.0            430000.0      103.00         0.934473            93.447293
                                    White        Male     Hispanic or Latino         291    448264.604811    198282.266804        325000.0        555000.0                82.138945                17.082011                76.98000                 95.0000                 44.076577                  3.899007                      NaN                      NaN        5.721134e+05       259150.969565           400000.0           705000.0  157.446735  211.808908      88.00     177.00       269      22         230000.0            305000.0       89.00         0.924399            92.439863
                                    White        Male Not Hispanic or Latino         467    565064.239829    256637.626627        355000.0        750000.0                74.115596                19.199474                64.90750                 89.9890                 43.639731                  4.089560                      NaN                      NaN        8.171413e+05       442668.116684           525000.0           995000.0  208.460385  185.782974     117.50     242.00       432      35         395000.0            470000.0      124.50         0.925054            92.505353