                             derived_race derived_sex      derived_ethnicity  total_apps  avg_loan_amount  std_loan_amount  Q1_loan_amount  Q3_loan_amount  avg_loan_to_value_ratio  std_loan_to_value_ratio  Q1_loan_to_value_ratio  Q3_loan_to_value_ratio  avg_debt_to_income_ratio  std_debt_to_income_ratio  Q1_debt_to_income_ratio  Q3_debt_to_income_ratio  avg_property_value  std_property_value  Q1_property_value  Q3_property_value  avg_income  std_income  Q1_income  Q3_income  accepted  denied  iqr_loan_amount  iqr_property_value  iqr_income  acceptance_rate  acceptance_rate_pct
                 2 or more minority races      Female     Hispanic or Latino           1    265000.000000              NaN        265000.0        265000.0                95.000000                      NaN                95.00000                95.00000                 39.000000                       NaN                     39.0                     39.0       285000.000000                 NaN           285000.0           285000.0  101.000000         NaN     101.00     101.00         0       1              0.0                 0.0        0.00         0.000000             0.000000
                 2 or more minority races      Female Not Hispanic or Latino           4    460000.000000    186279.360102        375000.0        525000.0                70.227500                13.713996                65.22750                80.00000                 46.333333                  1.527525                      NaN                      NaN       720000.000000       460832.579867           465000.0           850000.0  130.750000   56.133027     109.75     170.00         4       0         150000.0            385000.0       60.25         1.000000           100.000000
                 2 or more minority races        Male     Hispanic or Latino           3    621666.666667    305505.046330        455000.0        755000.0                87.906333                14.054263                83.35950                96.00000                 43.666667                  5.033223                     41.0                     46.0       758333.333333       502924.779001           475000.0           955000.0  150.333333   84.013888     104.50     187.00         3       0         300000.0            480000.0       82.50         1.000000           100.000000
                 2 or more minority races        Male Not Hispanic or Latino           2    590000.000000    275771.644663        492500.0        687500.0                95.000000                 0.000000                95.00000                95.00000                 46.000000                  4.242641                     44.5                     47.5       630000.000000       289913.780286           527500.0           732500.0  146.500000   84.145707     116.75     176.25         2       0         195000.0            205000.0       59.50         1.000000           100.000000
         American Indian or Alaska Native      Female     Hispanic or Latino           8    536250.000000    268670.669355        405000.0        625000.0                81.748500                24.119562                82.27950                95.00000                 43.833333                  3.868678                      NaN                      NaN       668750.000000       246630.869346           477500.0           735000.0  160.875000   68.166681     112.50     180.25         8       0         220000.0            257500.0       67.75         1.000000           100.000000
         American Indian or Alaska Native      Female Not Hispanic or Latino           5    463000.000000    246211.291374        265000.0        655000.0                91.073800                 9.389941                84.99000                96.60500                 44.500000                  5.802298                      NaN                      NaN       533000.000000       279051.966487           275000.0           765000.0  153.200000   60.242842     105.00     195.00         5       0         390000.0            490000.0       90.00         1.000000           100.000000
         American Indian or Alaska Native        Male     Hispanic or Latino           6    436666.666667     95376.447128        382500.0        482500.0                91.115167                 6.190863                89.76825                95.00000                 42.800000                  5.167204                      NaN                      NaN       485000.000000       135793.961574           425000.0           512500.0  159.000000   64.677662     124.75     191.25         6       0         100000.0             87500.0       66.50         1.000000           100.000000
         American Indian or Alaska Native        Male Not Hispanic or Latino           5    383000.000000    182126.329782        245000.0        575000.0                65.228600                27.772851                39.41400                79.99900                 46.200000                  4.086563                     44.0                     49.0       715000.000000       476602.559792           375000.0           785000.0   93.200000   34.744784      72.00     120.00         5       0         330000.0            410000.0       48.00         1.000000           100.000000
                                    Asian      Female     Hispanic or Latino           6    528333.333333    229753.491087        395000.0        577500.0                78.174833                16.889952                64.77800                89.99750                 42.750000                  3.201562                      NaN                      NaN       690000.000000       304942.617553           477500.0           887500.0  255.833333  225.723208      96.75     336.75         6       0         182500.0            410000.0      240.00         1.000000           100.000000
                                    Asian      Female Not Hispanic or Latino         221    561923.076923    220893.924484        405000.0        705000.0                71.971090                19.530993                60.00000                85.00000                 43.871622                  3.923209                      NaN                      NaN       822782.805430       347197.962752           565000.0           985000.0  187.542986  109.661439     109.00     225.00       209      12         300000.0            420000.0      116.00         0.945701            94.570136
                                    Asian        Male     Hispanic or Latino          14    471428.571429    200752.704469        377500.0        625000.0                85.216643                 8.616330                80.00000                91.37775                 42.900000                  2.766867                      NaN                      NaN       560000.000000       251694.258973           405000.0           707500.0  155.142857   73.504429     108.25     189.00        13       1         247500.0            302500.0       80.75         0.928571            92.857143
                                    Asian        Male Not Hispanic or Latino         353    628314.447592    245531.786594        455000.0        765000.0                71.600274                17.981328                62.74000                80.00000                 43.577869                  4.056961                      NaN                      NaN       938484.419263       421443.724555           665000.0          1155000.0  206.790368  125.720023     136.00     247.00       329      24         310000.0            490000.0      111.00         0.932011            93.201133
                Black or African American      Female     Hispanic or Latino           4    527500.000000    223662.692463        385000.0        687500.0                93.500000                 9.469248                91.25000                98.25000                 43.333333                  3.055050                      NaN                      NaN       687500.000000       275847.179914           665000.0           837500.0  155.000000   63.240283     121.75     201.25         3       1         302500.0            172500.0       79.50         0.750000            75.000000
                Black or African American      Female Not Hispanic or Latino          45    500555.555556    207578.633026        365000.0        625000.0                84.285556                14.132413                79.00000                95.00000                 44.323529                  3.898100                      NaN                      NaN       622333.333333       240126.860411           505000.0           745000.0  159.955556   97.227230     103.00     184.00        42       3         260000.0            240000.0       81.00         0.933333            93.333333
                Black or African American        Male     Hispanic or Latino           6    538333.333333    166933.120341        480000.0        572500.0                81.995500                23.811430                81.22900                96.27775                 44.750000                  4.991660                      NaN                      NaN       673333.333333       138190.689508           600000.0           762500.0  137.833333   39.816663     115.25     170.50         4       2          92500.0            162500.0       55.25         0.666667            66.666667
                Black or African American        Male Not Hispanic or Latino          32    571562.500000    210339.347553        420000.0        682500.0                83.907275                15.898672                80.00000                95.00000                 45.083333                  3.549852                      NaN                      NaN       689375.000000       246051.889361           557500.0           800000.0  188.000000   98.541951     127.25     218.50        31       1         262500.0            242500.0       91.25         0.968750            96.875000
Native Hawaiian or Other Pacific Islander      Female Not Hispanic or Latino           3    585000.000000    248797.106092        475000.0        720000.0                80.000000                 0.000000                80.00000                80.00000                 43.000000                  7.071068                      NaN                      NaN       731666.666667       309892.454463           595000.0           900000.0  182.000000   31.192948     164.00     191.50         3       0         245000.0            305000.0       27.50         1.000000           100.000000
Native Hawaiian or Other Pacific Islander        Male     Hispanic or Latino           1    565000.000000              NaN        565000.0        565000.0                97.000000                      NaN                97.00000                97.00000                 49.000000                       NaN                     49.0                     49.0       575000.000000                 NaN           575000.0           575000.0  119.000000         NaN     119.00     119.00         1       0              0.0                 0.0        0.00         1.000000           100.000000
Native Hawaiian or Other Pacific Islander        Male Not Hispanic or Latino           2    395000.000000     56568.542495        375000.0        415000.0                63.510000                23.320382                55.26500                71.75500                 44.000000                  5.656854                     42.0                     46.0       650000.000000       148492.424049           597500.0           702500.0   92.000000    7.071068      89.50      94.50         2       0          40000.0            105000.0        5.00         1.000000           100.000000
                                    White      Female     Hispanic or Latino         190    420842.105263    183531.138069        295000.0        525000.0                81.274068                16.979331                75.89100                95.00000                 44.316456                  3.996955                      NaN                      NaN       539210.526316       222653.924868           387500.0           682500.0  122.163158   69.298218      78.50     148.50       164      26         230000.0            295000.0       70.00         0.863158            86.315789
                                    White      Female Not Hispanic or Latino         362    464005.524862    233249.013851        295000.0        605000.0                69.606746                22.839480                52.48200                85.00000                 43.884000                  4.241522                      NaN                      NaN       712955.801105       362035.975978           485000.0           865000.0  164.618785  156.491478      96.00     194.00       340      22         310000.0            380000.0       98.00         0.939227            93.922652
                                    White        Male     Hispanic or Latino         270    494111.111111    216935.282922        345000.0        635000.0                83.236504                16.553135                80.00000                95.00000                 44.452736                  3.881882                      NaN                      NaN       611111.111111       270194.867492           427500.0           752500.0  156.655556  130.931137      94.00     186.00       242      28         290000.0            325000.0       92.00         0.896296            89.629630
                                    White        Male Not Hispanic or Latino         457    545043.763676    249279.660136        365000.0        715000.0                74.344519                19.527471                65.22900                89.70000                 43.722973                  3.995457                      NaN                      NaN       784824.945295       449261.055072           515000.0           955000.0  216.275711  480.183680     123.00     239.00       434      23         350000.0            440000.0      116.00         0.949672            94.967177