                             derived_race derived_sex      derived_ethnicity  total_apps  avg_loan_amount  std_loan_amount  Q1_loan_amount  Q3_loan_amount  avg_loan_to_value_ratio  std_loan_to_value_ratio  Q1_loan_to_value_ratio  Q3_loan_to_value_ratio  avg_debt_to_income_ratio  std_debt_to_income_ratio  Q1_debt_to_income_ratio  Q3_debt_to_income_ratio  avg_property_value  std_property_value  Q1_property_value  Q3_property_value  avg_income  std_income  Q1_income  Q3_income  accepted  denied  iqr_loan_amount  iqr_property_value  iqr_income  acceptance_rate  acceptance_rate_pct
                 2 or more minority races      Female     Hispanic or Latino           1    335000.000000              NaN        335000.0        335000.0                95.000000                      NaN                95.00000                95.00000                 48.000000                       NaN                     48.0                    48.00       355000.000000                 NaN           355000.0           355000.0   68.000000         NaN      68.00      68.00         1       0              0.0                 0.0        0.00         1.000000           100.000000
                 2 or more minority races      Female Not Hispanic or Latino           1    355000.000000              NaN        355000.0        355000.0                59.829000                      NaN                59.82900                59.82900                       NaN                       NaN                      NaN                      NaN       585000.000000                 NaN           585000.0           585000.0    0.000000         NaN       0.00       0.00         0       1              0.0                 0.0        0.00         0.000000             0.000000
                 2 or more minority races        Male     Hispanic or Latino           1    505000.000000              NaN        505000.0        505000.0                64.326000                      NaN                64.32600                64.32600                 44.000000                       NaN                     44.0                    44.00       785000.000000                 NaN           785000.0           785000.0  106.000000         NaN     106.00     106.00         1       0              0.0                 0.0        0.00         1.000000           100.000000
                 2 or more minority races        Male Not Hispanic or Latino           6    536666.666667    173599.155144        405000.0        690000.0                84.086500                 8.140037                77.85275                89.07525                 45.666667                  3.265986                     44.5                    47.75       636666.666667       182034.795209           525000.0           790000.0  127.166667   50.077606      86.00     162.00         5       1         285000.0            265000.0       76.00         0.833333            83.333333
         American Indian or Alaska Native      Female     Hispanic or Latino           3    681666.666667    392088.425401        475000.0        865000.0                88.679667                10.947138                85.51950                95.00000                 44.500000                  6.363961                      NaN                      NaN       741666.666667       380832.421589           535000.0           910000.0  184.666667  109.609914     133.50     242.50         2       1         390000.0            375000.0      109.00         0.666667            66.666667
         American Indian or Alaska Native      Female Not Hispanic or Latino           8    572500.000000    196668.684413        457500.0        687500.0                82.603250                13.314005                73.87150                95.00000                 43.857143                  5.304984                      NaN                      NaN       735000.000000       323728.281125           547500.0           807500.0  170.250000   57.273155     130.50     211.00         8       0         230000.0            260000.0       80.50         1.000000           100.000000
         American Indian or Alaska Native        Male     Hispanic or Latino          13    448846.153846    211956.696109        315000.0        515000.0                71.015385                22.260746                70.00000                80.00000                 42.888889                  3.333333                      NaN                      NaN       711153.846154       518467.910636           475000.0           765000.0  142.538462   64.145168      89.00     195.00        12       1         200000.0            290000.0      106.00         0.923077            92.307692
         American Indian or Alaska Native        Male Not Hispanic or Latino           6    411666.666667    263868.654195        245000.0        645000.0                97.654500                 3.743089                95.09050               100.70500                 45.600000                  3.130495                      NaN                      NaN       490000.000000       216032.404977           322500.0           687500.0  119.833333   80.158385      59.75     176.75         6       0         400000.0            365000.0      117.00         1.000000           100.000000
                                    Asian      Female     Hispanic or Latino           7    539285.714286    201978.310953        470000.0        670000.0                72.695286                20.303966                65.69200                82.47800                 42.285714                  3.683942                     40.5                    45.00       776428.571429       338547.316803           605000.0           895000.0  149.857143   52.422732     121.50     189.00         7       0         200000.0            290000.0       67.50         1.000000           100.000000
                                    Asian      Female Not Hispanic or Latino         216    552777.777778    205608.946205        405000.0        665000.0                72.837240                18.443736                60.00000                83.50000                 43.981013                  4.052948                      NaN                      NaN       798657.407407       301802.419952           595000.0           935000.0  165.768519   88.137167     119.00     196.25       195      21         260000.0            340000.0       77.25         0.902778            90.277778
                                    Asian        Male     Hispanic or Latino          11    439545.454545    125885.951270        385000.0        500000.0                69.310545                20.679775                53.12500                85.79150                 42.333333                  4.676181                      NaN                      NaN       654090.909091       165858.647375           530000.0           805000.0  207.000000  278.559509      98.00     171.00         8       3         115000.0            275000.0       73.00         0.727273            72.727273
                                    Asian        Male Not Hispanic or Latino         389    612455.012853    222668.796523        455000.0        755000.0                73.245229                18.014007                64.28600                85.00000                 43.853047                  4.234568                      NaN                      NaN       893971.722365       420165.004066           645000.0          1035000.0  197.136247  118.467380     126.00     234.00       365      24         300000.0            390000.0      108.00         0.938303            93.830334
                Black or African American      Female     Hispanic or Latino           4    655000.000000    133915.396177        582500.0        747500.0                87.500000                 9.574271                82.50000                95.00000                 42.666667                  5.507571                      NaN                      NaN       760000.000000       165025.250593           747500.0           837500.0  211.000000   65.222695     190.00     236.50         4       0         165000.0             90000.0       46.50         1.000000           100.000000
                Black or African American      Female Not Hispanic or Latino          41    513292.682927    285253.417499        325000.0        635000.0                81.120341                19.018916                79.00000                95.00000                 43.500000                  4.175049                      NaN                      NaN       671585.365854       375789.899785           475000.0           895000.0  179.707317  120.427830     101.00     229.00        35       6         310000.0            420000.0      128.00         0.853659            85.365854
                Black or African American        Male     Hispanic or Latino           1    215000.000000              NaN        215000.0        215000.0                97.000000                      NaN                97.00000                97.00000                 43.000000                       NaN                     43.0                    43.00       215000.000000                 NaN           215000.0           215000.0   63.000000         NaN      63.00      63.00         1       0              0.0                 0.0        0.00         1.000000           100.000000
                Black or African American        Male Not Hispanic or Latino          49    514183.673469    229418.074835        365000.0        645000.0                86.101082                14.977611                80.00000                95.00000                 44.459459                  3.912903                      NaN                      NaN       607653.061224       246785.800427           435000.0           715000.0  156.938776  108.086271      99.00     179.00        43       6         280000.0            280000.0       80.00         0.877551            87.755102
Native Hawaiian or Other Pacific Islander      Female Not Hispanic or Latino           3    381666.666667    159478.316185        315000.0        470000.0                71.259000                36.875334                59.38850                92.50000                 47.000000                  1.414214                      NaN                      NaN       571666.666667       125033.328890           510000.0           635000.0  169.333333   14.364308     164.00     177.50         3       0         155000.0            125000.0       13.50         1.000000           100.000000
Native Hawaiian or Other Pacific Islander        Male Not Hispanic or Latino           2    195000.000000    127279.220614        150000.0        240000.0                90.000000                 7.071068                87.50000                92.50000                 37.000000                       NaN                      NaN                      NaN       215000.000000       127279.220614           170000.0           260000.0  128.000000    9.899495     124.50     131.50         1       1          90000.0             90000.0        7.00         0.500000            50.000000
                                    White      Female     Hispanic or Latino         164    439634.146341    189524.397458        292500.0        567500.0                80.037384                17.511331                75.04125                95.00000                 43.798319                  4.249785                      NaN                      NaN       565243.902439       241709.025545           385000.0           735000.0  136.530488   90.966887      79.50     166.00       146      18         275000.0            350000.0       86.50         0.890244            89.024390
                                    White      Female Not Hispanic or Latino         366    471338.797814    223848.615608        305000.0        595000.0                71.710883                20.265277                60.00000                85.45900                 43.437008                  4.015037                      NaN                      NaN       696857.923497       334293.516392           447500.0           882500.0  159.513661   94.259034      99.00     193.50       338      28         290000.0            435000.0       94.50         0.923497            92.349727
                                    White        Male     Hispanic or Latino         227    491651.982379    203344.334002        360000.0        600000.0                83.059110                16.898523                80.00000                95.00000                 44.573034                  4.006739                      NaN                      NaN       615837.004405       277089.335528           455000.0           725000.0  157.118943  128.597055      93.00     175.50       202      25         240000.0            270000.0       82.50         0.889868            88.986784
                                    White        Male Not Hispanic or Latino         481    546247.401247    237770.247820        375000.0        705000.0                73.005204                19.581543                64.44200                85.00000                 43.614458                  4.023590                      NaN                      NaN       797411.642412       409100.645967           535000.0           965000.0  208.234927  275.749465     115.00     237.00       455      26         330000.0            430000.0      122.00         0.945946            94.594595