                             derived_race derived_sex      derived_ethnicity  total_apps  avg_loan_amount  std_loan_amount  Q1_loan_amount  Q3_loan_amount  avg_loan_to_value_ratio  std_loan_to_value_ratio  Q1_loan_to_value_ratio  Q3_loan_to_value_ratio  avg_debt_to_income_ratio  std_debt_to_income_ratio  Q1_debt_to_income_ratio  Q3_debt_to_income_ratio  avg_property_value  std_property_value  Q1_property_value  Q3_property_value  avg_income  std_income  Q1_income  Q3_income  accepted  denied  iqr_loan_amount  iqr_property_value  iqr_income  acceptance_rate  acceptance_rate_pct
                 2 or more minority races      Female Not Hispanic or Latino           2    275000.000000     42426.406871        260000.0        290000.0                61.580000                26.049814                52.37000                70.79000                 48.000000                       NaN                      NaN                      NaN        4.700000e+05       120208.152802           427500.0           512500.0   80.000000   14.142136      75.00      85.00         2       0          30000.0             85000.0       10.00         1.000000           100.000000
                 2 or more minority races        Male     Hispanic or Latino           3    611666.666667    176162.803490        530000.0        705000.0                64.307000                15.943125                56.46050                72.39800                 42.000000                  1.414214                      NaN                      NaN        1.041667e+06       537246.064046           760000.0          1295000.0  163.666667   36.226142     148.00     183.50         3       0         175000.0            535000.0       35.50         1.000000           100.000000
                 2 or more minority races        Male Not Hispanic or Latino           2    505000.000000    183847.763109        440000.0        570000.0                92.500000                24.748737                83.75000               101.25000                 48.000000                       NaN                      NaN                      NaN        5.950000e+05       353553.390593           470000.0           720000.0  179.500000   85.559921     149.25     209.75         1       1         130000.0            250000.0       60.50         0.500000            50.000000
         American Indian or Alaska Native      Female     Hispanic or Latino           8    341250.000000    149373.692463        267500.0        442500.0                73.745750                24.233432                69.47225                91.25000                 45.833333                  3.188521                      NaN                      NaN        5.200000e+05       273286.871777           365000.0           712500.0   98.250000   16.219477      88.50     109.75         7       1         175000.0            347500.0       21.25         0.875000            87.500000
         American Indian or Alaska Native      Female Not Hispanic or Latino           3    508333.333333    302379.452565        380000.0        675000.0                87.647333                 8.721140                83.98500                92.47100                       NaN                       NaN                      NaN                      NaN        7.150000e+05       525642.464038           460000.0           985000.0  339.333333  252.000661     209.00     460.50         3       0         295000.0            525000.0      251.50         1.000000           100.000000
         American Indian or Alaska Native        Male     Hispanic or Latino           7    372142.857143    141033.599509        285000.0        495000.0                77.945286                19.974063                67.70000                92.50000                 42.500000                  4.932883                      NaN                      NaN        4.978571e+05       185266.860296           335000.0           645000.0  130.142857   69.475244      81.00     171.00         5       2         210000.0            310000.0       90.00         0.714286            71.428571
         American Indian or Alaska Native        Male Not Hispanic or Latino           6    390000.000000    166343.019090        300000.0        500000.0                85.227667                 9.568839                77.09825                93.30875                 44.666667                  6.658328                      NaN                      NaN        4.616667e+05       175004.761840           380000.0           587500.0  127.333333   50.555580      92.25     154.75         6       0         200000.0            207500.0       62.50         1.000000           100.000000
                                    Asian      Female     Hispanic or Latino           4    592500.000000    135738.719605        510000.0        677500.0                68.772250                22.647629                61.00100                77.90825                 43.500000                  0.707107                      NaN                      NaN        8.900000e+05       160519.988371           772500.0           987500.0  148.500000   23.302360     135.50     165.50         4       0         167500.0            215000.0       30.00         1.000000           100.000000
                                    Asian      Female Not Hispanic or Latino         241    574253.112033    239306.859842        415000.0        705000.0                69.992514                20.044746                58.50000                80.00000                 44.039548                  4.051321                      NaN                      NaN        8.914730e+05       525124.993354           615000.0          1065000.0  188.302905  157.905258     114.00     222.00       223      18         290000.0            450000.0      108.00         0.925311            92.531120
                                    Asian        Male     Hispanic or Latino          12    635833.333333    227094.627186        450000.0        790000.0                80.542333                11.790620                78.02250                86.25000                 45.666667                  3.570714                      NaN                      NaN        7.950000e+05       268835.874229           585000.0          1012500.0  349.416667  648.169234     133.00     203.75        12       0         340000.0            427500.0       70.75         1.000000           100.000000
                                    Asian        Male Not Hispanic or Latino         359    639122.562674    239392.262464        475000.0        765000.0                73.787936                16.402154                65.52150                82.60500                 43.488000                  3.844604                      NaN                      NaN        9.107382e+05       398400.360756           630000.0          1125000.0  199.186630  124.224010     129.50     235.50       332      27         290000.0            495000.0      106.00         0.924791            92.479109
                Black or African American      Female     Hispanic or Latino           1    265000.000000              NaN        265000.0        265000.0                97.000000                      NaN                97.00000                97.00000                 44.000000                       NaN                     44.0                     44.0        2.750000e+05                 NaN           275000.0           275000.0   73.000000         NaN      73.00      73.00         0       1              0.0                 0.0        0.00         0.000000             0.000000
                Black or African American      Female Not Hispanic or Latino          50    449600.000000    212057.077415        315000.0        570000.0                83.952240                37.665041                75.33875                95.00000                 44.225000                  3.703688                      NaN                      NaN        6.010000e+05       336336.808838           387500.0           715000.0  124.800000   55.138416      78.00     165.00        41       9         255000.0            327500.0       87.00         0.820000            82.000000
                Black or African American        Male     Hispanic or Latino           3    451666.666667    174737.898961        355000.0        525000.0                82.523000                 4.759660                79.77800                84.00650                 40.000000                  4.358899                     37.5                     41.5        5.483333e+05       234378.611083           415000.0           635000.0  113.666667   38.397048      91.50     125.00         3       0         170000.0            220000.0       33.50         1.000000           100.000000
                Black or African American        Male Not Hispanic or Latino          37    537702.702703    242104.759794        365000.0        675000.0                87.724432                12.897117                80.00000                95.00000                 46.206897                  3.028193                      NaN                      NaN        6.550000e+05       302975.979979           425000.0           775000.0  163.810811   82.553295     109.00     216.00        36       1         310000.0            350000.0      107.00         0.972973            97.297297
Native Hawaiian or Other Pacific Islander      Female Not Hispanic or Latino           1    245000.000000              NaN        245000.0        245000.0                80.000000                      NaN                80.00000                80.00000                 40.000000                       NaN                     40.0                     40.0        5.350000e+05                 NaN           535000.0           535000.0   56.000000         NaN      56.00      56.00         1       0              0.0                 0.0        0.00         1.000000           100.000000
Native Hawaiian or Other Pacific Islander        Male     Hispanic or Latino           1    535000.000000              NaN        535000.0        535000.0                97.273000                      NaN                97.27300                97.27300                 49.000000                       NaN                     49.0                     49.0        5.550000e+05                 NaN           555000.0           555000.0  113.000000         NaN     113.00     113.00         1       0              0.0                 0.0        0.00         1.000000           100.000000
Native Hawaiian or Other Pacific Islander        Male Not Hispanic or Latino           1    315000.000000              NaN        315000.0        315000.0                95.000000                      NaN                95.00000                95.00000                 37.000000                       NaN                     37.0                     37.0        3.350000e+05                 NaN           335000.0           335000.0  119.000000         NaN     119.00     119.00         1       0              0.0                 0.0        0.00         1.000000           100.000000
                                    White      Female     Hispanic or Latino         169    432988.165680    214069.358703        275000.0        525000.0                80.066846                17.709036                75.00000                95.00000                 44.500000                  3.784672                      NaN                      NaN        5.613905e+05       255907.561260           375000.0           735000.0  147.218935  159.916215      80.00     167.00       149      20         250000.0            360000.0       87.00         0.881657            88.165680
                                    White      Female Not Hispanic or Latino         331    485966.767372    243408.190859        320000.0        615000.0                71.459839                20.251078                58.34800                85.11300                 44.055319                  4.092040                      NaN                      NaN        7.177190e+05       398846.643537           470000.0           860000.0  174.815710  151.117231      99.00     214.00       309      22         295000.0            390000.0      115.00         0.933535            93.353474
                                    White        Male     Hispanic or Latino         283    468003.533569    197686.504062        315000.0        605000.0                83.688375                14.241847                80.00000                95.00000                 44.795238                  3.544789                      NaN                      NaN        5.767668e+05       241859.790341           405000.0           715000.0  154.996466  147.603660      87.00     180.00       254      29         290000.0            310000.0       93.00         0.897527            89.752650
                                    White        Male Not Hispanic or Latino         476    543949.579832    253546.112446        365000.0        705000.0                73.611294                18.566886                65.00000                86.16675                 43.833866                  3.914700                      NaN                      NaN        7.977521e+05       460225.790690           512500.0           995000.0  207.021008  204.014054     112.00     239.00       445      31         340000.0            482500.0      127.00         0.934874            93.487395