                             derived_race derived_sex      derived_ethnicity  total_apps  avg_loan_amount  std_loan_amount  Q1_loan_amount  Q3_loan_amount  avg_loan_to_value_ratio  std_loan_to_value_ratio  Q1_loan_to_value_ratio  Q3_loan_to_value_ratio  avg_debt_to_income_ratio  std_debt_to_income_ratio  Q1_debt_to_income_ratio  Q3_debt_to_income_ratio  avg_property_value  std_property_value  Q1_property_value  Q3_property_value  avg_income  std_income  Q1_income  Q3_income  accepted  denied  iqr_loan_amount  iqr_property_value  iqr_income  acceptance_rate  acceptance_rate_pct
                 2 or more minority races      Female     Hispanic or Latino           2    185000.000000    113137.084990        145000.0        225000.0                95.225000                 0.318198                 95.1125                 95.3375                 39.000000                       NaN                      NaN                      NaN        2.000000e+05       120208.152802           157500.0           242500.0   86.000000   21.213203      78.50      93.50         0       2          80000.0             85000.0       15.00         0.000000             0.000000
                 2 or more minority races      Female Not Hispanic or Latino           3    365000.000000    115325.625947        320000.0        430000.0                86.666667                11.547005                 80.0000                 90.0000                 43.666667                  6.658328                    41.50                    47.50        4.316667e+05       140118.997047           360000.0           500000.0   90.333333   29.280255      77.00     106.00         3       0         110000.0            140000.0       29.00         1.000000           100.000000
                 2 or more minority races        Male Not Hispanic or Latino           2    645000.000000    197989.898732        575000.0        715000.0                96.000000                 1.414214                 95.5000                 96.5000                 42.500000                  0.707107                    42.25                    42.75        6.800000e+05       219203.102168           602500.0           757500.0  167.500000   54.447222     148.25     186.75         2       0         140000.0            155000.0       38.50         1.000000           100.000000
         American Indian or Alaska Native      Female     Hispanic or Latino           5    447000.000000    138094.170768        465000.0        495000.0                72.977200                27.572425                 80.0000                 85.0000                 45.666667                  4.041452                      NaN                      NaN        6.530000e+05       130268.952556           585000.0           615000.0  167.200000   66.012878     123.00     194.00         5       0          30000.0             30000.0       71.00         1.000000           100.000000
         American Indian or Alaska Native      Female Not Hispanic or Latino           4    507500.000000    167207.455974        370000.0        632500.0                82.495000                 9.569049                 77.5000                 89.9900                 47.000000                  0.000000                      NaN                      NaN        6.075000e+05       144308.696897           512500.0           705000.0  151.750000   51.719597     127.75     174.00         4       0         262500.0            192500.0       46.25         1.000000           100.000000
         American Indian or Alaska Native        Male     Hispanic or Latino           7    413571.428571    170921.870205        280000.0        565000.0                83.798571                11.178969                 77.5000                 90.0000                 43.000000                  4.000000                      NaN                      NaN        4.964286e+05       203914.080880           330000.0           660000.0  123.000000   45.493589      86.50     151.00         5       2         285000.0            330000.0       64.50         0.714286            71.428571
         American Indian or Alaska Native        Male Not Hispanic or Latino           5    587000.000000    160530.370958        555000.0        695000.0                83.135000                26.111756                 85.0000                 95.0000                 46.500000                  3.535534                      NaN                      NaN        7.910000e+05       407345.062570           585000.0           875000.0  178.200000   77.467413     120.00     216.00         4       1         140000.0            290000.0       96.00         0.800000            80.000000
                                    Asian      Female     Hispanic or Latino           6    411666.666667     80663.911799        387500.0        442500.0                78.704000                20.425731                 76.2500                 90.0000                 44.750000                  5.439056                      NaN                      NaN        5.600000e+05       192847.089685           460000.0           570000.0  323.333333  298.977368     122.75     535.50         6       0          55000.0            110000.0      412.75         1.000000           100.000000
                                    Asian      Female Not Hispanic or Latino         223    566524.663677    208985.986150        420000.0        705000.0                74.157731                16.581045                 66.8285                 85.0000                 44.208861                  4.224668                      NaN                      NaN        7.966143e+05       296155.690383           595000.0           960000.0  184.085202  136.461085     120.00     213.50       205      18         285000.0            365000.0       93.50         0.919283            91.928251
                                    Asian        Male     Hispanic or Latino          11    605000.000000    184986.485993        455000.0        725000.0                82.440000                 8.739983                 80.0000                 89.9450                 45.125000                  3.833592                      NaN                      NaN        7.540909e+05       282964.822741           535000.0           975000.0  253.727273  311.522420     113.00     247.50        10       1         270000.0            440000.0      134.50         0.909091            90.909091
                                    Asian        Male Not Hispanic or Latino         351    630954.415954    227634.137979        465000.0        765000.0                74.087145                17.699258                 69.5210                 85.0000                 43.935115                  3.929404                      NaN                      NaN        8.982479e+05       382152.166536           645000.0          1055000.0  204.062678  112.427305     136.50     243.00       328      23         300000.0            410000.0      106.50         0.934473            93.447293
                Black or African American      Female     Hispanic or Latino           2    485000.000000     28284.271247        475000.0        495000.0                81.670000                 2.361737                 80.8350                 82.5050                 41.500000                  7.778175                    38.75                    44.25        5.950000e+05        14142.135624           590000.0           600000.0  120.000000   24.041631     111.50     128.50         2       0          20000.0             10000.0       17.00         1.000000           100.000000
                Black or African American      Female Not Hispanic or Latino          39    533461.538462    214715.705080        360000.0        625000.0                80.115179                20.224687                 72.5000                 95.0000                 44.111111                  4.098155                      NaN                      NaN        7.229487e+05       321183.498029           530000.0           780000.0  145.615385   78.793072      92.00     189.00        31       8         265000.0            250000.0       97.00         0.794872            79.487179
                Black or African American        Male     Hispanic or Latino           3    505000.000000    225166.604984        375000.0        570000.0                91.666667                 2.886751                 90.0000                 92.5000                 46.333333                  1.527525                    45.50                    47.00        5.550000e+05       260000.000000           405000.0           635000.0  184.666667   61.435603     150.00     208.50         3       0         195000.0            230000.0       58.50         1.000000           100.000000
                Black or African American        Male Not Hispanic or Latino          37    471216.216216    205984.780335        295000.0        585000.0                84.522054                16.591453                 80.0000                 95.0000                 45.034483                  3.278531                      NaN                      NaN        5.828378e+05       245810.847956           425000.0           725000.0  155.108108   90.966350      94.00     191.00        32       5         290000.0            300000.0       97.00         0.864865            86.486486
Native Hawaiian or Other Pacific Islander      Female Not Hispanic or Latino           3    295000.000000     81853.527719        260000.0        340000.0                67.925667                34.723387                 54.3885                 87.5000                       NaN                       NaN                      NaN                      NaN        4.916667e+05       176162.803490           390000.0           545000.0  168.333333   10.115994     162.50     171.50         3       0          80000.0            155000.0        9.00         1.000000           100.000000
Native Hawaiian or Other Pacific Islander        Male     Hispanic or Latino           3    755000.000000    105356.537529        705000.0        810000.0                67.333333                24.214321                 53.5000                 76.0000                 40.500000                  6.363961                      NaN                      NaN        1.181667e+06       242143.208316          1095000.0          1320000.0  882.000000 1141.171766     223.50    1230.00         3       0         105000.0            225000.0     1006.50         1.000000           100.000000
                                    White      Female     Hispanic or Latino         154    434870.129870    196847.663515        305000.0        552500.0                80.146217                18.238735                 75.0000                 95.0000                 44.427350                  4.301796                      NaN                      NaN        5.836364e+05       320032.817316           397500.0           705000.0  138.324675   98.720036      79.25     160.50       133      21         247500.0            307500.0       81.25         0.863636            86.363636
                                    White      Female Not Hispanic or Latino         379    480224.274406    235902.275170        310000.0        630000.0                69.751040                20.995192                 56.1020                 84.1200                 43.481752                  4.245406                      NaN                      NaN        7.239446e+05       342602.774278           465000.0           895000.0  169.226913  105.052701     102.00     206.00       359      20         320000.0            430000.0      104.00         0.947230            94.722955
                                    White        Male     Hispanic or Latino         301    445265.780731    192183.755276        305000.0        575000.0                83.105498                15.441328                 80.0000                 95.0000                 44.000000                  4.042874                      NaN                      NaN        5.554983e+05       242210.825860           395000.0           695000.0  151.591362  129.551544      88.00     162.00       277      24         270000.0            300000.0       74.00         0.920266            92.026578
                                    White        Male Not Hispanic or Latino         460    541847.826087    254723.265397        352500.0        705000.0                74.133543                19.007154                 65.4565                 88.4920                 43.471947                  4.160486                      NaN                      NaN        7.770870e+05       417520.423415           505000.0           955000.0  248.386957  531.003820     113.75     238.25       443      17         352500.0            450000.0      124.50         0.963043            96.304348