                             derived_race derived_sex      derived_ethnicity  total_apps  avg_loan_amount  std_loan_amount  Q1_loan_amount  Q3_loan_amount  avg_loan_to_value_ratio  std_loan_to_value_ratio  Q1_loan_to_value_ratio  Q3_loan_to_value_ratio  avg_debt_to_income_ratio  std_debt_to_income_ratio  Q1_debt_to_income_ratio  Q3_debt_to_income_ratio  avg_property_value  std_property_value  Q1_property_value  Q3_property_value  avg_income  std_income  Q1_income  Q3_income  accepted  denied  iqr_loan_amount  iqr_property_value  iqr_income  acceptance_rate  acceptance_rate_pct
                 2 or more minority races      Female Not Hispanic or Latino           2    475000.000000    127279.220614        430000.0        520000.0                90.000000                14.142136                85.00000                95.00000                       NaN                       NaN                      NaN                      NaN       560000.000000       219203.102168           482500.0           637500.0  246.000000  132.936075     199.00     293.00         2       0          90000.0            155000.0       94.00         1.000000           100.000000
                 2 or more minority races        Male     Hispanic or Latino           3    418333.333333    295014.123956        250000.0        525000.0                83.585667                14.791238                78.33500                92.04350                 42.000000                  2.828427                      NaN                      NaN       481666.666667       280416.357107           320000.0           570000.0   94.333333   77.021642      53.50     130.00         2       1         275000.0            250000.0       76.50         0.666667            66.666667
                 2 or more minority races        Male Not Hispanic or Latino           1    415000.000000              NaN        415000.0        415000.0                41.414000                      NaN                41.41400                41.41400                 42.000000                       NaN                    42.00                    42.00       995000.000000                 NaN           995000.0           995000.0  280.000000         NaN     280.00     280.00         1       0              0.0                 0.0        0.00         1.000000           100.000000
         American Indian or Alaska Native      Female     Hispanic or Latino          10    344000.000000    175274.388064        232500.0        422500.0                85.051730                22.725889                80.00000                98.75000                 43.000000                  6.000000                      NaN                      NaN       444000.000000       226786.732906           300000.0           487500.0  122.000000   46.866240      92.25     158.75        10       0         190000.0            187500.0       66.50         1.000000           100.000000
         American Indian or Alaska Native      Female Not Hispanic or Latino           5    407000.000000    231235.810375        435000.0        505000.0                88.300000                 9.589056                80.00000                95.00000                 44.000000                  1.414214                      NaN                      NaN       547000.000000       172394.895516           465000.0           625000.0  242.800000  165.315456     185.00     232.00         5       0          70000.0            160000.0       47.00         1.000000           100.000000
         American Indian or Alaska Native        Male     Hispanic or Latino          12    406666.666667    259609.263504        175000.0        552500.0                76.635417                24.142330                70.71425                95.00000                 43.625000                  3.889087                      NaN                      NaN       546666.666667       295937.135011           400000.0           730000.0  128.666667   64.459054      86.50     174.75        10       2         377500.0            330000.0       88.25         0.833333            83.333333
         American Indian or Alaska Native        Male Not Hispanic or Latino           3    625000.000000    259422.435421        520000.0        770000.0                88.333333                 7.637626                85.00000                92.50000                 47.666667                  2.309401                    47.00                    49.00       718333.333333       323934.149687           615000.0           905000.0  260.333333  181.092058     171.50     352.50         3       0         250000.0            290000.0      181.00         1.000000           100.000000
                                    Asian      Female     Hispanic or Latino           6    415000.000000    163340.135913        310000.0        527500.0                71.544500                14.222902                59.71975                78.75000                 41.750000                  4.573474                      NaN                      NaN       591666.666667       242542.092567           370000.0           757500.0  119.500000   56.853320      78.25     159.75         5       1         217500.0            387500.0       81.50         0.833333            83.333333
                                    Asian      Female Not Hispanic or Latino         217    576336.405530    220665.160728        415000.0        705000.0                72.898246                17.199225                63.15700                83.64000                 43.767742                  3.976913                      NaN                      NaN       845645.161290       423433.440031           585000.0          1005000.0  181.479263   94.617019     116.00     216.00       204      13         290000.0            420000.0      100.00         0.940092            94.009217
                                    Asian        Male     Hispanic or Latino           8    661250.000000    200352.368163        482500.0        860000.0                81.222500                12.248298                72.95375                93.74975                 45.250000                  2.753785                      NaN                      NaN       822500.000000       249442.234939           602500.0           990000.0  226.750000   69.116362     179.25     254.50         8       0         377500.0            387500.0       75.25         1.000000           100.000000
                                    Asian        Male Not Hispanic or Latino         357    642647.058824    227294.934924        475000.0        765000.0                75.427425                16.403764                69.86000                85.00000                 43.479087                  3.900301                      NaN                      NaN       890714.285714       338004.482955           655000.0          1105000.0  196.792717   94.750451     132.00     245.00       327      30         290000.0            450000.0      113.00         0.915966            91.596639
                Black or African American      Female     Hispanic or Latino           4    435000.000000    172046.505341        315000.0        545000.0                78.008500                24.883658                70.57250                93.80800                 44.666667                  3.785939                      NaN                      NaN       597500.000000       246762.368822           482500.0           785000.0  115.250000   49.012753      76.25     144.50         3       1         230000.0            302500.0       68.25         0.750000            75.000000
                Black or African American      Female Not Hispanic or Latino          32    535000.000000    209269.081297        432500.0        637500.0                83.274344                18.380486                80.00000                95.91850                 43.000000                  3.945278                      NaN                      NaN       703750.000000       273987.873525           557500.0           802500.0  196.843750  124.993447     113.50     216.75        29       3         205000.0            245000.0      103.25         0.906250            90.625000
                Black or African American        Male     Hispanic or Latino           2    490000.000000    247487.373415        402500.0        577500.0                73.306500                30.679242                62.45975                84.15325                       NaN                       NaN                      NaN                      NaN       665000.000000        56568.542495           645000.0           685000.0  242.000000   59.396970     221.00     263.00         1       1         175000.0             40000.0       42.00         0.500000            50.000000
                Black or African American        Male Not Hispanic or Latino          35    521571.428571    228227.735299        365000.0        590000.0                85.481457                16.347289                80.00000                95.00000                 44.137931                  4.085900                      NaN                      NaN       703857.142857       667641.905729           440000.0           740000.0  149.085714   80.194386      86.50     181.50        31       4         225000.0            300000.0       95.00         0.885714            88.571429
Native Hawaiian or Other Pacific Islander      Female     Hispanic or Latino           1    275000.000000              NaN        275000.0        275000.0                80.000000                      NaN                80.00000                80.00000                 47.000000                       NaN                    47.00                    47.00       345000.000000                 NaN           345000.0           345000.0   65.000000         NaN      65.00      65.00         1       0              0.0                 0.0        0.00         1.000000           100.000000
Native Hawaiian or Other Pacific Islander      Female Not Hispanic or Latino           3    335000.000000    141067.359797        270000.0        410000.0                71.387667                16.825007                66.00000                81.08150                 42.000000                       NaN                      NaN                      NaN       491666.666667       228983.259941           400000.0           620000.0  124.666667   30.615900     107.00     134.00         3       0         140000.0            220000.0       27.00         1.000000           100.000000
Native Hawaiian or Other Pacific Islander        Male     Hispanic or Latino           2    430000.000000    190918.830920        362500.0        497500.0                97.000000                 0.000000                97.00000                97.00000                 46.500000                  3.535534                    45.25                    47.75       440000.000000       190918.830920           372500.0           507500.0   95.500000   33.234019      83.75     107.25         2       0         135000.0            135000.0       23.50         1.000000           100.000000
Native Hawaiian or Other Pacific Islander        Male Not Hispanic or Latino           7    315000.000000    125565.388012        210000.0        390000.0                72.985857                29.273886                56.30500                95.49750                 43.200000                  5.495453                      NaN                      NaN       456428.571429       121576.940169           440000.0           490000.0   99.142857   42.823002      69.50     116.00         7       0         180000.0             50000.0       46.50         1.000000           100.000000
                                    White      Female     Hispanic or Latino         166    414277.108434    192128.638299        255000.0        552500.0                81.045928                17.547663                75.55825                95.00000                 43.827338                  4.135264                      NaN                      NaN       537108.433735       242943.590512           375000.0           702500.0  135.927711  158.068706      79.00     149.75       149      17         297500.0            327500.0       70.75         0.897590            89.759036
                                    White      Female Not Hispanic or Latino         371    503787.061995    259047.914685        325000.0        635000.0                70.971003                20.805043                60.00000                85.00000                 44.092308                  3.889291                      NaN                      NaN       742115.902965       379908.289133           485000.0           920000.0  168.237197   98.602411      96.00     213.00       348      23         310000.0            435000.0      117.00         0.938005            93.800539
                                    White        Male     Hispanic or Latino         280    476892.857143    209184.256089        335000.0        615000.0                82.234149                15.886443                78.92900                95.00000                 44.134328                  4.133626                      NaN                      NaN       602285.714286       263755.189134           415000.0           765000.0  168.864286  161.496372      92.00     184.00       247      33         280000.0            350000.0       92.00         0.882143            88.214286
                                    White        Male Not Hispanic or Latino         473    542399.577167    252962.537757        365000.0        705000.0                74.216584                18.445200                65.69900                85.00000                 43.391167                  3.983151                      NaN                      NaN       777325.581395       418089.991784           505000.0           935000.0  222.803383  270.142683     114.00     256.00       448      25         340000.0            430000.0      142.00         0.947146            94.714588