                             derived_race derived_sex      derived_ethnicity  total_apps  avg_loan_amount  std_loan_amount  Q1_loan_amount  Q3_loan_amount  avg_loan_to_value_ratio  std_loan_to_value_ratio  Q1_loan_to_value_ratio  Q3_loan_to_value_ratio  avg_debt_to_income_ratio  std_debt_to_income_ratio  Q1_debt_to_income_ratio  Q3_debt_to_income_ratio  avg_property_value  std_property_value  Q1_property_value  Q3_property_value  avg_income  std_income  Q1_income  Q3_income  accepted  denied  iqr_loan_amount  iqr_property_value  iqr_income  acceptance_rate  acceptance_rate_pct
                 2 or more minority races      Female Not Hispanic or Latino           5    591000.000000    296698.500165        505000.0        535000.0                78.678400                12.049570                71.50000                 80.0000                 44.666667                  3.511885                      NaN                      NaN       779000.000000       443598.917943           525000.0           785000.0  177.000000   85.685471     120.00     248.00         5       0          30000.0            260000.0      128.00         1.000000           100.000000
                 2 or more minority races        Male     Hispanic or Latino           2    510000.000000    120208.152802        467500.0        552500.0                80.000000                 0.000000                80.00000                 80.0000                 41.000000                       NaN                      NaN                      NaN       640000.000000       148492.424049           587500.0           692500.0  192.000000   96.166522     158.00     226.00         2       0          85000.0            105000.0       68.00         1.000000           100.000000
                 2 or more minority races        Male Not Hispanic or Latino           1    565000.000000              NaN        565000.0        565000.0                80.000000                      NaN                80.00000                 80.0000                       NaN                       NaN                      NaN                      NaN       705000.000000                 NaN           705000.0           705000.0  344.000000         NaN     344.00     344.00         1       0              0.0                 0.0        0.00         1.000000           100.000000
         American Indian or Alaska Native      Female     Hispanic or Latino           5    447000.000000    245193.800900        305000.0        425000.0                85.022000                10.432757                80.00000                 95.0000                 43.000000                  4.966555                      NaN                      NaN       535000.000000       320078.115466           375000.0           465000.0  255.200000  283.588963      86.00     263.00         5       0         120000.0             90000.0      177.00         1.000000           100.000000
         American Indian or Alaska Native      Female Not Hispanic or Latino           3    341666.666667    320208.265561        185000.0        505000.0                88.330000                10.409933                82.49500                 92.4950                 47.500000                  0.707107                      NaN                      NaN       511666.666667       227449.628123           385000.0           605000.0  159.666667   80.077046     131.50     205.50         3       0         320000.0            220000.0       74.00         1.000000           100.000000
         American Indian or Alaska Native        Male     Hispanic or Latino          11    455000.000000    249679.794937        260000.0        710000.0                85.827818                21.567876                85.00000                 95.7405                 43.125000                  4.673252                      NaN                      NaN       561363.636364       285421.538335           325000.0           750000.0  145.363636   75.929273      85.50     174.00         8       3         450000.0            425000.0       88.50         0.727273            72.727273
         American Indian or Alaska Native        Male Not Hispanic or Latino           4    447500.000000    256693.721518        367500.0        560000.0                75.852750                27.634665                65.60275                 93.2500                 47.666667                  1.154701                      NaN                      NaN       740000.000000       513192.621407           482500.0          1012500.0  122.250000   74.464197      78.75     170.00         4       0         192500.0            530000.0       91.25         1.000000           100.000000
                                    Asian      Female     Hispanic or Latino          10    478000.000000    200280.359053        375000.0        515000.0                76.701200                23.170866                76.11550                 95.0000                 43.142857                  5.398412                      NaN                      NaN       677000.000000       297650.055528           440000.0           932500.0  226.500000  205.122321     100.25     211.75        10       0         140000.0            492500.0      111.50         1.000000           100.000000
                                    Asian      Female Not Hispanic or Latino         219    562945.205479    218190.802605        405000.0        705000.0                72.643776                19.778272                63.15050                 87.8975                 43.590062                  3.867286                      NaN                      NaN       825639.269406       369771.256482           585000.0           965000.0  173.004566   84.271487     119.50     210.00       206      13         300000.0            380000.0       90.50         0.940639            94.063927
                                    Asian        Male     Hispanic or Latino          12    541666.666667    235462.150339        360000.0        612500.0                78.988083                23.873453                77.27950                 91.2500                 43.888889                  4.594683                      NaN                      NaN       733333.333333       332615.894589           547500.0           865000.0  162.583333  118.663358      99.50     161.50        10       2         252500.0            317500.0       62.00         0.833333            83.333333
                                    Asian        Male Not Hispanic or Latino         363    637038.567493    249467.341168        465000.0        790000.0                74.493991                17.203483                66.60950                 85.0000                 43.992424                  3.968500                      NaN                      NaN       895358.126722       392830.265188           625000.0          1105000.0  210.239669  122.933551     136.50     257.50       336      27         325000.0            480000.0      121.00         0.925620            92.561983
                Black or African American      Female     Hispanic or Latino           2    475000.000000     98994.949366        440000.0        510000.0                72.000000                32.526912                60.50000                 83.5000                       NaN                       NaN                      NaN                      NaN       770000.000000       487903.679019           597500.0           942500.0  189.500000    0.707107     189.25     189.75         1       1          70000.0            345000.0        0.50         0.500000            50.000000
                Black or African American      Female Not Hispanic or Latino          37    473648.648649    172661.553370        345000.0        605000.0                81.881108                17.081101                77.43900                 97.0000                 43.700000                  4.203037                      NaN                      NaN       606081.081081       204664.817904           465000.0           685000.0  146.405405   77.529012      84.00     184.00        32       5         260000.0            220000.0      100.00         0.864865            86.486486
                Black or African American        Male     Hispanic or Latino           2    525000.000000     98994.949366        490000.0        560000.0                95.000000                 0.000000                95.00000                 95.0000                 44.500000                  3.535534                    43.25                    45.75       555000.000000        98994.949366           520000.0           590000.0  151.500000   54.447222     132.25     170.75         2       0          70000.0             70000.0       38.50         1.000000           100.000000
                Black or African American        Male Not Hispanic or Latino          31    556935.483871    242038.830973        400000.0        685000.0                86.721484                11.161714                80.00000                 95.0000                 43.958333                  4.122886                      NaN                      NaN       678870.967742       340349.598887           490000.0           825000.0  203.258065  167.036716     109.00     220.00        27       4         285000.0            335000.0      111.00         0.870968            87.096774
Native Hawaiian or Other Pacific Islander      Female Not Hispanic or Latino           2    465000.000000    410121.933088        320000.0        610000.0                60.340000                13.661303                55.51000                 65.1700                 46.000000                  2.828427                    45.00                    47.00       935000.000000       777817.459305           660000.0          1210000.0  169.500000  156.270599     114.25     224.75         2       0         290000.0            550000.0      110.50         1.000000           100.000000
Native Hawaiian or Other Pacific Islander        Male     Hispanic or Latino           1    475000.000000              NaN        475000.0        475000.0                93.000000                      NaN                93.00000                 93.0000                       NaN                       NaN                      NaN                      NaN       505000.000000                 NaN           505000.0           505000.0  114.000000         NaN     114.00     114.00         0       1              0.0                 0.0        0.00         0.000000             0.000000
Native Hawaiian or Other Pacific Islander        Male Not Hispanic or Latino           3    521666.666667     58594.652771        500000.0        555000.0                77.643667                17.501769                68.96550                 86.4655                 44.000000                  4.242641                      NaN                      NaN       685000.000000        96436.507610           650000.0           740000.0  134.000000   25.514702     121.50     147.00         2       1          55000.0             90000.0       25.50         0.666667            66.666667
                                    White      Female     Hispanic or Latino         194    432061.855670    197725.738478        285000.0        562500.0                80.307258                19.029108                75.00000                 95.0000                 44.596026                  4.208212                      NaN                      NaN       558865.979381       238987.507158           395000.0           702500.0  140.402062  133.273427      76.25     160.00       175      19         277500.0            307500.0       83.75         0.902062            90.206186
                                    White      Female Not Hispanic or Latino         345    489376.811594    249104.740127        305000.0        645000.0                70.717252                21.192390                57.67000                 87.6060                 43.766129                  4.016381                      NaN                      NaN       741028.985507       387378.862199           465000.0           905000.0  164.733333  125.145072      96.00     201.00       328      17         340000.0            440000.0      105.00         0.950725            95.072464
                                    White        Male     Hispanic or Latino         275    465000.000000    204858.861865        325000.0        585000.0                84.041244                14.733247                80.00000                 95.0000                 43.935323                  4.300093                      NaN                      NaN       578236.363636       263297.586603           415000.0           705000.0  161.963636  217.418561      95.00     170.50       253      22         260000.0            290000.0       75.50         0.920000            92.000000
                                    White        Male Not Hispanic or Latino         473    563900.634249    254353.735441        375000.0        735000.0                74.919818                18.254574                65.36000                 90.0000                 43.661130                  4.156695                      NaN                      NaN       798720.930233       432169.466042           515000.0           995000.0  201.509514  147.402928     117.00     244.00       436      37         360000.0            480000.0      127.00         0.921776            92.177590