                             derived_race derived_sex      derived_ethnicity  total_apps  avg_loan_amount  std_loan_amount  Q1_loan_amount  Q3_loan_amount  avg_loan_to_value_ratio  std_loan_to_value_ratio  Q1_loan_to_value_ratio  Q3_loan_to_value_ratio  avg_debt_to_income_ratio  std_debt_to_income_ratio  Q1_debt_to_income_ratio  Q3_debt_to_income_ratio  avg_property_value  std_property_value  Q1_property_value  Q3_property_value  avg_income  std_income  Q1_income  Q3_income  accepted  denied  iqr_loan_amount  iqr_property_value  iqr_income  acceptance_rate  acceptance_rate_pct
                 2 or more minority races      Female     Hispanic or Latino           3    468333.333333    117189.305542        425000.0        535000.0                95.666667                 1.154701                95.00000                96.00000                 48.000000                  0.000000                      NaN                      NaN        4.916667e+05       120968.315411           445000.0           560000.0   98.000000   27.495454      86.00     113.00         2       1         110000.0            115000.0       27.00         0.666667            66.666667
                 2 or more minority races      Female Not Hispanic or Latino           2    755000.000000    480832.611207        585000.0        925000.0                69.390500                 2.983284                68.33575                70.44525                 45.000000                       NaN                      NaN                      NaN        1.070000e+06       643467.170880           842500.0          1297500.0  194.000000   76.367532     167.00     221.00         1       1         340000.0            455000.0       54.00         0.500000            50.000000
                 2 or more minority races        Male     Hispanic or Latino           2    595000.000000     56568.542495        575000.0        615000.0                92.500000                 3.535534                91.25000                93.75000                 42.000000                  1.414214                    41.50                    42.50        6.500000e+05        91923.881554           617500.0           682500.0  140.500000   12.020815     136.25     144.75         2       0          40000.0             65000.0        8.50         1.000000           100.000000
                 2 or more minority races        Male Not Hispanic or Latino           1    825000.000000              NaN        825000.0        825000.0                74.818000                      NaN                74.81800                74.81800                 48.000000                       NaN                    48.00                    48.00        1.105000e+06                 NaN          1105000.0          1105000.0  167.000000         NaN     167.00     167.00         1       0              0.0                 0.0        0.00         1.000000           100.000000
         American Indian or Alaska Native      Female     Hispanic or Latino           8    347500.000000    139155.616898        227500.0        447500.0                65.096037                30.109611                45.98450                86.24750                 44.000000                  3.674235                      NaN                      NaN        6.437500e+05       284476.335948           532500.0           715000.0  120.000000   62.796724      86.75     135.00         8       0         220000.0            182500.0       48.25         1.000000           100.000000
         American Indian or Alaska Native      Female Not Hispanic or Latino           2    570000.000000    275771.644663        472500.0        667500.0                83.655000                16.044253                77.98250                89.32750                 40.500000                  6.363961                    38.25                    42.75        7.300000e+05       473761.543395           562500.0           897500.0  150.000000   42.426407     135.00     165.00         2       0         195000.0            335000.0       30.00         1.000000           100.000000
         American Indian or Alaska Native        Male     Hispanic or Latino           8    453750.000000     84589.344145        385000.0        510000.0                86.008625                 7.929360                80.00000                91.25000                 40.800000                  2.949576                      NaN                      NaN        5.300000e+05       110582.871316           480000.0           565000.0  211.000000  100.978074     160.75     226.25         5       3         125000.0             85000.0       65.50         0.625000            62.500000
         American Indian or Alaska Native        Male Not Hispanic or Latino           5    445000.000000    344456.092993        205000.0        695000.0                66.815400                27.351826                46.55600                84.59300                 46.333333                  3.055050                      NaN                      NaN        6.850000e+05       411217.703899           455000.0           995000.0  160.600000  132.235774      79.00     200.00         5       0         490000.0            540000.0      121.00         1.000000           100.000000
                                    Asian      Female     Hispanic or Latino           4    462500.000000     98784.276752        457500.0        510000.0                71.454750                19.513612                55.48275                83.75000                 47.666667                  1.154701                      NaN                      NaN        6.950000e+05       278926.513620           497500.0           917500.0   82.500000   32.377976      61.75     103.25         3       1          52500.0            420000.0       41.50         0.750000            75.000000
                                    Asian      Female Not Hispanic or Latino         208    562211.538462    220190.768106        405000.0        685000.0                71.747957                17.588936                61.51025                80.00000                 43.894366                  4.020705                      NaN                      NaN        8.435096e+05       382167.970132           602500.0           987500.0  187.129808  145.426069     116.75     217.50       199       9         280000.0            385000.0      100.75         0.956731            95.673077
                                    Asian        Male     Hispanic or Latino          10    476000.000000    143329.457312        427500.0        562500.0                78.684400                14.400281                74.98675                88.74925                 45.000000                  3.696846                      NaN                      NaN        6.110000e+05       170111.074824           480000.0           750000.0  150.600000   49.098993     126.75     175.00        10       0         135000.0            270000.0       48.25         1.000000           100.000000
                                    Asian        Male Not Hispanic or Latino         370    616459.459459    245393.395197        435000.0        765000.0                74.500789                17.172536                66.93800                85.00000                 43.567669                  4.047493                      NaN                      NaN        8.834865e+05       410298.828347           615000.0          1105000.0  201.954054  106.147060     133.00     240.75       349      21         330000.0            490000.0      107.75         0.943243            94.324324
                Black or African American      Female     Hispanic or Latino           4    735000.000000    153405.779987        632500.0        837500.0                89.247500                 9.945436                86.24250                95.50000                 45.500000                  4.949747                      NaN                      NaN        8.450000e+05       265832.027165           690000.0           950000.0  288.250000   70.721873     237.50     320.25         4       0         205000.0            260000.0       82.75         1.000000           100.000000
                Black or African American      Female Not Hispanic or Latino          44    532500.000000    259024.332160        377500.0        725000.0                91.694455                34.440357                79.65300                97.00000                 44.750000                  3.501152                      NaN                      NaN        6.463636e+05       307121.602378           435000.0           845000.0  164.704545   91.457851     111.00     201.75        35       9         347500.0            410000.0       90.75         0.795455            79.545455
                Black or African American        Male     Hispanic or Latino           4    785000.000000    268700.576851        675000.0        860000.0                89.870250                 0.259500                89.87025                90.00000                 44.666667                  3.214550                      NaN                      NaN        8.800000e+05       301827.765456           757500.0           962500.0  257.000000  178.790380     154.75     291.25         4       0         185000.0            205000.0      136.50         1.000000           100.000000
                Black or African American        Male Not Hispanic or Latino          33    492575.757576    206382.992017        295000.0        635000.0                82.407848                20.754218                75.71800                97.00000                 44.250000                  4.097199                      NaN                      NaN        6.328788e+05       248102.266915           495000.0           775000.0  162.090909   98.855439     104.00     184.00        26       7         340000.0            280000.0       80.00         0.787879            78.787879
Native Hawaiian or Other Pacific Islander      Female Not Hispanic or Latino           2    285000.000000    155563.491861        230000.0        340000.0                72.000000                 2.828427                71.00000                73.00000                       NaN                       NaN                      NaN                      NaN        3.950000e+05       197989.898732           325000.0           465000.0  129.000000   39.597980     115.00     143.00         2       0         110000.0            140000.0       28.00         1.000000           100.000000
Native Hawaiian or Other Pacific Islander        Male     Hispanic or Latino           1    945000.000000              NaN        945000.0        945000.0                90.000000                      NaN                90.00000                90.00000                 48.000000                       NaN                    48.00                    48.00        1.055000e+06                 NaN          1055000.0          1055000.0  246.000000         NaN     246.00     246.00         1       0              0.0                 0.0        0.00         1.000000           100.000000
Native Hawaiian or Other Pacific Islander        Male Not Hispanic or Latino           5    495000.000000    114673.449412        455000.0        595000.0                86.999000                16.046184                85.00000                95.00000                 46.500000                  3.785939                      NaN                      NaN        5.850000e+05       165831.239518           515000.0           695000.0  185.800000  124.616211     135.00     177.00         5       0         140000.0            180000.0       42.00         1.000000           100.000000
                                    White      Female     Hispanic or Latino         177    433926.553672    212836.578970        295000.0        565000.0                78.668299                19.320047                70.00000                95.00000                 43.946154                  3.870604                      NaN                      NaN        5.696328e+05       272365.491510           395000.0           695000.0  162.282486  303.455589      82.00     166.00       155      22         270000.0            300000.0       84.00         0.875706            87.570621
                                    White      Female Not Hispanic or Latino         357    492282.913165    264624.306646        295000.0        655000.0                70.454216                20.962407                59.30200                85.00000                 43.870445                  3.845520                      NaN                      NaN        7.329832e+05       394988.791973           445000.0           935000.0  163.966387   95.765244      96.00     210.00       332      25         360000.0            490000.0      114.00         0.929972            92.997199
                                    White        Male     Hispanic or Latino         273    483461.538462    229327.291850        315000.0        635000.0                82.982641                15.664305                80.00000                95.00000                 44.242424                  4.324622                      NaN                      NaN        6.092125e+05       308970.394532           405000.0           755000.0  170.186813  234.591976      87.00     194.00       240      33         320000.0            350000.0      107.00         0.879121            87.912088
                                    White        Male Not Hispanic or Latino         477    542169.811321    253036.513978        345000.0        715000.0                73.677430                18.447865                65.00000                85.00000                 43.120253                  4.065117                      NaN                      NaN        7.791929e+05       403338.521248           495000.0           955000.0  215.132075  247.031701     114.00     236.00       443      34         370000.0            460000.0      122.00         0.928721            92.872117