                             derived_race derived_sex      derived_ethnicity  total_apps  avg_loan_amount  std_loan_amount  Q1_loan_amount  Q3_loan_amount  avg_loan_to_value_ratio  std_loan_to_value_ratio  Q1_loan_to_value_ratio  Q3_loan_to_value_ratio  avg_debt_to_income_ratio  std_debt_to_income_ratio  Q1_debt_to_income_ratio  Q3_debt_to_income_ratio  avg_property_value  std_property_value  Q1_property_value  Q3_property_value  avg_income  std_income  Q1_income  Q3_income  accepted  denied  iqr_loan_amount  iqr_property_value  iqr_income  acceptance_rate  acceptance_rate_pct
                 2 or more minority races      Female     Hispanic or Latino           1    265000.000000              NaN        265000.0        265000.0                95.000000                      NaN                95.00000                95.00000                 39.000000                       NaN                     39.0                     39.0        2.850000e+05                 NaN           285000.0           285000.0  101.000000         NaN     101.00     101.00         0       1              0.0                 0.0        0.00         0.000000             0.000000
                 2 or more minority races      Female Not Hispanic or Latino           4    672500.000000    356592.671452        445000.0        907500.0                75.180500                17.375195                71.01650                85.02500                 42.000000                  8.485281                      NaN                      NaN        1.007500e+06       633002.106368           542500.0          1450000.0  180.000000   90.229337     118.00     233.00         4       0         462500.0            907500.0      115.00         1.000000           100.000000
                 2 or more minority races        Male     Hispanic or Latino           2    710000.000000     21213.203436        702500.0        717500.0                81.673000                21.675651                74.00950                89.33650                 45.000000                  5.656854                     43.0                     47.0        9.000000e+05       205060.966544           827500.0           972500.0  162.000000   14.142136     157.00     167.00         2       0          15000.0            145000.0       10.00         1.000000           100.000000
                 2 or more minority races        Male Not Hispanic or Latino           2    770000.000000    332340.187158        652500.0        887500.0                82.970500                 7.112787                80.45575                85.48525                 45.000000                       NaN                      NaN                      NaN        9.200000e+05       332340.187158           802500.0          1037500.0  378.500000  102.530483     342.25     414.75         2       0         235000.0            235000.0       72.50         1.000000           100.000000
         American Indian or Alaska Native      Female     Hispanic or Latino           4    452500.000000    189626.826513        297500.0        600000.0                79.250000                16.760569                70.00000                91.25000                 47.000000                  1.732051                      NaN                      NaN        5.550000e+05       135646.599663           460000.0           640000.0  174.000000   80.527428     148.00     202.50         4       0         302500.0            180000.0       54.50         1.000000           100.000000
         American Indian or Alaska Native      Female Not Hispanic or Latino           5    521000.000000    226340.451533        365000.0        755000.0                74.761000                27.605672                50.00000                89.97000                 41.666667                  4.932883                      NaN                      NaN        8.510000e+05       491609.601208           565000.0          1225000.0  243.600000  215.584786     108.00     288.00         4       1         390000.0            660000.0      180.00         0.800000            80.000000
         American Indian or Alaska Native        Male     Hispanic or Latino           7    463571.428571    205623.326451        395000.0        520000.0                73.636429                23.029199                77.29600                80.00000                 43.600000                  5.504544                      NaN                      NaN        6.392857e+05       216476.106677           490000.0           730000.0  181.571429   94.183964     116.00     230.50         6       1         125000.0            240000.0      114.50         0.857143            85.714286
         American Indian or Alaska Native        Male Not Hispanic or Latino           3    485000.000000    296141.857899        345000.0        640000.0                83.041333                13.941331                75.39700                89.04600                 44.000000                  7.071068                      NaN                      NaN        5.883333e+05       356978.057215           400000.0           755000.0  129.000000   74.020267      91.50     165.50         3       0         295000.0            355000.0       74.00         1.000000           100.000000
                                    Asian      Female     Hispanic or Latino           4    510000.000000    127148.207485        490000.0        570000.0                70.953500                22.315390                65.95350                82.50000                 40.000000                  5.354126                     37.0                     40.5        8.050000e+05       428407.905311           562500.0           927500.0  160.750000   85.888979     124.75     192.00         4       0          80000.0            365000.0       67.25         1.000000           100.000000
                                    Asian      Female Not Hispanic or Latino         258    563837.209302    222089.924322        405000.0        685000.0                72.622965                17.429586                63.45100                82.25000                 43.759162                  4.132618                      NaN                      NaN        8.177907e+05       348805.581168           585000.0          1002500.0  186.558140  135.189068     117.00     216.75       235      23         280000.0            417500.0       99.75         0.910853            91.085271
                                    Asian        Male     Hispanic or Latino          11    460454.545455    166033.950526        385000.0        535000.0                75.216364                18.696757                68.12500                84.99500                 42.100000                  3.034981                      NaN                      NaN        6.277273e+05       210859.712088           465000.0           755000.0  154.545455  106.254754     101.00     136.00        10       1         150000.0            290000.0       35.00         0.909091            90.909091
                                    Asian        Male Not Hispanic or Latino         358    626620.111732    252537.044653        427500.0        785000.0                73.592418                17.057757                67.33800                80.00000                 43.475806                  3.874475                      NaN                      NaN        8.964246e+05       394196.603338           617500.0          1155000.0  208.916201  162.465006     131.25     237.50       335      23         357500.0            537500.0      106.25         0.935754            93.575419
                Black or African American      Female     Hispanic or Latino           2    330000.000000      7071.067812        327500.0        332500.0                59.340000                24.112341                50.81500                67.86500                       NaN                       NaN                      NaN                      NaN        6.050000e+05       254558.441227           515000.0           695000.0  149.500000  106.773124     111.75     187.25         2       0           5000.0            180000.0       75.50         1.000000           100.000000
                Black or African American      Female Not Hispanic or Latino          45    463444.444444    183760.659005        365000.0        535000.0                84.856222                15.230110                75.00000                97.00000                 44.774194                  3.667058                      NaN                      NaN        5.823333e+05       224918.166937           455000.0           685000.0  131.622222   61.963071      96.00     162.00        38       7         170000.0            230000.0       66.00         0.844444            84.444444
                Black or African American        Male     Hispanic or Latino           3    588333.333333    254034.118443        515000.0        735000.0                93.000000                 2.645751                92.00000                94.50000                 47.666667                  1.154701                     47.0                     48.0        6.350000e+05       278747.197295           540000.0           795000.0  195.333333  109.828654     146.00     254.50         3       0         220000.0            255000.0      108.50         1.000000           100.000000
                Black or African American        Male Not Hispanic or Latino          28    485000.000000    191659.420153        360000.0        597500.0                84.155571                16.904253                80.00000                95.00000                 44.904762                  3.700064                      NaN                      NaN        5.996429e+05       222352.442005           450000.0           715000.0  148.428571   95.406510      90.75     169.75        23       5         237500.0            265000.0       79.00         0.821429            82.142857
Native Hawaiian or Other Pacific Islander      Female     Hispanic or Latino           1    445000.000000              NaN        445000.0        445000.0               100.000000                      NaN               100.00000               100.00000                 48.000000                       NaN                     48.0                     48.0        4.550000e+05                 NaN           455000.0           455000.0   87.000000         NaN      87.00      87.00         1       0              0.0                 0.0        0.00         1.000000           100.000000
Native Hawaiian or Other Pacific Islander      Female Not Hispanic or Latino           4    390000.000000    142945.210949        342500.0        437500.0                68.879250                29.574812                62.13425                83.74500                 49.000000                  0.000000                      NaN                      NaN        6.075000e+05       148183.444869           520000.0           657500.0  143.000000   49.416596     135.25     169.75         4       0          95000.0            137500.0       34.50         1.000000           100.000000
Native Hawaiian or Other Pacific Islander        Male     Hispanic or Latino           1    475000.000000              NaN        475000.0        475000.0                57.000000                      NaN                57.00000                57.00000                       NaN                       NaN                      NaN                      NaN        8.250000e+05                 NaN           825000.0           825000.0  598.000000         NaN     598.00     598.00         1       0              0.0                 0.0        0.00         1.000000           100.000000
Native Hawaiian or Other Pacific Islander        Male Not Hispanic or Latino           3    341666.666667    289367.125523        175000.0        435000.0                54.730667                40.334699                31.45300                66.94800                 45.500000                  4.949747                      NaN                      NaN        6.050000e+05       124899.959968           555000.0           675000.0  138.666667  104.174533      80.50     181.00         2       1         260000.0            120000.0      100.50         0.666667            66.666667
                                    White      Female     Hispanic or Latino         165    445666.666667    196000.041480        305000.0        585000.0                81.219248                20.243966                75.00000                95.00000                 43.932836                  4.271250                      NaN                      NaN        5.835455e+05       269322.217358           395000.0           755000.0  156.624242  349.237067      79.00     172.00       149      16         280000.0            360000.0       93.00         0.903030            90.303030
                                    White      Female Not Hispanic or Latino         357    477212.885154    229878.765195        315000.0        615000.0                71.532384                20.550364                57.34200                89.94400                 44.060000                  4.172053                      NaN                      NaN        7.117507e+05       371190.881921           455000.0           875000.0  168.518207  146.846679      99.00     197.00       330      27         300000.0            420000.0       98.00         0.924370            92.436975
                                    White        Male     Hispanic or Latino         284    475739.436620    199836.900973        332500.0        587500.0                82.593898                16.134174                79.99800                95.00000                 44.611650                  3.804318                      NaN                      NaN        5.947535e+05       255987.540736           432500.0           725000.0  154.408451  125.850922      87.75     176.50       257      27         255000.0            292500.0       88.75         0.904930            90.492958
                                    White        Male Not Hispanic or Latino         448    556316.964286    250265.733452        365000.0        715000.0                73.714424                18.773294                65.88000                85.00000                 43.136054                  4.095514                      NaN                      NaN        8.155580e+05       459204.059204           525000.0           957500.0  229.515625  256.313077     119.00     254.75       419      29         350000.0            432500.0      135.75         0.935268            93.526786