                             derived_race derived_sex      derived_ethnicity  total_apps  avg_loan_amount  std_loan_amount  Q1_loan_amount  Q3_loan_amount  avg_loan_to_value_ratio  std_loan_to_value_ratio  Q1_loan_to_value_ratio  Q3_loan_to_value_ratio  avg_debt_to_income_ratio  std_debt_to_income_ratio  Q1_debt_to_income_ratio  Q3_debt_to_income_ratio  avg_property_value  std_property_value  Q1_property_value  Q3_property_value  avg_income  std_income  Q1_income  Q3_income  accepted  denied  iqr_loan_amount  iqr_property_value  iqr_income  acceptance_rate  acceptance_rate_pct
                 2 or more minority races      Female     Hispanic or Latino           3    321666.666667    225462.487641        205000.0        430000.0                84.316667                18.895127                78.75000                95.22500                 49.000000                       NaN                      NaN                      NaN        3.950000e+05       247588.368063           300000.0           535000.0   82.000000   19.052559      71.00      87.50         1       2         225000.0            235000.0       16.50         0.333333            33.333333
                 2 or more minority races      Female Not Hispanic or Latino           1    695000.000000              NaN        695000.0        695000.0                98.000000                      NaN                98.00000                98.00000                 49.000000                       NaN                    49.00                     49.0        7.350000e+05                 NaN           735000.0           735000.0  169.000000         NaN     169.00     169.00         1       0              0.0                 0.0        0.00         1.000000           100.000000
                 2 or more minority races        Male     Hispanic or Latino           2    695000.000000     42426.406871        680000.0        710000.0                88.500000                12.020815                84.25000                92.75000                 49.000000                  0.000000                    49.00                     49.0        7.950000e+05        56568.542495           775000.0           815000.0  166.000000   19.798990     159.00     173.00         2       0          30000.0             40000.0       14.00         1.000000           100.000000
                 2 or more minority races        Male Not Hispanic or Latino           2    730000.000000     35355.339059        717500.0        742500.0                87.495000                 3.528463                86.24750                88.74250                 48.000000                       NaN                      NaN                      NaN        8.350000e+05            0.000000           835000.0           835000.0  307.000000  179.605122     243.50     370.50         2       0          25000.0                 0.0      127.00         1.000000           100.000000
         American Indian or Alaska Native      Female     Hispanic or Latino           7    379285.714286    248183.879604        240000.0        450000.0                86.844143                11.478913                77.50000                92.49500                 45.500000                  1.290994                      NaN                      NaN        4.392857e+05       257219.565278           305000.0           525000.0  145.857143   70.098570     100.00     176.50         7       0         210000.0            220000.0       76.50         1.000000           100.000000
         American Indian or Alaska Native      Female Not Hispanic or Latino           5    363000.000000    214988.371779        245000.0        525000.0                82.677600                 9.725924                80.00000                88.89000                 43.333333                  6.429101                      NaN                      NaN        4.430000e+05       250239.884910           355000.0           585000.0  117.000000   38.522721     102.00     152.00         4       1         280000.0            230000.0       50.00         0.800000            80.000000
         American Indian or Alaska Native        Male     Hispanic or Latino           4    412500.000000     68495.741960        397500.0        445000.0                86.250000                13.768926                77.50000                96.25000                 44.250000                  5.852350                    40.75                     49.0        4.850000e+05        49665.548086           450000.0           515000.0  104.750000   23.357725      92.25     109.00         4       0          47500.0             65000.0       16.75         1.000000           100.000000
         American Indian or Alaska Native        Male Not Hispanic or Latino           4    487500.000000    315528.656913        340000.0        572500.0                76.103000                11.168154                69.86900                79.25000                 37.000000                       NaN                      NaN                      NaN        6.475000e+05       427970.014526           382500.0           815000.0  183.000000  136.281571     119.75     213.25         4       0         232500.0            432500.0       93.50         1.000000           100.000000
                                    Asian      Female     Hispanic or Latino           7    427857.142857     96387.116310        365000.0        490000.0                80.415286                20.051869                84.97800                90.00000                 42.666667                  3.502380                      NaN                      NaN        5.892857e+05       277480.158021           440000.0           615000.0  198.285714  206.445888      98.50     173.50         7       0         125000.0            175000.0       75.00         1.000000           100.000000
                                    Asian      Female Not Hispanic or Latino         224    543035.714286    225650.387488        395000.0        697500.0                71.836299                19.264916                65.00000                80.00000                 44.023529                  3.934302                      NaN                      NaN        8.035714e+05       369047.634202           545000.0           967500.0  165.183036   78.999446     109.75     210.25       210      14         302500.0            422500.0      100.50         0.937500            93.750000
                                    Asian        Male     Hispanic or Latino          11    643181.818182    256078.823092        440000.0        780000.0                85.630455                 7.137731                79.76500                91.88250                 44.700000                  3.713339                      NaN                      NaN        7.768182e+05       360993.578387           480000.0           965000.0  372.454545  676.635849     112.50     227.00        11       0         340000.0            485000.0      114.50         1.000000           100.000000
                                    Asian        Male Not Hispanic or Latino         373    636152.815013    236287.392726        465000.0        765000.0                73.134854                17.016894                66.43400                80.00000                 43.581590                  4.022081                      NaN                      NaN        9.197453e+05       408814.509573           645000.0          1145000.0  228.115282  305.608225     130.00     248.00       348      25         300000.0            500000.0      118.00         0.932976            93.297587
                Black or African American      Female     Hispanic or Latino           1    935000.000000              NaN        935000.0        935000.0                89.950000                      NaN                89.95000                89.95000                 43.000000                       NaN                    43.00                     43.0        1.035000e+06                 NaN          1035000.0          1035000.0  287.000000         NaN     287.00     287.00         1       0              0.0                 0.0        0.00         1.000000           100.000000
                Black or African American      Female Not Hispanic or Latino          58    470172.413793    207061.660274        335000.0        557500.0                82.834828                18.427441                75.00000                95.00000                 44.711111                  3.341354                      NaN                      NaN        6.081034e+05       229340.831909           487500.0           685000.0  145.568966   70.284912      98.50     185.75        48      10         222500.0            197500.0       87.25         0.827586            82.758621
                Black or African American        Male     Hispanic or Latino           2    680000.000000    275771.644663        582500.0        777500.0                71.136000                19.606657                64.20400                78.06800                 45.000000                       NaN                      NaN                      NaN        9.350000e+05       127279.220614           890000.0           980000.0  272.500000    3.535534     271.25     273.75         2       0         195000.0             90000.0        2.50         1.000000           100.000000
                Black or African American        Male Not Hispanic or Latino          27    529444.444444    270389.083378        385000.0        730000.0                83.148630                18.221419                80.00000                95.00000                 44.736842                  4.616903                      NaN                      NaN        6.638889e+05       348583.213036           460000.0           790000.0  446.851852 1411.427774     116.00     214.00        24       3         345000.0            330000.0       98.00         0.888889            88.888889
Native Hawaiian or Other Pacific Islander      Female Not Hispanic or Latino           5    617000.000000    119037.809120        515000.0        685000.0                83.432400                 6.533983                80.00000                82.16300                 48.333333                  0.577350                      NaN                      NaN        7.430000e+05       147715.943622           645000.0           855000.0  194.800000   59.905759     160.00     195.00         5       0         170000.0            210000.0       35.00         1.000000           100.000000
Native Hawaiian or Other Pacific Islander        Male     Hispanic or Latino           2    290000.000000    176776.695297        227500.0        352500.0                54.953500                35.421100                42.43025                67.47675                 43.000000                       NaN                      NaN                      NaN        5.250000e+05        14142.135624           520000.0           530000.0   90.500000   68.589358      66.25     114.75         1       1         125000.0             10000.0       48.50         0.500000            50.000000
Native Hawaiian or Other Pacific Islander        Male Not Hispanic or Latino           3    691666.666667    228546.129552        560000.0        765000.0                87.906000                12.287168                84.35900                95.00000                 49.000000                       NaN                      NaN                      NaN        7.883333e+05       215019.378972           680000.0           895000.0  184.666667  124.230968     113.00     223.00         2       1         205000.0            215000.0      110.00         0.666667            66.666667
                                    White      Female     Hispanic or Latino         183    429863.387978    196213.770852        295000.0        530000.0                81.827091                16.304230                75.00000                95.00000                 44.131034                  4.019493                      NaN                      NaN        5.521585e+05       251141.595764           370000.0           680000.0  143.060109  144.096166      84.50     162.50       161      22         235000.0            310000.0       78.00         0.879781            87.978142
                                    White      Female Not Hispanic or Latino         337    486275.964392    237258.344071        305000.0        635000.0                71.596107                20.922804                58.39000                89.00000                 43.636735                  4.005462                      NaN                      NaN        7.196884e+05       378161.247908           475000.0           885000.0  158.718101   93.732684      98.00     196.00       311      26         330000.0            410000.0       98.00         0.922849            92.284866
                                    White        Male     Hispanic or Latino         282    471631.205674    208329.225875        327500.0        595000.0                83.248528                15.690075                80.00000                95.00000                 44.038462                  3.951207                      NaN                      NaN        5.876950e+05       267794.151126           415000.0           725000.0  148.758865  100.540454      88.25     186.75       256      26         267500.0            310000.0       98.50         0.907801            90.780142
                                    White        Male Not Hispanic or Latino         457    557363.238512    260305.352500        355000.0        755000.0                73.762287                18.379070                66.00000                85.00000                 43.646688                  3.926714                      NaN                      NaN        8.026805e+05       494741.961267           505000.0           995000.0  225.932166  276.861106     118.00     245.00       436      21         400000.0            490000.0      127.00         0.954048            95.404814