                             derived_race derived_sex      derived_ethnicity  total_apps  avg_loan_amount  std_loan_amount  Q1_loan_amount  Q3_loan_amount  avg_loan_to_value_ratio  std_loan_to_value_ratio  Q1_loan_to_value_ratio  Q3_loan_to_value_ratio  avg_debt_to_income_ratio  std_debt_to_income_ratio  Q1_debt_to_income_ratio  Q3_debt_to_income_ratio  avg_property_value  std_property_value  Q1_property_value  Q3_property_value  avg_income  std_income  Q1_income  Q3_income  accepted  denied  iqr_loan_amount  iqr_property_value  iqr_income  acceptance_rate  acceptance_rate_pct
                 2 or more minority races      Female     Hispanic or Latino           1    515000.000000              NaN        515000.0        515000.0                97.000000                      NaN                97.00000                97.00000                 48.000000                       NaN                    48.00                    48.00       535000.000000                 NaN           535000.0           535000.0  122.000000         NaN     122.00     122.00         1       0              0.0                 0.0        0.00         1.000000           100.000000
                 2 or more minority races      Female Not Hispanic or Latino           3    538333.333333    315647.482698        360000.0        660000.0                81.666667                11.930353                77.50000                88.50000                 45.333333                  1.154701                    45.00                    46.00       665000.000000       351710.107901           480000.0           830000.0  145.666667  114.176764      80.00     183.50         2       1         300000.0            350000.0      103.50         0.666667            66.666667
                 2 or more minority races        Male     Hispanic or Latino           1    175000.000000              NaN        175000.0        175000.0                95.000000                      NaN                95.00000                95.00000                       NaN                       NaN                      NaN                      NaN       185000.000000                 NaN           185000.0           185000.0  303.000000         NaN     303.00     303.00         1       0              0.0                 0.0        0.00         1.000000           100.000000
                 2 or more minority races        Male Not Hispanic or Latino           5    497000.000000    288305.393637        395000.0        535000.0                85.988200                 9.205254                80.00000                95.00000                 48.666667                  0.577350                      NaN                      NaN       603000.000000       377783.006500           425000.0           685000.0  206.800000  181.764133      81.00     353.00         5       0         140000.0            260000.0      272.00         1.000000           100.000000
         American Indian or Alaska Native      Female     Hispanic or Latino           9    462777.777778    221459.803225        315000.0        635000.0                79.523667                22.556167                76.03900                95.00000                 43.333333                  4.226898                      NaN                      NaN       562777.777778       182262.021399           405000.0           705000.0  136.444444   55.968989     102.00     190.00         7       2         320000.0            300000.0       88.00         0.777778            77.777778
         American Indian or Alaska Native      Female Not Hispanic or Latino           3    358333.333333    298384.539367        260000.0        530000.0                69.000000                37.722672                53.50000                90.00000                 46.000000                  2.828427                      NaN                      NaN       975000.000000       826377.637645           510000.0          1300000.0  202.666667  294.111090      34.00     304.00         2       1         270000.0            790000.0      270.00         0.666667            66.666667
         American Indian or Alaska Native        Male     Hispanic or Latino           7    420714.285714    233156.395499        310000.0        505000.0                72.468571                24.501125                70.72350                85.00000                 46.250000                  2.061553                      NaN                      NaN       577857.142857       247972.732756           445000.0           665000.0  125.428571   64.391659      91.00     147.50         4       3         195000.0            220000.0       56.50         0.571429            57.142857
         American Indian or Alaska Native        Male Not Hispanic or Latino           6    521666.666667    179183.332558        367500.0        682500.0                86.333333                 9.157875                80.00000                94.00000                 43.750000                  5.377422                      NaN                      NaN       626666.666667       241612.637639           447500.0           832500.0  234.666667  152.083749     143.25     264.75         6       0         315000.0            385000.0      121.50         1.000000           100.000000
                                    Asian      Female     Hispanic or Latino           2    740000.000000    275771.644663        642500.0        837500.0                81.195500                19.522511                74.29325                88.09775                 48.000000                       NaN                      NaN                      NaN       980000.000000       572756.492761           777500.0          1182500.0  230.000000  127.279221     185.00     275.00         2       0         195000.0            405000.0       90.00         1.000000           100.000000
                                    Asian      Female Not Hispanic or Latino         228    561315.789474    222030.133121        385000.0        717500.0                72.265925                18.384075                60.00000                83.00000                 43.654762                  4.022375                      NaN                      NaN       832280.701754       395360.283107           555000.0          1005000.0  179.964912   97.115847     118.75     213.00       210      18         332500.0            450000.0       94.25         0.921053            92.105263
                                    Asian        Male     Hispanic or Latino           9    488333.333333    194229.245996        365000.0        505000.0                88.875556                 6.605254                85.00000                95.00000                 45.500000                  2.880972                      NaN                      NaN       563888.888889       263933.914287           385000.0           585000.0  135.666667   58.630197      81.00     179.00         9       0         140000.0            200000.0       98.00         1.000000           100.000000
                                    Asian        Male Not Hispanic or Latino         383    623120.104439    255469.214522        445000.0        785000.0                71.701138                19.399291                60.57050                80.80000                 43.321970                  4.127084                      NaN                      NaN       918838.120104       401873.420342           620000.0          1155000.0  216.676240  165.953771     132.00     256.50       352      31         340000.0            535000.0      124.50         0.919060            91.906005
                Black or African American      Female     Hispanic or Latino           2    230000.000000    190918.830920        162500.0        297500.0                60.723000                33.917084                48.73150                72.71450                 48.000000                       NaN                      NaN                      NaN       345000.000000       113137.084990           305000.0           385000.0   54.500000   40.305087      40.25      68.75         2       0         135000.0             80000.0       28.50         1.000000           100.000000
                Black or African American      Female Not Hispanic or Latino          38    490000.000000    226474.149828        315000.0        582500.0                79.360474                19.779134                70.74250                94.87075                 44.840000                  3.184337                      NaN                      NaN       633421.052632       244468.826463           480000.0           720000.0  156.605263  111.222334      80.25     176.25        32       6         267500.0            240000.0       96.00         0.842105            84.210526
                Black or African American        Male Not Hispanic or Latino          29    542931.034483    249461.982651        365000.0        745000.0                83.936207                19.351288                80.00000                95.00000                 44.083333                  3.634576                      NaN                      NaN       674310.344828       319999.230295           495000.0           795000.0  163.137931   67.489007     113.00     196.00        22       7         380000.0            300000.0       83.00         0.758621            75.862069
Native Hawaiian or Other Pacific Islander      Female     Hispanic or Latino           2    570000.000000    106066.017178        532500.0        607500.0                85.000000                 7.071068                82.50000                87.50000                 46.500000                  0.707107                    46.25                    46.75       665000.000000        70710.678119           640000.0           690000.0  146.000000   21.213203     138.50     153.50         2       0          75000.0             50000.0       15.00         1.000000           100.000000
Native Hawaiian or Other Pacific Islander      Female Not Hispanic or Latino           2    300000.000000    176776.695297        237500.0        362500.0                82.500000                17.677670                76.25000                88.75000                 46.000000                       NaN                      NaN                      NaN       350000.000000       134350.288425           302500.0           397500.0  127.000000   36.769553     114.00     140.00         2       0         125000.0             95000.0       26.00         1.000000           100.000000
Native Hawaiian or Other Pacific Islander        Male     Hispanic or Latino           1    525000.000000              NaN        525000.0        525000.0                94.960000                      NaN                94.96000                94.96000                 49.000000                       NaN                    49.00                    49.00       555000.000000                 NaN           555000.0           555000.0  114.000000         NaN     114.00     114.00         1       0              0.0                 0.0        0.00         1.000000           100.000000
Native Hawaiian or Other Pacific Islander        Male Not Hispanic or Latino           8    548750.000000    142922.306566        475000.0        665000.0                89.374375                 6.231473                87.50000                94.99625                 43.142857                  5.014265                      NaN                      NaN       616250.000000       170833.042973           507500.0           775000.0  172.250000  116.240821     120.75     164.25         8       0         190000.0            267500.0       43.50         1.000000           100.000000
                                    White      Female     Hispanic or Latino         153    436503.267974    217164.051625        305000.0        565000.0                81.780588                16.080569                77.77800                95.00000                 44.431034                  4.015674                      NaN                      NaN       555261.437908       286422.919989           385000.0           695000.0  144.366013  110.280190      85.00     165.00       135      18         260000.0            310000.0       80.00         0.882353            88.235294
                                    White      Female Not Hispanic or Latino         357    475728.291317    242633.090110        305000.0        605000.0                71.394319                21.029652                58.62100                85.01200                 44.101167                  4.224820                      NaN                      NaN       706932.773109       364249.907986           465000.0           845000.0  166.170868  122.677349      94.00     197.00       334      23         300000.0            380000.0      103.00         0.935574            93.557423
                                    White        Male     Hispanic or Latino         270    454555.555556    201669.119364        305000.0        605000.0                83.660748                15.499267                80.00000                95.00000                 44.231527                  3.917540                      NaN                      NaN       562592.592593       247963.715906           375000.0           715000.0  144.203704   85.226176      90.00     174.75       250      20         300000.0            340000.0       84.75         0.925926            92.592593
                                    White        Male Not Hispanic or Latino         481    566164.241164    261261.953574        385000.0        735000.0                75.053453                17.985018                69.00000                88.00000                 43.601266                  4.054298                      NaN                      NaN       802068.607069       433657.811375           525000.0           955000.0  215.147609  199.840992     120.00     257.00       450      31         350000.0            430000.0      137.00         0.935551            93.555094