                             derived_race derived_sex      derived_ethnicity  total_apps  avg_loan_amount  std_loan_amount  Q1_loan_amount  Q3_loan_amount  avg_loan_to_value_ratio  std_loan_to_value_ratio  Q1_loan_to_value_ratio  Q3_loan_to_value_ratio  avg_debt_to_income_ratio  std_debt_to_income_ratio  Q1_debt_to_income_ratio  Q3_debt_to_income_ratio  avg_property_value  std_property_value  Q1_property_value  Q3_property_value  avg_income  std_income  Q1_income  Q3_income  accepted  denied  iqr_loan_amount  iqr_property_value  iqr_income  acceptance_rate  acceptance_rate_pct
                 2 or more minority races      Female     Hispanic or Latino           1    435000.000000              NaN        435000.0        435000.0                64.354000                      NaN                64.35400                 64.3540                 42.000000                       NaN                    42.00                    42.00       665000.000000                 NaN           665000.0           665000.0  143.000000         NaN     143.00     143.00         1       0              0.0                 0.0        0.00         1.000000           100.000000
                 2 or more minority races      Female Not Hispanic or Latino           4    437500.000000     97082.439195        382500.0        510000.0                88.251500                 9.070227                86.25000                 93.5045                 44.333333                  5.033223                      NaN                      NaN       492500.000000        76321.687612           432500.0           540000.0  120.000000   33.326666      96.50     137.50         4       0         127500.0            107500.0       41.00         1.000000           100.000000
                 2 or more minority races        Male     Hispanic or Latino           4    477500.000000    135246.688191        370000.0        567500.0                85.500000                 9.882645                78.75000                 91.7500                 42.000000                  6.557439                      NaN                      NaN       567500.000000       163783.393542           470000.0           692500.0  136.750000   40.219191     131.00     159.75         4       0         197500.0            222500.0       28.75         1.000000           100.000000
                 2 or more minority races        Male Not Hispanic or Latino           3    518333.333333    336204.302967        325000.0        630000.0                71.816333                29.123568                58.72450                 87.5000                 45.000000                  1.414214                      NaN                      NaN       785000.000000       445421.149026           585000.0          1025000.0  136.666667   53.612809     112.50     165.50         3       0         305000.0            440000.0       53.00         1.000000           100.000000
         American Indian or Alaska Native      Female     Hispanic or Latino           6    418333.333333    235173.694674        290000.0        525000.0                89.787333                12.353759                83.75000                 95.0000                 43.750000                  5.377422                      NaN                      NaN       508333.333333       269493.351804           387500.0           712500.0  121.666667   61.866523      80.75     145.75         5       1         235000.0            325000.0       65.00         0.833333            83.333333
         American Indian or Alaska Native      Female Not Hispanic or Latino           6    368333.333333    156801.360538        265000.0        462500.0                64.394500                24.165144                52.21075                 77.3750                 48.500000                  0.707107                      NaN                      NaN       711666.666667       603743.875055           370000.0           690000.0  158.000000  193.746226      71.00     141.00         5       1         197500.0            320000.0       70.00         0.833333            83.333333
         American Indian or Alaska Native        Male     Hispanic or Latino           8    411250.000000    130267.581758        322500.0        442500.0                79.411750                16.964855                80.00000                 88.1710                 47.000000                  2.449490                      NaN                      NaN       535000.000000       157207.778797           402500.0           690000.0  121.375000   67.844228      82.25     120.75         6       2         120000.0            287500.0       38.50         0.750000            75.000000
         American Indian or Alaska Native        Male Not Hispanic or Latino           4    467500.000000    243224.861668        402500.0        590000.0                88.648250                 7.570265                83.44475                 95.0000                 45.000000                  2.828427                      NaN                      NaN       565000.000000       343996.124009           432500.0           687500.0  149.000000   53.497664     106.00     192.50         4       0         187500.0            255000.0       86.50         1.000000           100.000000
                                    Asian      Female     Hispanic or Latino           2    405000.000000     56568.542495        385000.0        425000.0                86.155000                 8.704484                83.07750                 89.2325                 43.000000                  8.485281                    40.00                    46.00       475000.000000       113137.084990           435000.0           515000.0  123.500000   75.660426      96.75     150.25         2       0          40000.0             80000.0       53.50         1.000000           100.000000
                                    Asian      Female Not Hispanic or Latino         229    559585.152838    214910.074926        405000.0        675000.0                72.524419                18.328337                64.37000                 80.0000                 43.634615                  4.032267                      NaN                      NaN       829585.152838       379658.697082           575000.0           975000.0  188.676856  132.664034     118.00     221.00       215      14         270000.0            400000.0      103.00         0.938865            93.886463
                                    Asian        Male     Hispanic or Latino           8    362500.000000    182580.706225        232500.0        515000.0                72.101375                32.177279                67.13775                 91.7500                 41.333333                  2.943920                      NaN                      NaN       555000.000000       203540.097840           435000.0           710000.0  117.750000   39.863159      94.50     130.75         7       1         282500.0            275000.0       36.25         0.875000            87.500000
                                    Asian        Male Not Hispanic or Latino         382    626413.612565    224273.903645        455000.0        765000.0                75.296416                15.699682                70.00000                 85.0000                 43.650558                  4.293849                      NaN                      NaN       876963.350785       401144.777495           617500.0          1095000.0  197.136126  159.067946     133.00     230.00       351      31         310000.0            477500.0       97.00         0.918848            91.884817
                Black or African American      Female     Hispanic or Latino           5    363000.000000    188732.615093        265000.0        545000.0                61.618000                13.321472                49.00000                 70.4000                 49.000000                  0.000000                      NaN                      NaN       615000.000000       352136.337233           505000.0           725000.0  100.000000   56.457949      63.00     114.00         4       1         280000.0            220000.0       51.00         0.800000            80.000000
                Black or African American      Female Not Hispanic or Latino          39    467820.512821    204411.204734        335000.0        535000.0                85.132795                19.683360                80.00000                 97.0000                 45.272727                  3.555565                      NaN                      NaN       596025.641026       229447.791009           455000.0           665000.0  136.307692   61.394820      94.50     158.50        37       2         200000.0            210000.0       64.00         0.948718            94.871795
                Black or African American        Male     Hispanic or Latino           3    541666.666667    245831.920900        445000.0        680000.0                90.000000                 0.000000                90.00000                 90.0000                 45.666667                  2.309401                    45.00                    47.00       601666.666667       274651.294068           490000.0           755000.0  143.666667   77.623021     108.00     185.00         3       0         235000.0            265000.0       77.00         1.000000           100.000000
                Black or African American        Male Not Hispanic or Latino          39    530897.435897    202961.209007        405000.0        665000.0                83.315872                17.490789                80.00000                 95.0000                 44.074074                  3.709924                      NaN                      NaN       642435.897436       209067.074967           510000.0           710000.0  164.025641   82.308945     122.00     200.50        38       1         260000.0            200000.0       78.50         0.974359            97.435897
Native Hawaiian or Other Pacific Islander      Female     Hispanic or Latino           1    645000.000000              NaN        645000.0        645000.0                90.000000                      NaN                90.00000                 90.0000                 46.000000                       NaN                    46.00                    46.00       715000.000000                 NaN           715000.0           715000.0  161.000000         NaN     161.00     161.00         1       0              0.0                 0.0        0.00         1.000000           100.000000
Native Hawaiian or Other Pacific Islander      Female Not Hispanic or Latino           2    800000.000000    233345.237792        717500.0        882500.0                80.000000                 0.000000                80.00000                 80.0000                 42.500000                  7.778175                    39.75                    45.25      1000000.000000       289913.780286           897500.0          1102500.0  221.500000   79.903066     193.25     249.75         2       0         165000.0            205000.0       56.50         1.000000           100.000000
Native Hawaiian or Other Pacific Islander        Male     Hispanic or Latino           1    495000.000000              NaN        495000.0        495000.0                90.000000                      NaN                90.00000                 90.0000                       NaN                       NaN                      NaN                      NaN       555000.000000                 NaN           555000.0           555000.0   84.000000         NaN      84.00      84.00         0       1              0.0                 0.0        0.00         0.000000             0.000000
Native Hawaiian or Other Pacific Islander        Male Not Hispanic or Latino           7    376428.571429    200451.870485        210000.0        525000.0                90.818571                 4.367732                88.86500                 92.5000                 48.000000                  1.154701                      NaN                      NaN       417857.142857       223883.473092           230000.0           570000.0  153.857143   64.429363     121.50     207.00         5       2         315000.0            340000.0       85.50         0.714286            71.428571
                                    White      Female     Hispanic or Latino         155    452483.870968    182100.277599        335000.0        565000.0                80.939910                18.855057                75.00000                 95.0000                 44.391304                  3.838164                      NaN                      NaN       603193.548387       307105.191521           425000.0           705000.0  142.600000   97.265042      91.00     168.00       137      18         230000.0            280000.0       77.00         0.883871            88.387097
                                    White      Female Not Hispanic or Latino         329    473753.799392    246854.535631        295000.0        625000.0                71.126852                20.595445                60.00000                 85.6100                 43.556034                  4.107469                      NaN                      NaN       698768.996960       399447.508853           435000.0           865000.0  175.662614  186.111669      97.00     202.00       307      22         330000.0            430000.0      105.00         0.933131            93.313070
                                    White        Male     Hispanic or Latino         282    476276.595745    213139.057289        325000.0        602500.0                83.550532                16.983382                80.00000                 95.0000                 44.269767                  3.828297                      NaN                      NaN       596099.290780       280881.677574           415000.0           720000.0  149.063830  141.443057      93.00     177.00       252      30         277500.0            305000.0       84.00         0.893617            89.361702
                                    White        Male Not Hispanic or Latino         480    553041.666667    253667.706162        365000.0        705000.0                74.132600                19.686225                65.44500                 90.0000                 43.641694                  4.235929                      NaN                      NaN       826062.500000       574288.627988           495000.0           995000.0  205.527083  153.326059     116.00     238.25       450      30         340000.0            500000.0      122.25         0.937500            93.750000