                             derived_race derived_sex      derived_ethnicity  total_apps  avg_loan_amount  std_loan_amount  Q1_loan_amount  Q3_loan_amount  avg_loan_to_value_ratio  std_loan_to_value_ratio  Q1_loan_to_value_ratio  Q3_loan_to_value_ratio  avg_debt_to_income_ratio  std_debt_to_income_ratio  Q1_debt_to_income_ratio  Q3_debt_to_income_ratio  avg_property_value  std_property_value  Q1_property_value  Q3_property_value  avg_income  std_income  Q1_income  Q3_income  accepted  denied  iqr_loan_amount  iqr_property_value  iqr_income  acceptance_rate  acceptance_rate_pct
                 2 or more minority races      Female     Hispanic or Latino           1    555000.000000              NaN        555000.0        555000.0                95.000000                      NaN                95.00000                 95.0000                       NaN                       NaN                      NaN                      NaN       585000.000000                 NaN           585000.0           585000.0  104.000000         NaN     104.00     104.00         0       1              0.0                 0.0        0.00         0.000000             0.000000
                 2 or more minority races      Female Not Hispanic or Latino           5    491000.000000    233302.378899        355000.0        635000.0                81.965800                14.895867                80.00000                 90.0000                 44.666667                  0.577350                      NaN                      NaN       605000.000000       256417.628099           405000.0           795000.0  117.800000   90.167622      52.00     161.00         4       1         280000.0            390000.0      109.00         0.800000            80.000000
                 2 or more minority races        Male     Hispanic or Latino           2    275000.000000     28284.271247        265000.0        285000.0                92.500000                 3.535534                91.25000                 93.7500                 39.500000                  0.707107                    39.25                    39.75       305000.000000        42426.406871           290000.0           320000.0   74.000000   14.142136      69.00      79.00         1       1          20000.0             30000.0       10.00         0.500000            50.000000
                 2 or more minority races        Male Not Hispanic or Latino           4    407500.000000    188215.302247        285000.0        532500.0                87.072750                 9.190711                83.47575                 91.7425                 47.000000                  2.449490                    45.50                    49.00       492500.000000       270354.705279           322500.0           650000.0   93.750000   36.206583      67.25     115.50         3       1         247500.0            327500.0       48.25         0.750000            75.000000
         American Indian or Alaska Native      Female     Hispanic or Latino           5    453000.000000    222979.819715        305000.0        545000.0                85.869200                 8.599450                80.00000                 90.3460                 42.600000                  4.393177                    41.00                    46.00       519000.000000       215476.216785           405000.0           605000.0  121.800000   66.345309      77.00     141.00         5       0         240000.0            200000.0       64.00         1.000000           100.000000
         American Indian or Alaska Native      Female Not Hispanic or Latino           5    521000.000000    171551.741466        485000.0        645000.0                82.074000                11.902820                80.00000                 93.0000                 43.750000                  2.872281                      NaN                      NaN       629000.000000       174298.594372           535000.0           725000.0  238.000000  181.172570     146.00     227.00         5       0         160000.0            190000.0       81.00         1.000000           100.000000
         American Indian or Alaska Native        Male     Hispanic or Latino           5    371000.000000     88487.287223        295000.0        445000.0                68.151400                26.943018                50.76900                 85.0000                 45.750000                  2.753785                      NaN                      NaN       613000.000000       234350.165351           515000.0           655000.0  121.000000   30.822070      98.00     135.00         4       1         150000.0            140000.0       37.00         0.800000            80.000000
         American Indian or Alaska Native        Male Not Hispanic or Latino           5    325000.000000    182345.825288        205000.0        455000.0                72.832200                24.497293                54.22500                 97.0000                 43.000000                  4.966555                      NaN                      NaN       477000.000000       216840.955541           455000.0           575000.0   97.600000   44.371162      87.00     138.00         5       0         250000.0            120000.0       51.00         1.000000           100.000000
                                    Asian      Female     Hispanic or Latino           7    459285.714286    206950.649742        345000.0        560000.0                75.007571                19.214862                68.89000                 85.7500                 43.400000                  2.607681                      NaN                      NaN       665000.000000       333716.446503           455000.0           845000.0  139.714286   64.009672      81.00     190.50         6       1         215000.0            390000.0      109.50         0.857143            85.714286
                                    Asian      Female Not Hispanic or Latino         209    565813.397129    218717.434087        395000.0        715000.0                71.533061                18.223414                61.83200                 80.0000                 44.087248                  3.825471                      NaN                      NaN       841794.258373       435577.380705           615000.0           995000.0  176.593301   97.395813     113.00     220.00       196      13         320000.0            380000.0      107.00         0.937799            93.779904
                                    Asian        Male     Hispanic or Latino          14    560714.285714    133400.166400        467500.0        667500.0                83.176714                 8.900329                79.64750                 90.0000                 43.250000                  4.413306                      NaN                      NaN       685000.000000       194224.295399           602500.0           760000.0  161.714286   51.587757     126.00     182.25        13       1         200000.0            157500.0       56.25         0.928571            92.857143
                                    Asian        Male Not Hispanic or Latino         403    631972.704715    238652.449789        465000.0        770000.0                73.225868                17.658755                65.33000                 80.0000                 44.321799                  3.763435                      NaN                      NaN       906935.483871       386833.330619           655000.0          1115000.0  203.880893  132.515711     132.00     241.00       373      30         305000.0            460000.0      109.00         0.925558            92.555831
                Black or African American      Female     Hispanic or Latino           2    560000.000000    318198.051534        447500.0        672500.0                68.645000                37.271598                55.46750                 81.8225                       NaN                       NaN                      NaN                      NaN       805000.000000        28284.271247           795000.0           815000.0  180.000000  149.906638     127.00     233.00         2       0         225000.0             20000.0      106.00         1.000000           100.000000
                Black or African American      Female Not Hispanic or Latino          46    488260.869565    223865.578197        357500.0        602500.0                93.868717                32.542328                80.00000                 95.9675                 44.025641                  3.652592                      NaN                      NaN       569130.434783       267453.639488           437500.0           692500.0  151.934783   75.404510     103.00     179.75        40       6         245000.0            255000.0       76.75         0.869565            86.956522
                Black or African American        Male     Hispanic or Latino           2    560000.000000    120208.152802        517500.0        602500.0                79.778000                 0.313955                79.66700                 79.8890                 40.500000                  4.949747                    38.75                    42.25       705000.000000       155563.491861           650000.0           760000.0  135.500000   31.819805     124.25     146.75         2       0          85000.0            110000.0       22.50         1.000000           100.000000
                Black or African American        Male Not Hispanic or Latino          23    535869.565217    263351.010897        400000.0        665000.0                78.218304                24.508583                69.52250                 95.2230                 45.000000                  3.048626                      NaN                      NaN       723695.652174       332897.805064           500000.0           855000.0  157.217391   97.240076      94.50     203.50        21       2         265000.0            355000.0      109.00         0.913043            91.304348
Native Hawaiian or Other Pacific Islander      Female Not Hispanic or Latino           2    515000.000000    410121.933088        370000.0        660000.0                89.875000                13.965359                84.93750                 94.8125                 38.000000                  0.000000                    38.00                    38.00       620000.000000       544472.221514           427500.0           812500.0  160.500000   81.317280     131.75     189.25         2       0         290000.0            385000.0       57.50         1.000000           100.000000
Native Hawaiian or Other Pacific Islander        Male     Hispanic or Latino           1    515000.000000              NaN        515000.0        515000.0                78.462000                      NaN                78.46200                 78.4620                 44.000000                       NaN                    44.00                    44.00       655000.000000                 NaN           655000.0           655000.0  121.000000         NaN     121.00     121.00         1       0              0.0                 0.0        0.00         1.000000           100.000000
Native Hawaiian or Other Pacific Islander        Male Not Hispanic or Latino           4    760000.000000    237276.210354        665000.0        815000.0                96.292250                 3.714046                94.60475                 96.6875                 44.500000                  3.535534                      NaN                      NaN       890000.000000       452732.444902           657500.0           962500.0  215.250000  141.205229     134.75     274.00         3       1         150000.0            305000.0      139.25         0.750000            75.000000
                                    White      Female     Hispanic or Latino         149    420973.154362    200492.365101        275000.0        545000.0                83.084909                17.253909                80.00000                 95.0000                 44.786325                  3.748170                      NaN                      NaN       532718.120805       262948.769045           365000.0           655000.0  136.442953  152.675569      72.00     155.00       137      12         270000.0            290000.0       83.00         0.919463            91.946309
                                    White      Female Not Hispanic or Latino         360    478638.888889    227162.054579        305000.0        625000.0                70.890173                20.349791                60.00000                 82.5455                 43.744186                  4.127876                      NaN                      NaN       718611.111111       362084.284943           465000.0           905000.0  173.941667  127.347700     104.00     204.25       343      17         320000.0            440000.0      100.25         0.952778            95.277778
                                    White        Male     Hispanic or Latino         265    471301.886792    215302.604604        315000.0        615000.0                82.845415                16.708228                80.00000                 95.0000                 44.474227                  3.909846                      NaN                      NaN       612094.339623       380525.268153           405000.0           725000.0  175.139623  190.950849      94.00     194.00       244      21         300000.0            320000.0      100.00         0.920755            92.075472
                                    White        Male Not Hispanic or Latino         481    555103.950104    262219.273710        345000.0        735000.0                75.123595                18.578778                70.00000                 88.1100                 43.491071                  3.910175                      NaN                      NaN       798492.723493       462158.730454           495000.0           975000.0  209.461538  177.336659     116.00     244.00       450      31         390000.0            480000.0      128.00         0.935551            93.555094