                             derived_race derived_sex      derived_ethnicity  total_apps  avg_loan_amount  std_loan_amount  Q1_loan_amount  Q3_loan_amount  avg_loan_to_value_ratio  std_loan_to_value_ratio  Q1_loan_to_value_ratio  Q3_loan_to_value_ratio  avg_debt_to_income_ratio  std_debt_to_income_ratio  Q1_debt_to_income_ratio  Q3_debt_to_income_ratio  avg_property_value  std_property_value  Q1_property_value  Q3_property_value  avg_income  std_income  Q1_income  Q3_income  accepted  denied  iqr_loan_amount  iqr_property_value  iqr_income  acceptance_rate  acceptance_rate_pct
                 2 or more minority races      Female     Hispanic or Latino           2    430000.000000    134350.288425        382500.0        477500.0                95.000000                 0.000000                95.00000                 95.0000                 46.000000                  2.828427                    45.00                    47.00       455000.000000       141421.356237           405000.0           505000.0  118.000000   70.710678      93.00     143.00         2       0          95000.0            100000.0       50.00         1.000000           100.000000
                 2 or more minority races      Female Not Hispanic or Latino           3    481666.666667    196553.639837        370000.0        555000.0                71.303333                17.724729                65.45500                 81.5000                 42.666667                  4.163332                    41.00                    45.00       765000.000000       530188.645672           460000.0           940000.0  114.000000   52.848841      84.50     135.50         3       0         185000.0            480000.0       51.00         1.000000           100.000000
                 2 or more minority races        Male Not Hispanic or Latino           2    755000.000000    212132.034356        680000.0        830000.0                78.500000                 2.121320                77.75000                 79.2500                 42.500000                  4.949747                    40.75                    44.25       970000.000000       304055.915910           862500.0          1077500.0  170.000000   21.213203     162.50     177.50         2       0         150000.0            215000.0       15.00         1.000000           100.000000
         American Indian or Alaska Native      Female     Hispanic or Latino           4    570000.000000    266645.832519        450000.0        630000.0                85.760500                10.254901                80.55550                 91.7500                 48.000000                       NaN                      NaN                      NaN       695000.000000       417212.975190           465000.0           800000.0  171.750000   83.858512     129.50     218.75         3       1         180000.0            335000.0       89.25         0.750000            75.000000
         American Indian or Alaska Native      Female Not Hispanic or Latino           5    459000.000000     82945.765413        385000.0        485000.0                79.706000                12.008067                78.00000                 89.9000                 42.500000                  9.192388                      NaN                      NaN       581000.000000       108305.124532           505000.0           635000.0  174.200000   89.563944     126.00     185.00         5       0         100000.0            130000.0       59.00         1.000000           100.000000
         American Indian or Alaska Native        Male     Hispanic or Latino           4    525000.000000    257811.300502        352500.0        737500.0                77.003500                22.204869                71.24750                 89.7680                 39.500000                  4.123106                    36.00                    42.50       647500.000000       188745.860882           485000.0           797500.0  164.750000   67.054083     137.25     213.50         4       0         385000.0            312500.0       76.25         1.000000           100.000000
         American Indian or Alaska Native        Male Not Hispanic or Latino           3    558333.333333    453688.586294        350000.0        800000.0                87.423333                12.857590                80.00000                 91.1350                 43.000000                       NaN                      NaN                      NaN       788333.333333       420158.700176           575000.0           995000.0  226.000000  190.832387     134.00     324.50         3       0         450000.0            420000.0      190.50         1.000000           100.000000
                                    Asian      Female     Hispanic or Latino           5    399000.000000    167720.004770        265000.0        445000.0                50.572400                25.958837                25.35200                 68.0630                 42.333333                  2.309401                      NaN                      NaN       863000.000000       254695.897101           675000.0           955000.0  131.800000   34.838197     110.00     155.00         5       0         180000.0            280000.0       45.00         1.000000           100.000000
                                    Asian      Female Not Hispanic or Latino         225    562066.666667    219736.693080        405000.0        705000.0                71.418880                18.464187                60.00000                 80.0000                 43.839286                  3.903523                      NaN                      NaN       848955.555556       463071.941512           595000.0           995000.0  192.137778  191.711054     121.00     205.00       217       8         300000.0            400000.0       84.00         0.964444            96.444444
                                    Asian        Male     Hispanic or Latino          14    549285.714286    212230.436653        465000.0        667500.0                74.190857                19.658032                66.02575                 89.9975                 43.900000                  4.306326                      NaN                      NaN       763571.428571       301709.415545           542500.0           865000.0  142.928571   74.772953     103.00     175.50        11       3         202500.0            322500.0       72.50         0.785714            78.571429
                                    Asian        Male Not Hispanic or Latino         357    626680.672269    226770.138017        455000.0        765000.0                74.681476                15.799260                69.28300                 84.7330                 43.690476                  4.049424                      NaN                      NaN       885000.000000       378942.200093           645000.0          1055000.0  209.215686  117.512423     135.00     250.00       328      29         310000.0            410000.0      115.00         0.918768            91.876751
                Black or African American      Female     Hispanic or Latino           2    215000.000000    268700.576851        120000.0        310000.0                95.000000                 7.071068                92.50000                 97.5000                 37.500000                  0.707107                    37.25                    37.75       545000.000000       141421.356237           495000.0           595000.0  185.500000   30.405592     174.75     196.25         2       0         190000.0            100000.0       21.50         1.000000           100.000000
                Black or African American      Female Not Hispanic or Latino          55    475727.272727    235481.024992        320000.0        610000.0                85.403436                16.258551                80.00000                 97.0000                 45.342105                  3.006986                      NaN                      NaN       610818.181818       271604.907152           465000.0           735000.0  158.909091   92.012534      92.50     214.50        49       6         290000.0            270000.0      122.00         0.890909            89.090909
                Black or African American        Male     Hispanic or Latino           5    665000.000000    130575.648572        565000.0        705000.0                80.847800                17.896084                80.00000                 95.0000                 42.000000                  1.414214                      NaN                      NaN       875000.000000       335335.652742           595000.0          1095000.0  226.800000  160.333091     159.00     180.00         4       1         140000.0            500000.0       21.00         0.800000            80.000000
                Black or African American        Male Not Hispanic or Latino          25    521400.000000    251095.599324        335000.0        685000.0                82.255840                19.556390                80.00000                 95.0000                 43.681818                  3.822071                      NaN                      NaN       651000.000000       278777.091359           455000.0           805000.0  163.160000   84.368576      86.00     212.00        24       1         350000.0            350000.0      126.00         0.960000            96.000000
Native Hawaiian or Other Pacific Islander      Female     Hispanic or Latino           1    205000.000000              NaN        205000.0        205000.0                76.340000                      NaN                76.34000                 76.3400                       NaN                       NaN                      NaN                      NaN       265000.000000                 NaN           265000.0           265000.0   28.000000         NaN      28.00      28.00         0       1              0.0                 0.0        0.00         0.000000             0.000000
Native Hawaiian or Other Pacific Islander      Female Not Hispanic or Latino           6    428333.333333    252560.223841        310000.0        505000.0                72.242833                19.355287                65.29375                 83.7500                 43.666667                  4.131182                    40.50                    47.00       620000.000000       252962.447806           417500.0           755000.0  122.500000   68.797529      88.00     148.00         6       0         195000.0            337500.0       60.00         1.000000           100.000000
Native Hawaiian or Other Pacific Islander        Male     Hispanic or Latino           2    410000.000000    148492.424049        357500.0        462500.0                84.231000                 8.158598                81.34650                 87.1155                 45.500000                  2.121320                    44.75                    46.25       500000.000000       219203.102168           422500.0           577500.0  123.000000    2.828427     122.00     124.00         2       0         105000.0            155000.0        2.00         1.000000           100.000000
                                    White      Female     Hispanic or Latino         169    437899.408284    222478.988975        275000.0        565000.0                82.259519                16.634673                77.59100                 95.0000                 44.099237                  4.130291                      NaN                      NaN       549970.414201       267662.109892           355000.0           695000.0  143.775148  119.048396      80.00     164.00       153      16         290000.0            340000.0       84.00         0.905325            90.532544
                                    White      Female Not Hispanic or Latino         344    501656.976744    236627.516786        335000.0        655000.0                71.282779                20.708704                62.21225                 85.0000                 44.276680                  4.000314                      NaN                      NaN       757500.000000       432092.508452           485000.0           927500.0  174.918605  144.773350     105.75     214.50       325      19         320000.0            442500.0      108.75         0.944767            94.476744
                                    White        Male     Hispanic or Latino         283    478109.540636    207667.420319        325000.0        605000.0                84.041580                14.478537                80.00000                 95.0000                 44.495146                  3.682189                      NaN                      NaN       588144.876325       269787.814313           405000.0           755000.0  157.759717  101.254571      95.00     188.50       259      24         280000.0            350000.0       93.50         0.915194            91.519435
                                    White        Male Not Hispanic or Latino         484    569380.165289    262876.719918        355000.0        745000.0                75.361174                22.232414                69.12775                 87.5075                 43.822981                  4.030611                      NaN                      NaN       813429.752066       474658.440151           515000.0          1015000.0  238.904959  442.466168     120.00     256.50       456      28         390000.0            500000.0      136.50         0.942149            94.214876