                             derived_race derived_sex      derived_ethnicity  total_apps  avg_loan_amount  std_loan_amount  Q1_loan_amount  Q3_loan_amount  avg_loan_to_value_ratio  std_loan_to_value_ratio  Q1_loan_to_value_ratio  Q3_loan_to_value_ratio  avg_debt_to_income_ratio  std_debt_to_income_ratio  Q1_debt_to_income_ratio  Q3_debt_to_income_ratio  avg_property_value  std_property_value  Q1_property_value  Q3_property_value  avg_income  std_income  Q1_income  Q3_income  accepted  denied  iqr_loan_amount  iqr_property_value  iqr_income  acceptance_rate  acceptance_rate_pct
                 2 or more minority races      Female     Hispanic or Latino           1    625000.000000              NaN        625000.0        625000.0                73.370000                      NaN                 73.3700                73.37000                 49.000000                       NaN                    49.00                    49.00        8.450000e+05                 NaN           845000.0           845000.0  143.000000         NaN     143.00     143.00         1       0              0.0                 0.0        0.00         1.000000           100.000000
                 2 or more minority races      Female Not Hispanic or Latino           3    525000.000000    200748.598999        420000.0        620000.0                88.333333                 7.637626                 85.0000                92.50000                 44.500000                  0.707107                      NaN                      NaN        5.883333e+05       212210.587232           470000.0           675000.0  148.666667   89.142208     100.00     187.50         3       0         200000.0            205000.0       87.50         1.000000           100.000000
                 2 or more minority races        Male     Hispanic or Latino           1    695000.000000              NaN        695000.0        695000.0                66.346000                      NaN                 66.3460                66.34600                 41.000000                       NaN                    41.00                    41.00        1.045000e+06                 NaN          1045000.0          1045000.0  172.000000         NaN     172.00     172.00         1       0              0.0                 0.0        0.00         1.000000           100.000000
                 2 or more minority races        Male Not Hispanic or Latino           5    417000.000000    344339.948307        195000.0        445000.0                90.370000                 8.267980                 82.8500                97.00000                 45.000000                  3.605551                      NaN                      NaN        4.930000e+05       439112.741787           195000.0           515000.0  171.200000  136.189941      59.00     272.00         4       1         250000.0            320000.0      213.00         0.800000            80.000000
         American Indian or Alaska Native      Female     Hispanic or Latino           1    235000.000000              NaN        235000.0        235000.0                85.185000                      NaN                 85.1850                85.18500                       NaN                       NaN                      NaN                      NaN        2.750000e+05                 NaN           275000.0           275000.0   34.000000         NaN      34.00      34.00         0       1              0.0                 0.0        0.00         0.000000             0.000000
         American Indian or Alaska Native      Female Not Hispanic or Latino           8    536250.000000    280073.332234        412500.0        615000.0                90.847125                 8.549191                 87.4250                95.50000                 42.250000                  4.500000                      NaN                      NaN        6.150000e+05       355407.211117           430000.0           730000.0  204.875000  139.579406     124.50     241.50         8       0         202500.0            300000.0      117.00         1.000000           100.000000
         American Indian or Alaska Native        Male     Hispanic or Latino           9    485000.000000    228691.932521        385000.0        595000.0                63.792444                23.386124                 49.0450                85.00000                 43.333333                  3.386247                      NaN                      NaN        7.838889e+05       350051.583500           535000.0           975000.0  157.000000   68.831316     122.00     189.00         7       2         210000.0            440000.0       67.00         0.777778            77.777778
         American Indian or Alaska Native        Male Not Hispanic or Latino           2    465000.000000     84852.813742        435000.0        495000.0                88.500000                12.020815                 84.2500                92.75000                 41.000000                  2.828427                    40.00                    42.00        5.250000e+05        28284.271247           515000.0           535000.0  168.500000   53.033009     149.75     187.25         2       0          60000.0             20000.0       37.50         1.000000           100.000000
                                    Asian      Female     Hispanic or Latino           3    448333.333333     80829.037687        425000.0        495000.0                87.966667                 7.169612                 85.0000                91.95000                 44.333333                  4.041452                    42.00                    45.50        5.183333e+05       112398.102001           470000.0           580000.0  108.000000   14.525839     101.00     115.50         3       0          70000.0            110000.0       14.50         1.000000           100.000000
                                    Asian      Female Not Hispanic or Latino         243    568209.876543    224028.631364        390000.0        725000.0                73.876732                17.673376                 64.6950                86.38000                 43.346369                  3.933810                      NaN                      NaN        8.116255e+05       372149.401938           565000.0           975000.0  219.864198  566.204321     114.50     222.00       223      20         335000.0            410000.0      107.50         0.917695            91.769547
                                    Asian        Male     Hispanic or Latino          14    610000.000000    136986.804530        512500.0        702500.0                80.226500                13.151230                 74.1330                90.21575                 45.357143                  4.087639                    44.25                    48.75        7.750000e+05       194738.483416           707500.0           882500.0  166.357143   56.616941     127.25     172.50        13       1         190000.0            175000.0       45.25         0.928571            92.857143
                                    Asian        Male Not Hispanic or Latino         368    631467.391304    240738.009306        475000.0        765000.0                74.092252                20.747114                 64.2145                81.45750                 43.887218                  4.148478                      NaN                      NaN        8.981793e+05       382288.320666           645000.0          1107500.0  203.089674  147.505323     133.75     242.00       341      27         290000.0            462500.0      108.25         0.926630            92.663043
                Black or African American      Female     Hispanic or Latino           2    590000.000000    120208.152802        547500.0        632500.0                86.000000                15.556349                 80.5000                91.50000                 47.500000                  2.121320                    46.75                    48.25        7.100000e+05       261629.509039           617500.0           802500.0  202.500000   81.317280     173.75     231.25         2       0          85000.0            185000.0       57.50         1.000000           100.000000
                Black or African American      Female Not Hispanic or Latino          37    537702.702703    229766.169164        405000.0        635000.0                85.584378                16.783312                 80.0000                95.87300                 43.787879                  3.689153                      NaN                      NaN        6.617568e+05       259465.840762           495000.0           785000.0  144.351351  105.009581      87.00     178.00        32       5         230000.0            290000.0       91.00         0.864865            86.486486
                Black or African American        Male     Hispanic or Latino           3    258333.333333    100166.528009        210000.0        310000.0                81.623333                23.702439                 72.4350                95.00000                 42.000000                  1.414214                      NaN                      NaN        3.683333e+05       257940.561629           225000.0           475000.0  116.000000  113.934192      50.50     154.00         2       1         100000.0            250000.0      103.50         0.666667            66.666667
                Black or African American        Male Not Hispanic or Latino          33    528030.303030    211046.275265        395000.0        655000.0                85.081455                12.209940                 80.0000                90.00000                 44.520000                  4.243819                      NaN                      NaN        6.316667e+05       248629.577216           455000.0           775000.0  200.878788  291.226582     113.00     182.00        29       4         260000.0            320000.0       69.00         0.878788            87.878788
Native Hawaiian or Other Pacific Islander      Female     Hispanic or Latino           1    435000.000000              NaN        435000.0        435000.0                80.000000                      NaN                 80.0000                80.00000                 45.000000                       NaN                    45.00                    45.00        5.450000e+05                 NaN           545000.0           545000.0  100.000000         NaN     100.00     100.00         1       0              0.0                 0.0        0.00         1.000000           100.000000
Native Hawaiian or Other Pacific Islander      Female Not Hispanic or Latino           3    311666.666667    110151.410946        255000.0        365000.0                67.925667                34.723387                 54.3885                87.50000                 43.000000                  4.242641                      NaN                      NaN        5.083333e+05       164418.166069           415000.0           570000.0  140.333333   47.289886     120.50     166.50         3       0         110000.0            155000.0       46.00         1.000000           100.000000
Native Hawaiian or Other Pacific Islander        Male     Hispanic or Latino           1    295000.000000              NaN        295000.0        295000.0                97.000000                      NaN                 97.0000                97.00000                 44.000000                       NaN                    44.00                    44.00        3.050000e+05                 NaN           305000.0           305000.0   72.000000         NaN      72.00      72.00         1       0              0.0                 0.0        0.00         1.000000           100.000000
Native Hawaiian or Other Pacific Islander        Male Not Hispanic or Latino           6    508333.333333     98522.417077        425000.0        587500.0                80.325333                16.699169                 80.0000                89.46400                 45.250000                  2.629956                      NaN                      NaN        6.516667e+05       142781.884939           592500.0           747500.0  206.500000  118.806986     125.25     263.00         6       0         162500.0            155000.0      137.75         1.000000           100.000000
                                    White      Female     Hispanic or Latino         159    442610.062893    213192.903436        305000.0        535000.0                82.838314                16.536557                 78.0175                95.00000                 44.820312                  3.829915                      NaN                      NaN        5.539937e+05       275035.544236           395000.0           660000.0  137.534591   97.284249      80.00     163.50       140      19         230000.0            265000.0       83.50         0.880503            88.050314
                                    White      Female Not Hispanic or Latino         357    477745.098039    240940.979555        305000.0        615000.0                71.792128                20.998566                 60.0000                86.61200                 43.707819                  4.240817                      NaN                      NaN        6.981373e+05       340011.096459           465000.0           875000.0  163.826331  104.285116     103.00     200.00       326      31         310000.0            410000.0       97.00         0.913165            91.316527
                                    White        Male     Hispanic or Latino         279    469121.863799    202661.782400        325000.0        585000.0                83.137538                14.460328                 80.0000                95.00000                 44.360190                  3.853647                      NaN                      NaN        5.787276e+05       261648.916960           395000.0           715000.0  154.046595  127.707630      92.00     178.50       249      30         260000.0            320000.0       86.50         0.892473            89.247312
                                    White        Male Not Hispanic or Latino         461    542440.347072    249993.824313        365000.0        675000.0                75.103200                17.964621                 69.6900                86.12900                 43.735294                  4.169978                      NaN                      NaN        7.553254e+05       380555.232788           515000.0           915000.0  215.468547  313.106173     115.00     241.00       427      34         310000.0            400000.0      126.00         0.926247            92.624729