                             derived_race derived_sex      derived_ethnicity  total_apps  avg_loan_amount  std_loan_amount  Q1_loan_amount  Q3_loan_amount  avg_loan_to_value_ratio  std_loan_to_value_ratio  Q1_loan_to_value_ratio  Q3_loan_to_value_ratio  avg_debt_to_income_ratio  std_debt_to_income_ratio  Q1_debt_to_income_ratio  Q3_debt_to_income_ratio  avg_property_value  std_property_value  Q1_property_value  Q3_property_value  avg_income  std_income  Q1_income  Q3_income  accepted  denied  iqr_loan_amount  iqr_property_value  iqr_income  acceptance_rate  acceptance_rate_pct
                 2 or more minority races      Female     Hispanic or Latino           1    335000.000000              NaN        335000.0        335000.0                95.000000                      NaN                95.00000                95.00000                 48.000000                       NaN                    48.00                    48.00       355000.000000                 NaN           355000.0           355000.0   68.000000         NaN      68.00      68.00         1       0              0.0                 0.0        0.00         1.000000           100.000000
                 2 or more minority races      Female Not Hispanic or Latino           3    438333.333333    102143.689640        380000.0        475000.0                51.948000                11.616725                45.91300                57.49950                 48.000000                  0.000000                      NaN                      NaN       895000.000000       401497.197998           665000.0          1035000.0  143.000000   30.610456     127.00     157.50         3       0          95000.0            370000.0       30.50         1.000000           100.000000
                 2 or more minority races        Male Not Hispanic or Latino           5    571000.000000    249158.584038        575000.0        725000.0                87.824000                 8.322892                80.00000                89.99000                 41.750000                  2.872281                      NaN                      NaN       651000.000000       258321.505106           635000.0           805000.0  189.400000   96.401763     141.00     265.00         5       0         150000.0            170000.0      124.00         1.000000           100.000000
         American Indian or Alaska Native      Female     Hispanic or Latino           7    282142.857143     82606.352805        240000.0        350000.0                71.315143                23.623154                55.63400                92.00000                 45.500000                  2.380476                      NaN                      NaN       437857.142857       172502.587972           350000.0           545000.0  130.714286   59.910250      84.50     169.50         7       0         110000.0            195000.0       85.00         1.000000           100.000000
         American Indian or Alaska Native      Female Not Hispanic or Latino           5    379000.000000    206954.101192        355000.0        485000.0                81.486000                11.817897                75.00000                89.90000                 44.333333                  6.429101                      NaN                      NaN       471000.000000       243577.503066           535000.0           555000.0  126.000000   37.006756     114.00     149.00         4       1         130000.0             20000.0       35.00         0.800000            80.000000
         American Indian or Alaska Native        Male     Hispanic or Latino          10    411000.000000     99465.236808        337500.0        475000.0                85.258300                17.177667                80.79825                95.00000                 45.250000                  3.693624                      NaN                      NaN       497000.000000       130196.432790           417500.0           577500.0  110.700000   25.214855     101.25     120.50         9       1         137500.0            160000.0       19.25         0.900000            90.000000
         American Indian or Alaska Native        Male Not Hispanic or Latino           2    490000.000000     49497.474683        472500.0        507500.0                85.000000                14.142136                80.00000                90.00000                 48.000000                  1.414214                    47.50                    48.50       580000.000000        35355.339059           567500.0           592500.0  139.500000   64.346717     116.75     162.25         2       0          35000.0             25000.0       45.50         1.000000           100.000000
                                    Asian      Female     Hispanic or Latino           7    435000.000000     79162.280580        375000.0        495000.0                82.051714                17.212681                69.18500                95.00000                 42.000000                  3.464102                    39.50                    44.50       566428.571429       147470.739632           460000.0           645000.0  126.857143   36.911735      96.50     157.50         7       0         120000.0            185000.0       61.00         1.000000           100.000000
                                    Asian      Female Not Hispanic or Latino         236    566779.661017    221223.412081        405000.0        705000.0                70.976093                18.599732                59.65675                80.00000                 43.488636                  3.994265                      NaN                      NaN       857838.983051       442194.709599           582500.0          1002500.0  218.877119  569.430561     121.00     220.25       225      11         300000.0            420000.0       99.25         0.953390            95.338983
                                    Asian        Male     Hispanic or Latino           9    512777.777778    268643.712833        355000.0        675000.0                72.804333                23.795564                67.80000                84.94600                 44.000000                  4.082483                      NaN                      NaN       728333.333333       300998.338866           555000.0           845000.0  168.666667   77.796208     119.00     247.00         9       0         320000.0            290000.0      128.00         1.000000           100.000000
                                    Asian        Male Not Hispanic or Latino         342    633274.853801    237383.601134        455000.0        785000.0                73.923047                17.603353                66.46875                85.00000                 43.210744                  4.098503                      NaN                      NaN       910994.152047       402686.768341           625000.0          1155000.0  206.663743  167.058652     135.00     237.75       318      24         330000.0            530000.0      102.75         0.929825            92.982456
                Black or African American      Female     Hispanic or Latino           1    265000.000000              NaN        265000.0        265000.0                45.690000                      NaN                45.69000                45.69000                       NaN                       NaN                      NaN                      NaN       585000.000000                 NaN           585000.0           585000.0   87.000000         NaN      87.00      87.00         1       0              0.0                 0.0        0.00         1.000000           100.000000
                Black or African American      Female Not Hispanic or Latino          45    484111.111111    196617.096989        315000.0        595000.0                83.970556                15.298254                77.43900                95.00000                 45.090909                  3.440237                      NaN                      NaN       618555.555556       290588.396468           435000.0           725000.0  145.866667   81.070003      88.00     180.00        38       7         280000.0            290000.0       92.00         0.844444            84.444444
                Black or African American        Male     Hispanic or Latino           4    472500.000000     20615.528128        455000.0        487500.0                90.500000                 7.593857                87.50000                95.50000                 48.333333                  1.154701                      NaN                      NaN       525000.000000        66833.125519           480000.0           555000.0  150.750000   79.579625     111.25     153.00         3       1          32500.0             75000.0       41.75         0.750000            75.000000
                Black or African American        Male Not Hispanic or Latino          31    541451.612903    242824.331388        360000.0        700000.0                83.891032                16.066170                80.00000                94.67700                 43.962963                  3.756855                      NaN                      NaN       679193.548387       320372.431123           485000.0           800000.0  176.000000   87.323155     126.00     214.00        28       3         340000.0            315000.0       88.00         0.903226            90.322581
Native Hawaiian or Other Pacific Islander      Female Not Hispanic or Latino           4    387500.000000    178582.380617        302500.0        470000.0                83.255750                10.443481                77.50000                90.75575                 44.500000                  6.363961                      NaN                      NaN       452500.000000       160078.105936           390000.0           517500.0  116.500000   29.354159     100.00     121.00         4       0         167500.0            127500.0       21.00         1.000000           100.000000
Native Hawaiian or Other Pacific Islander        Male     Hispanic or Latino           2    455000.000000    212132.034356        380000.0        530000.0                85.000000                 7.071068                82.50000                87.50000                 46.500000                  0.707107                    46.25                    46.75       555000.000000       296984.848098           450000.0           660000.0  132.000000    9.899495     128.50     135.50         2       0         150000.0            210000.0        7.00         1.000000           100.000000
Native Hawaiian or Other Pacific Islander        Male Not Hispanic or Latino           2    325000.000000     56568.542495        305000.0        345000.0                69.108500                20.112238                61.99775                76.21925                 43.500000                  0.707107                    43.25                    43.75       500000.000000       233345.237792           417500.0           582500.0   69.500000   21.920310      61.75      77.25         1       1          40000.0            165000.0       15.50         0.500000            50.000000
                                    White      Female     Hispanic or Latino         152    443092.105263    203058.512928        312500.0        585000.0                81.906888                17.548292                76.36775                95.00000                 43.487179                  3.979723                      NaN                      NaN       568486.842105       267901.483989           385000.0           737500.0  132.118421   71.790805      79.50     166.25       137      15         272500.0            352500.0       86.75         0.901316            90.131579
                                    White      Female Not Hispanic or Latino         351    464829.059829    222779.774304        305000.0        595000.0                72.776689                20.456976                60.00000                90.00000                 43.591667                  4.223853                      NaN                      NaN       672891.737892       345093.113257           455000.0           815000.0  164.561254  127.533216      94.00     196.50       331      20         290000.0            360000.0      102.50         0.943020            94.301994
                                    White        Male     Hispanic or Latino         286    477202.797203    209104.290590        335000.0        595000.0                85.016531                15.251846                80.00000                95.00000                 44.585714                  3.849413                      NaN                      NaN       581923.076923       257370.592983           417500.0           705000.0  155.916084  138.073614      89.50     178.25       250      36         260000.0            287500.0       88.75         0.874126            87.412587
                                    White        Male Not Hispanic or Latino         495    545262.626263    250269.756724        355000.0        715000.0                74.811608                18.046110                66.72550                89.94500                 43.618182                  4.090129                      NaN                      NaN       770292.929293       402349.206106           505000.0           955000.0  184.779798  261.632933     110.00     236.00       457      38         360000.0            450000.0      126.00         0.923232            92.323232