                             derived_race derived_sex      derived_ethnicity  total_apps  avg_loan_amount  std_loan_amount  Q1_loan_amount  Q3_loan_amount  avg_loan_to_value_ratio  std_loan_to_value_ratio  Q1_loan_to_value_ratio  Q3_loan_to_value_ratio  avg_debt_to_income_ratio  std_debt_to_income_ratio  Q1_debt_to_income_ratio  Q3_debt_to_income_ratio  avg_property_value  std_property_value  Q1_property_value  Q3_property_value  avg_income  std_income  Q1_income  Q3_income  accepted  denied  iqr_loan_amount  iqr_property_value  iqr_income  acceptance_rate  acceptance_rate_pct
                 2 or more minority races      Female     Hispanic or Latino           1    535000.000000              NaN        535000.0        535000.0                95.000000                      NaN                95.00000                 95.0000                 40.000000                       NaN                    40.00                    40.00        5.650000e+05                 NaN           565000.0           565000.0  140.000000         NaN     140.00     140.00         1       0              0.0                 0.0        0.00         1.000000           100.000000
                 2 or more minority races      Female Not Hispanic or Latino           8    547500.000000    161311.588460        427500.0        650000.0                83.250000                14.007651                78.75000                 95.7500                 46.600000                  2.073644                      NaN                      NaN        6.862500e+05        2.370315e+05           455000.0           810000.0  145.500000   90.207697      89.00     168.25         7       1         222500.0            355000.0       79.25         0.875000            87.500000
                 2 or more minority races        Male     Hispanic or Latino           1    605000.000000              NaN        605000.0        605000.0                49.482000                      NaN                49.48200                 49.4820                 48.000000                       NaN                    48.00                    48.00        1.215000e+06                 NaN          1215000.0          1215000.0  198.000000         NaN     198.00     198.00         1       0              0.0                 0.0        0.00         1.000000           100.000000
                 2 or more minority races        Male Not Hispanic or Latino           6    655000.000000    196163.197364        522500.0        717500.0                77.865333                31.900387                88.28250                 89.9975                 42.600000                  2.302173                      NaN                      NaN        1.273333e+06        1.270172e+06           635000.0          1082500.0  227.333333  106.385463     140.25     295.75         6       0         195000.0            447500.0      155.50         1.000000           100.000000
         American Indian or Alaska Native      Female     Hispanic or Latino           3    298333.333333    141891.977692        235000.0        375000.0                91.633333                10.368381                87.50000                 97.4500                 45.000000                  5.656854                      NaN                      NaN        3.350000e+05        1.571623e+05           280000.0           425000.0  110.000000   43.278170      85.50     126.50         3       0         140000.0            145000.0       41.00         1.000000           100.000000
         American Indian or Alaska Native      Female Not Hispanic or Latino           3    581666.666667    106926.766216        535000.0        640000.0                93.663000                 3.972713                91.55150                 95.4945                 42.000000                  2.828427                      NaN                      NaN        6.216667e+05        1.001665e+05           570000.0           670000.0  197.666667   27.465129     189.00     213.50         3       0         105000.0            100000.0       24.50         1.000000           100.000000
         American Indian or Alaska Native        Male     Hispanic or Latino           6    473333.333333    140344.813466        390000.0        562500.0                79.840833                16.781299                80.00000                 91.2500                 45.800000                  3.346640                      NaN                      NaN        6.000000e+05        1.425132e+05           505000.0           707500.0  144.500000   38.991025     129.75     167.25         6       0         172500.0            202500.0       37.50         1.000000           100.000000
         American Indian or Alaska Native        Male Not Hispanic or Latino           2    370000.000000    176776.695297        307500.0        432500.0                97.000000                 0.000000                97.00000                 97.0000                 49.000000                       NaN                      NaN                      NaN        3.850000e+05        1.838478e+05           320000.0           450000.0  152.500000  103.944697     115.75     189.25         2       0         125000.0            130000.0       73.50         1.000000           100.000000
                                    Asian      Female     Hispanic or Latino           4    695000.000000    368691.379521        430000.0        975000.0                61.005500                19.396902                46.38000                 76.2500                 48.000000                       NaN                      NaN                      NaN        1.092500e+06        3.465424e+05          1025000.0          1237500.0  296.250000  299.752537      90.25     392.00         3       1         545000.0            212500.0      301.75         0.750000            75.000000
                                    Asian      Female Not Hispanic or Latino         228    565877.192982    211039.221790        435000.0        687500.0                72.488715                17.510862                64.05850                 85.0000                 43.727811                  4.020394                      NaN                      NaN        8.186404e+05        3.328708e+05           585000.0          1017500.0  190.421053  117.165976     121.00     220.00       205      23         252500.0            432500.0       99.00         0.899123            89.912281
                                    Asian        Male     Hispanic or Latino           6    491666.666667    302236.110792        235000.0        650000.0                67.395500                29.787350                57.47000                 87.4925                 42.000000                  4.847680                      NaN                      NaN        8.000000e+05        4.084483e+05           472500.0          1097500.0  139.833333  100.398041      84.75     195.25         5       1         415000.0            625000.0      110.50         0.833333            83.333333
                                    Asian        Male Not Hispanic or Latino         379    626503.957784    229840.310011        455000.0        765000.0                73.074377                17.611479                65.00000                 80.0000                 43.722222                  4.086503                      NaN                      NaN        9.202770e+05        4.511879e+05           615000.0          1105000.0  203.815303  146.351204     129.50     243.50       350      29         310000.0            490000.0      114.00         0.923483            92.348285
                Black or African American      Female     Hispanic or Latino           3    591666.666667    193993.127026        480000.0        655000.0                86.529667                 7.686003                82.29450                 89.7945                 47.000000                       NaN                      NaN                      NaN        6.783333e+05        1.616581e+05           585000.0           725000.0  216.666667  147.987612     133.00     273.50         3       0         175000.0            140000.0      140.50         1.000000           100.000000
                Black or African American      Female Not Hispanic or Latino          51    454215.686275    216913.283478        310000.0        595000.0                81.502549                20.305591                70.00000                 95.0000                 42.785714                  4.069732                      NaN                      NaN        6.159804e+05        2.132347e+05           490000.0           725000.0  141.235294   52.264936     107.00     179.50        45       6         285000.0            235000.0       72.50         0.882353            88.235294
                Black or African American        Male     Hispanic or Latino           6    528333.333333    180185.090023        455000.0        642500.0                91.939333                11.100688                95.00000                 96.5000                 44.500000                  2.645751                      NaN                      NaN        6.016667e+05        2.855638e+05           477500.0           672500.0  156.000000   72.806593     114.50     176.25         5       1         187500.0            195000.0       61.75         0.833333            83.333333
                Black or African American        Male Not Hispanic or Latino          38    459210.526316    189303.582567        357500.0        592500.0                84.102500                15.841731                80.00000                 95.0000                 45.566667                  3.820844                      NaN                      NaN        5.665789e+05        2.316629e+05           390000.0           762500.0  159.368421  130.726953      97.00     173.75        32       6         235000.0            372500.0       76.75         0.842105            84.210526
Native Hawaiian or Other Pacific Islander      Female     Hispanic or Latino           2    470000.000000     35355.339059        457500.0        482500.0                90.000000                14.142136                85.00000                 95.0000                 47.500000                  0.707107                    47.25                    47.75        5.350000e+05        1.131371e+05           495000.0           575000.0  109.000000   31.112698      98.00     120.00         2       0          25000.0             80000.0       22.00         1.000000           100.000000
Native Hawaiian or Other Pacific Islander      Female Not Hispanic or Latino           1    775000.000000              NaN        775000.0        775000.0                90.000000                      NaN                90.00000                 90.0000                 42.000000                       NaN                    42.00                    42.00        8.650000e+05                 NaN           865000.0           865000.0  187.000000         NaN     187.00     187.00         1       0              0.0                 0.0        0.00         1.000000           100.000000
Native Hawaiian or Other Pacific Islander        Male Not Hispanic or Latino           2    540000.000000    247487.373415        452500.0        627500.0                80.550000                29.981328                69.95000                 91.1500                 42.500000                  2.121320                    41.75                    43.25        6.600000e+05        6.363961e+04           637500.0           682500.0  144.000000   43.840620     128.50     159.50         2       0         175000.0             45000.0       31.00         1.000000           100.000000
                                    White      Female     Hispanic or Latino         180    431222.222222    200577.812136        295000.0        555000.0                78.256467                18.201288                70.81225                 94.1245                 43.985612                  3.921301                      NaN                      NaN        5.783333e+05        2.663010e+05           405000.0           690000.0  134.361111   90.720503      84.75     154.50       163      17         260000.0            285000.0       69.75         0.905556            90.555556
                                    White      Female Not Hispanic or Latino         351    475455.840456    223501.531254        315000.0        605000.0                70.250444                20.804885                59.69000                 83.1495                 44.071130                  3.971427                      NaN                      NaN        7.150570e+05        3.724168e+05           485000.0           875000.0  174.880342  156.252186     101.00     199.50       324      27         290000.0            390000.0       98.50         0.923077            92.307692
                                    White        Male     Hispanic or Latino         264    458143.939394    199082.405797        325000.0        575000.0                81.436977                16.910109                77.54500                 95.0000                 44.543147                  3.905049                      NaN                      NaN        5.834848e+05        2.609736e+05           415000.0           715000.0  158.295455  140.002620      89.00     175.50       243      21         250000.0            300000.0       86.50         0.920455            92.045455
                                    White        Male Not Hispanic or Latino         455    557043.956044    258806.133628        360000.0        735000.0                76.019936                17.168691                68.65550                 89.9900                 43.737374                  3.936796                      NaN                      NaN        7.659890e+05        3.861320e+05           480000.0           945000.0  209.879121  209.504252     111.00     239.00       418      37         375000.0            465000.0      128.00         0.918681            91.868132