                             derived_race derived_sex      derived_ethnicity  total_apps  avg_loan_amount  std_loan_amount  Q1_loan_amount  Q3_loan_amount  avg_loan_to_value_ratio  std_loan_to_value_ratio  Q1_loan_to_value_ratio  Q3_loan_to_value_ratio  avg_debt_to_income_ratio  std_debt_to_income_ratio  Q1_debt_to_income_ratio  Q3_debt_to_income_ratio  avg_property_value  std_property_value  Q1_property_value  Q3_property_value  avg_income  std_income  Q1_income  Q3_income  accepted  denied  iqr_loan_amount  iqr_property_value  iqr_income  acceptance_rate  acceptance_rate_pct
                 2 or more minority races      Female Not Hispanic or Latino           4    417500.000000    339644.421908        220000.0        527500.0                78.734500                16.691342                 73.7500                88.45050                 45.666667                  3.511885                      NaN                      NaN        4.975000e+05       370438.928840           287500.0           585000.0  125.500000  102.789429      78.00     136.00         4       0         307500.0            297500.0       58.00         1.000000           100.000000
                 2 or more minority races        Male     Hispanic or Latino           1    955000.000000              NaN        955000.0        955000.0                71.719000                      NaN                 71.7190                71.71900                 39.000000                       NaN                    39.00                    39.00        1.325000e+06                 NaN          1325000.0          1325000.0  242.000000         NaN     242.00     242.00         1       0              0.0                 0.0        0.00         1.000000           100.000000
                 2 or more minority races        Male Not Hispanic or Latino           2    940000.000000    162634.559673        882500.0        997500.0                76.298000                 2.093036                 75.5580                77.03800                 47.500000                  0.707107                    47.25                    47.75        1.230000e+06       176776.695297          1167500.0          1292500.0  189.000000   31.112698     178.00     200.00         2       0         115000.0            125000.0       22.00         1.000000           100.000000
         American Indian or Alaska Native      Female     Hispanic or Latino           2    400000.000000    176776.695297        337500.0        462500.0                67.520000                13.463313                 62.7600                72.28000                 49.000000                       NaN                      NaN                      NaN        5.750000e+05       141421.356237           525000.0           625000.0  140.500000   55.861436     120.75     160.25         2       0         125000.0            100000.0       39.50         1.000000           100.000000
         American Indian or Alaska Native      Female Not Hispanic or Latino           4    517500.000000    187860.764043        407500.0        600000.0                89.327500                11.345000                 89.3275                95.00000                 46.500000                  1.914854                    45.00                    47.50        6.125000e+05       315950.945560           435000.0           697500.0  160.500000   56.671568     115.50     193.00         4       0         192500.0            262500.0       77.50         1.000000           100.000000
         American Indian or Alaska Native        Male     Hispanic or Latino           4    467500.000000    151739.909055        370000.0        567500.0                80.590000                 1.180000                 80.0000                80.59000                 43.750000                  5.678908                    41.25                    48.00        5.800000e+05       197399.763593           452500.0           712500.0  164.250000   69.250150     129.25     216.50         4       0         197500.0            260000.0       87.25         1.000000           100.000000
         American Indian or Alaska Native        Male Not Hispanic or Latino           5    427000.000000    206203.782701        295000.0        465000.0                85.842400                 8.370480                 79.7620                92.72000                 46.000000                  4.760952                      NaN                      NaN        5.530000e+05       283319.607511           375000.0           705000.0  109.200000   54.623255      79.00     108.00         5       0         170000.0            330000.0       29.00         1.000000           100.000000
                                    Asian      Female     Hispanic or Latino           5    423000.000000    181851.587840        425000.0        455000.0                82.612600                10.408693                 80.0000                90.00000                 47.000000                  3.464102                      NaN                      NaN        5.330000e+05       267432.234407           475000.0           545000.0  102.000000   26.730133      84.00     119.00         5       0          30000.0             70000.0       35.00         1.000000           100.000000
                                    Asian      Female Not Hispanic or Latino         216    533055.555556    208674.480375        385000.0        655000.0                71.594372                18.137302                 60.0000                80.00000                 43.987013                  3.824563                      NaN                      NaN        7.960648e+05       324719.951562           585000.0           937500.0  162.981481   80.431971     110.00     196.75       202      14         270000.0            352500.0       86.75         0.935185            93.518519
                                    Asian        Male     Hispanic or Latino          11    614090.909091    280408.792496        410000.0        860000.0                77.112909                23.238164                 77.5000                90.86950                 41.888889                  4.702245                      NaN                      NaN        8.740909e+05       431287.712449           510000.0          1170000.0  169.727273   64.110983     111.50     225.50        10       1         450000.0            660000.0      114.00         0.909091            90.909091
                                    Asian        Male Not Hispanic or Latino         360    645750.000000    234667.414152        485000.0        777500.0                72.480131                18.596897                 63.8820                84.91375                 43.711462                  3.893389                      NaN                      NaN        9.456944e+05       417365.148068           665000.0          1185000.0  214.722222  211.271362     141.00     250.00       335      25         292500.0            520000.0      109.00         0.930556            93.055556
                Black or African American      Female     Hispanic or Latino           1    265000.000000              NaN        265000.0        265000.0                45.690000                      NaN                 45.6900                45.69000                       NaN                       NaN                      NaN                      NaN        5.850000e+05                 NaN           585000.0           585000.0   87.000000         NaN      87.00      87.00         1       0              0.0                 0.0        0.00         1.000000           100.000000
                Black or African American      Female Not Hispanic or Latino          51    498921.568627    205056.854861        355000.0        620000.0                85.324706                17.202592                 79.2595                96.27000                 44.682927                  3.488832                      NaN                      NaN        6.393137e+05       274883.647400           485000.0           790000.0  158.450980   94.747942     101.00     193.50        43       8         265000.0            305000.0       92.50         0.843137            84.313725
                Black or African American        Male     Hispanic or Latino           2    410000.000000    148492.424049        357500.0        462500.0                90.000000                14.142136                 85.0000                95.00000                 43.500000                  7.778175                    40.75                    46.25        5.100000e+05       190918.830920           442500.0           577500.0  107.000000   22.627417      99.00     115.00         2       0         105000.0            135000.0       16.00         1.000000           100.000000
                Black or African American        Male Not Hispanic or Latino          29    542241.379310    285943.258004        365000.0        725000.0                83.738310                19.652013                 80.0000                95.32000                 44.000000                  4.000000                      NaN                      NaN        7.653448e+05       744880.061096           425000.0           845000.0  172.448276   88.759944     102.00     230.00        27       2         360000.0            420000.0      128.00         0.931034            93.103448
Native Hawaiian or Other Pacific Islander      Female     Hispanic or Latino           1    205000.000000              NaN        205000.0        205000.0                76.340000                      NaN                 76.3400                76.34000                       NaN                       NaN                      NaN                      NaN        2.650000e+05                 NaN           265000.0           265000.0   28.000000         NaN      28.00      28.00         0       1              0.0                 0.0        0.00         0.000000             0.000000
Native Hawaiian or Other Pacific Islander      Female Not Hispanic or Latino           1    375000.000000              NaN        375000.0        375000.0               103.820000                      NaN                103.8200               103.82000                 47.000000                       NaN                    47.00                    47.00        4.450000e+05                 NaN           445000.0           445000.0  109.000000         NaN     109.00     109.00         1       0              0.0                 0.0        0.00         1.000000           100.000000
Native Hawaiian or Other Pacific Islander        Male     Hispanic or Latino           1    375000.000000              NaN        375000.0        375000.0                79.161000                      NaN                 79.1610                79.16100                 36.000000                       NaN                    36.00                    36.00        4.750000e+05                 NaN           475000.0           475000.0   95.000000         NaN      95.00      95.00         1       0              0.0                 0.0        0.00         1.000000           100.000000
Native Hawaiian or Other Pacific Islander        Male Not Hispanic or Latino           6    495000.000000    170645.832062        375000.0        635000.0                84.458333                14.688785                 80.0000                93.75000                 40.833333                  3.371449                    39.25                    41.00        6.000000e+05       208877.954797           455000.0           742500.0  144.000000   39.303944     123.00     172.25         6       0         260000.0            287500.0       49.25         1.000000           100.000000
                                    White      Female     Hispanic or Latino         158    433354.430380    211470.016424        265000.0        555000.0                82.141190                17.043142                 75.0000                95.00000                 44.677686                  3.890619                      NaN                      NaN        5.581013e+05       265581.687983           395000.0           702500.0  137.500000  131.854472      77.00     152.75       139      19         290000.0            307500.0       75.75         0.879747            87.974684
                                    White      Female Not Hispanic or Latino         379    467770.448549    251725.216720        285000.0        620000.0                71.322999                20.537490                 58.7180                85.00000                 43.141700                  4.295981                      NaN                      NaN        7.066359e+05       426791.852146           430000.0           890000.0  169.258575  129.114615      95.00     214.00       349      30         335000.0            460000.0      119.00         0.920844            92.084433
                                    White        Male     Hispanic or Latino         296    473175.675676    200864.359873        315000.0        597500.0                83.965957                14.841829                 79.9975                95.00000                 44.295154                  3.827720                      NaN                      NaN        5.847973e+05       253671.266238           415000.0           737500.0  151.111486  105.772595      91.00     178.00       260      36         282500.0            322500.0       87.00         0.878378            87.837838
                                    White        Male Not Hispanic or Latino         461    566605.206074    267820.560254        365000.0        755000.0                73.971814                18.754104                 65.0000                85.00000                 43.517483                  4.045969                      NaN                      NaN        8.346095e+05       535898.939447           525000.0          1035000.0  226.492408  230.174883     113.00     256.00       420      41         390000.0            510000.0      143.00         0.911063            91.106291