                             derived_race derived_sex      derived_ethnicity  total_apps  avg_loan_amount  std_loan_amount  Q1_loan_amount  Q3_loan_amount  avg_loan_to_value_ratio  std_loan_to_value_ratio  Q1_loan_to_value_ratio  Q3_loan_to_value_ratio  avg_debt_to_income_ratio  std_debt_to_income_ratio  Q1_debt_to_income_ratio  Q3_debt_to_income_ratio  avg_property_value  std_property_value  Q1_property_value  Q3_property_value  avg_income  std_income  Q1_income  Q3_income  accepted  denied  iqr_loan_amount  iqr_property_value  iqr_income  acceptance_rate  acceptance_rate_pct
                 2 or more minority races      Female Not Hispanic or Latino           4    395000.000000    124096.736460        337500.0        442500.0                75.211250                24.774890                70.21125                 85.0000                 45.500000                  2.645751                    44.25                    47.25       637500.000000       482104.760400           397500.0           680000.0  101.250000   52.398314      75.25     115.00         4       0         105000.0            282500.0       39.75         1.000000           100.000000
                 2 or more minority races        Male     Hispanic or Latino           2    385000.000000     28284.271247        375000.0        395000.0                80.000000                 0.000000                80.00000                 80.0000                       NaN                       NaN                      NaN                      NaN       480000.000000        35355.339059           467500.0           492500.0  159.000000   50.911688     141.00     177.00         2       0          20000.0             25000.0       36.00         1.000000           100.000000
                 2 or more minority races        Male Not Hispanic or Latino           4    537500.000000    519254.272972        280000.0        557500.0                74.191750                22.560195                67.19175                 84.5000                 42.666667                  1.154701                      NaN                      NaN       745000.000000       680049.017841           365000.0           840000.0  144.000000   97.683161      85.75     162.75         3       1         277500.0            475000.0       77.00         0.750000            75.000000
         American Indian or Alaska Native      Female     Hispanic or Latino           9    535000.000000    205851.888502        425000.0        625000.0                85.909778                11.184018                78.15100                 95.0000                 44.666667                  3.502380                      NaN                      NaN       647222.222222       304990.892396           445000.0           775000.0  126.222222   50.847266     101.00     160.00         7       2         200000.0            330000.0       59.00         0.777778            77.777778
         American Indian or Alaska Native      Female Not Hispanic or Latino           3    278333.333333    119303.534454        210000.0        320000.0                75.254000                28.393852                60.99400                 89.3870                 49.000000                       NaN                      NaN                      NaN       411666.666667       145028.732785           340000.0           485000.0  113.333333   32.316147      95.50     127.00         3       0         110000.0            145000.0       31.50         1.000000           100.000000
         American Indian or Alaska Native        Male     Hispanic or Latino           8    376250.000000    180589.313084        257500.0        537500.0                77.123250                26.940763                71.88900                 95.0000                 46.600000                  2.302173                      NaN                      NaN       485000.000000       123056.316956           407500.0           560000.0  123.250000   48.369855      83.50     156.00         8       0         280000.0            152500.0       72.50         1.000000           100.000000
         American Indian or Alaska Native        Male Not Hispanic or Latino           1    445000.000000              NaN        445000.0        445000.0                47.849000                      NaN                47.84900                 47.8490                 49.000000                       NaN                    49.00                    49.00       935000.000000                 NaN           935000.0           935000.0   99.000000         NaN      99.00      99.00         1       0              0.0                 0.0        0.00         1.000000           100.000000
                                    Asian      Female     Hispanic or Latino           8    451250.000000    236880.771697        372500.0        582500.0                84.778875                20.613914                83.71700                 91.7500                 44.500000                  3.619392                      NaN                      NaN       590000.000000       344715.203362           437500.0           777500.0  122.875000   51.676017      86.50     148.75         6       2         210000.0            340000.0       62.25         0.750000            75.000000
                                    Asian      Female Not Hispanic or Latino         245    552877.551020    230057.871609        395000.0        675000.0                72.004854                18.700167                64.78900                 80.0000                 44.011050                  3.809329                      NaN                      NaN       813775.510204       399878.222513           575000.0           965000.0  184.204082  186.886985     111.00     209.00       229      16         280000.0            390000.0       98.00         0.934694            93.469388
                                    Asian        Male     Hispanic or Latino           9    525000.000000    220454.076850        455000.0        555000.0                81.240667                12.113691                80.00000                 89.9860                 43.250000                  4.349329                      NaN                      NaN       666111.111111       289328.725002           555000.0           795000.0  165.888889   61.722047     125.00     202.00         8       1         100000.0            240000.0       77.00         0.888889            88.888889
                                    Asian        Male Not Hispanic or Latino         383    629751.958225    229795.899858        465000.0        765000.0                74.310603                16.786981                67.87900                 85.0000                 43.661818                  3.927978                      NaN                      NaN       896697.127937       380047.519993           625000.0          1115000.0  212.067885  155.506807     130.00     239.00       358      25         300000.0            490000.0      109.00         0.934726            93.472585
                Black or African American      Female Not Hispanic or Latino          45    519666.666667    249677.974417        345000.0        695000.0                77.831200                23.595931                73.73500                 94.8960                 44.066667                  4.084735                      NaN                      NaN       711000.000000       315539.941284           515000.0           825000.0  223.777778  268.148440     111.00     280.00        41       4         350000.0            310000.0      169.00         0.911111            91.111111
                Black or African American        Male     Hispanic or Latino           2    345000.000000     42426.406871        330000.0        360000.0                94.905000                 6.936718                92.45250                 97.3575                 47.000000                  2.828427                    46.00                    48.00       370000.000000        63639.610307           347500.0           392500.0  158.000000  135.764502     110.00     206.00         2       0          30000.0             45000.0       96.00         1.000000           100.000000
                Black or African American        Male Not Hispanic or Latino          32    554375.000000    233306.354047        365000.0        712500.0                80.868719                17.740658                79.00000                 95.0000                 44.142857                  4.114435                      NaN                      NaN       701562.500000       262661.432696           492500.0           810000.0  158.031250   63.779603     108.50     197.25        27       5         347500.0            317500.0       88.75         0.843750            84.375000
Native Hawaiian or Other Pacific Islander      Female Not Hispanic or Latino           2    315000.000000     42426.406871        300000.0        330000.0                86.665000                 9.425733                83.33250                 89.9975                       NaN                       NaN                      NaN                      NaN       370000.000000        91923.881554           337500.0           402500.0   88.500000   27.577164      78.75      98.25         1       1          30000.0             65000.0       19.50         0.500000            50.000000
Native Hawaiian or Other Pacific Islander        Male     Hispanic or Latino           1    565000.000000              NaN        565000.0        565000.0                97.000000                      NaN                97.00000                 97.0000                 49.000000                       NaN                    49.00                    49.00       575000.000000                 NaN           575000.0           575000.0  119.000000         NaN     119.00     119.00         1       0              0.0                 0.0        0.00         1.000000           100.000000
Native Hawaiian or Other Pacific Islander        Male Not Hispanic or Latino           4    402500.000000    214223.403639        275000.0        452500.0                85.909250                21.237140                81.22175                 98.1875                 43.666667                  3.055050                      NaN                      NaN       485000.000000       231660.671385           290000.0           675000.0  147.000000   65.559134      97.75     187.75         4       0         177500.0            385000.0       90.00         1.000000           100.000000
                                    White      Female     Hispanic or Latino         161    435869.565217    176795.755408        325000.0        545000.0                80.285217                19.330696                75.00000                 95.0000                 44.917293                  3.769987                      NaN                      NaN       559658.385093       207900.309812           415000.0           675000.0  136.521739  113.159185      82.00     151.00       149      12         220000.0            260000.0       69.00         0.925466            92.546584
                                    White      Female Not Hispanic or Latino         334    477425.149701    251425.578866        295000.0        652500.0                71.744416                20.644063                60.00000                 89.9000                 44.113445                  3.993633                      NaN                      NaN       703952.095808       375273.006663           435000.0           872500.0  173.032934  141.538953      93.00     214.00       311      23         357500.0            437500.0      121.00         0.931138            93.113772
                                    White        Male     Hispanic or Latino         296    444966.216216    190925.486061        315000.0        575000.0                84.622777                27.448344                80.00000                 95.0000                 43.686636                  4.135825                      NaN                      NaN       559324.324324       247775.628854           385000.0           705000.0  146.263514   96.620232      90.00     167.75       263      33         260000.0            320000.0       77.75         0.888514            88.851351
                                    White        Male Not Hispanic or Latino         447    547483.221477    252128.800205        355000.0        715000.0                72.912969                19.780541                59.98400                 89.9065                 43.587838                  4.102796                      NaN                      NaN       799899.328859       418068.295507           515000.0           985000.0  199.803132  146.735254     113.50     240.50       420      27         360000.0            470000.0      127.00         0.939597            93.959732