                             derived_race derived_sex      derived_ethnicity  total_apps  avg_loan_amount  std_loan_amount  Q1_loan_amount  Q3_loan_amount  avg_loan_to_value_ratio  std_loan_to_value_ratio  Q1_loan_to_value_ratio  Q3_loan_to_value_ratio  avg_debt_to_income_ratio  std_debt_to_income_ratio  Q1_debt_to_income_ratio  Q3_debt_to_income_ratio  avg_property_value  std_property_value  Q1_property_value  Q3_property_value  avg_income  std_income  Q1_income  Q3_income  accepted  denied  iqr_loan_amount  iqr_property_value  iqr_income  acceptance_rate  acceptance_rate_pct
                 2 or more minority races      Female Not Hispanic or Latino           7    585000.000000    207042.668710        450000.0        730000.0                82.269429                12.064284                73.21500                91.75300                 43.333333                  3.785939                      NaN                      NaN        7.007143e+05       190687.977497           600000.0           770000.0  163.142857   58.865464      125.5     176.00         6       1         280000.0            170000.0       50.50         0.857143            85.714286
                 2 or more minority races        Male     Hispanic or Latino           3    458333.333333    170391.705588        370000.0        540000.0                89.987333                 0.021939                89.98100                90.00000                 40.500000                  0.707107                      NaN                      NaN        5.150000e+05       190787.840283           415000.0           605000.0  130.000000   40.037482      116.5     153.00         3       0         170000.0            190000.0       36.50         1.000000           100.000000
                 2 or more minority races        Male Not Hispanic or Latino           3    868333.333333    245424.801789        750000.0        995000.0                72.811000                19.096862                65.58150                83.63500                 42.333333                  1.527525                     41.5                     43.0        1.318333e+06       753016.157419           900000.0          1630000.0  213.333333   57.951129      182.5     240.00         3       0         245000.0            730000.0       57.50         1.000000           100.000000
         American Indian or Alaska Native      Female     Hispanic or Latino           1    665000.000000              NaN        665000.0        665000.0                84.000000                      NaN                84.00000                84.00000                 48.000000                       NaN                     48.0                     48.0        7.950000e+05                 NaN           795000.0           795000.0  130.000000         NaN      130.0     130.00         1       0              0.0                 0.0        0.00         1.000000           100.000000
         American Indian or Alaska Native        Male     Hispanic or Latino           8    447500.000000    259931.309608        305000.0        465000.0                88.243750                 8.343312                80.00000                95.00000                 43.800000                  4.438468                      NaN                      NaN        5.237500e+05       333956.263176           317500.0           575000.0  179.000000  129.564104       93.5     226.25         8       0         160000.0            257500.0      132.75         1.000000           100.000000
         American Indian or Alaska Native        Male Not Hispanic or Latino           1    245000.000000              NaN        245000.0        245000.0                95.000000                      NaN                95.00000                95.00000                 44.000000                       NaN                     44.0                     44.0        2.650000e+05                 NaN           265000.0           265000.0   55.000000         NaN       55.0      55.00         1       0              0.0                 0.0        0.00         1.000000           100.000000
                                    Asian      Female     Hispanic or Latino           3    645000.000000    265141.471671        500000.0        760000.0                54.145000                16.733007                47.52200                63.54750                 43.500000                  2.121320                      NaN                      NaN        1.175000e+06       205182.845287          1070000.0          1275000.0  217.000000  101.059388      165.5     266.50         3       0         260000.0            205000.0      101.00         1.000000           100.000000
                                    Asian      Female Not Hispanic or Latino         208    588269.230769    237431.677669        405000.0        735000.0                73.971928                16.672115                64.01725                83.60200                 43.894040                  4.206586                      NaN                      NaN        8.437981e+05       391155.846471           565000.0          1037500.0  188.807692  129.620671      125.0     215.50       196      12         330000.0            472500.0       90.50         0.942308            94.230769
                                    Asian        Male     Hispanic or Latino           8    410000.000000    123404.098103        345000.0        460000.0                82.750000                15.599908                78.75000                95.00000                 43.000000                  4.472136                      NaN                      NaN        4.987500e+05       127832.200281           450000.0           525000.0  116.500000   58.382972       91.0     156.75         7       1         115000.0             75000.0       65.75         0.875000            87.500000
                                    Asian        Male Not Hispanic or Latino         389    640809.768638    238217.553707        485000.0        765000.0                73.981985                16.315464                68.00000                80.00000                 43.800699                  3.988422                      NaN                      NaN        9.080591e+05       373578.610809           655000.0          1105000.0  208.953728  104.485968      143.0     251.00       361      28         280000.0            450000.0      108.00         0.928021            92.802057
                Black or African American      Female     Hispanic or Latino           6    343333.333333    240284.553533        187500.0        405000.0                68.618833                34.916781                44.86775                93.75000                 42.250000                  5.737305                      NaN                      NaN        6.416667e+05       480027.776974           460000.0           725000.0  131.833333   69.935446       69.0     195.75         5       1         217500.0            265000.0      126.75         0.833333            83.333333
                Black or African American      Female Not Hispanic or Latino          57    490263.157895    182356.648819        385000.0        605000.0                81.030140                18.728514                80.00000                95.00000                 44.552632                  4.470307                      NaN                      NaN        6.321930e+05       211168.131947           505000.0           745000.0  145.684211   63.241080      104.0     171.00        52       5         220000.0            240000.0       67.00         0.912281            91.228070
                Black or African American        Male     Hispanic or Latino           2    645000.000000    127279.220614        600000.0        690000.0                87.485500                10.627108                83.72825                91.24275                 47.000000                       NaN                      NaN                      NaN        7.300000e+05        49497.474683           712500.0           747500.0  247.000000   66.468037      223.5     270.50         2       0          90000.0             35000.0       47.00         1.000000           100.000000
                Black or African American        Male Not Hispanic or Latino          34    475882.352941    236494.187859        347500.0        580000.0                76.491176                19.255964                62.55750                92.85000                 45.160000                  3.578640                      NaN                      NaN        6.573529e+05       359537.234752           485000.0           767500.0  155.970588   95.384862       88.5     177.75        33       1         232500.0            282500.0       89.25         0.970588            97.058824
Native Hawaiian or Other Pacific Islander      Female Not Hispanic or Latino           3    358333.333333     15275.252317        350000.0        365000.0                99.606667                 8.340512                96.91000               104.41000                 42.666667                  4.509250                     40.5                     45.0        4.150000e+05        30000.000000           400000.0           430000.0  110.333333    2.309401      109.0     111.00         2       1          15000.0             30000.0        2.00         0.666667            66.666667
Native Hawaiian or Other Pacific Islander        Male     Hispanic or Latino           1    135000.000000              NaN        135000.0        135000.0                51.923000                      NaN                51.92300                51.92300                       NaN                       NaN                      NaN                      NaN        2.650000e+05                 NaN           265000.0           265000.0   57.000000         NaN       57.0      57.00         1       0              0.0                 0.0        0.00         1.000000           100.000000
Native Hawaiian or Other Pacific Islander        Male Not Hispanic or Latino           1    515000.000000              NaN        515000.0        515000.0                45.536000                      NaN                45.53600                45.53600                       NaN                       NaN                      NaN                      NaN        1.125000e+06                 NaN          1125000.0          1125000.0  155.000000         NaN      155.0     155.00         1       0              0.0                 0.0        0.00         1.000000           100.000000
                                    White      Female     Hispanic or Latino         166    412289.156627    182956.860630        285000.0        495000.0                80.467515                18.353261                75.35950                95.00000                 44.024000                  4.161002                      NaN                      NaN        5.291566e+05       206086.653262           385000.0           675000.0  129.849398   84.572409       80.0     154.50       140      26         210000.0            290000.0       74.50         0.843373            84.337349
                                    White      Female Not Hispanic or Latino         379    478852.242744    239327.628075        305000.0        625000.0                70.982140                20.304252                55.98150                85.00000                 43.699620                  4.056505                      NaN                      NaN        7.058707e+05       358673.381158           460000.0           875000.0  168.625330  118.207789       95.5     202.00       359      20         320000.0            415000.0      106.50         0.947230            94.722955
                                    White        Male     Hispanic or Latino         299    462658.862876    179723.512521        330000.0        585000.0                82.560211                14.929647                78.12050                95.00000                 44.195745                  3.812371                      NaN                      NaN        5.843311e+05       236266.160775           415000.0           705000.0  150.247492  102.908405       90.0     179.00       272      27         255000.0            290000.0       89.00         0.909699            90.969900
                                    White        Male Not Hispanic or Latino         421    554857.482185    238243.530112        385000.0        705000.0                75.077858                22.714574                67.74200                85.00000                 43.387324                  4.157413                      NaN                      NaN        8.004869e+05       449562.287591           545000.0           955000.0  224.767221  300.740028      119.0     255.00       391      30         320000.0            410000.0      136.00         0.928741            92.874109