                             derived_race derived_sex      derived_ethnicity  total_apps  avg_loan_amount  std_loan_amount  Q1_loan_amount  Q3_loan_amount  avg_loan_to_value_ratio  std_loan_to_value_ratio  Q1_loan_to_value_ratio  Q3_loan_to_value_ratio  avg_debt_to_income_ratio  std_debt_to_income_ratio  Q1_debt_to_income_ratio  Q3_debt_to_income_ratio  avg_property_value  std_property_value  Q1_property_value  Q3_property_value  avg_income  std_income  Q1_income  Q3_income  accepted  denied  iqr_loan_amount  iqr_property_value  iqr_income  acceptance_rate  acceptance_rate_pct
                 2 or more minority races      Female Not Hispanic or Latino           6    470000.000000    220975.111721        312500.0        527500.0                76.503000                16.775281                68.01350                87.50000                 43.600000                  4.722288                      NaN                      NaN       690000.000000       520028.845354           367500.0           660000.0  128.333333   52.209833      96.75     139.50         6       0         215000.0            292500.0       42.75         1.000000           100.000000
                 2 or more minority races        Male     Hispanic or Latino           3    548333.333333    179257.728797        445000.0        605000.0                85.362667                 9.648393                81.00050                90.54400                 41.333333                  4.618802                    40.00                    44.00       635000.000000       157162.336455           550000.0           705000.0  194.000000   58.129167     161.50     217.50         2       1         160000.0            155000.0       56.00         0.666667            66.666667
                 2 or more minority races        Male Not Hispanic or Latino           2    300000.000000    148492.424049        247500.0        352500.0                98.500000                 2.121320                97.75000                99.25000                 47.500000                  0.707107                    47.25                    47.75       315000.000000       155563.491861           260000.0           370000.0   76.500000   20.506097      69.25      83.75         2       0         105000.0            110000.0       14.50         1.000000           100.000000
         American Indian or Alaska Native      Female     Hispanic or Latino           9    456111.111111    173741.506587        385000.0        545000.0                83.194111                18.255036                80.00000                95.00000                 44.444444                  4.216370                    41.00                    48.00       572777.777778       213177.026071           485000.0           635000.0  129.666667   62.609903      96.00     141.00         9       0         160000.0            150000.0       45.00         1.000000           100.000000
         American Indian or Alaska Native      Female Not Hispanic or Latino           2    570000.000000    148492.424049        517500.0        622500.0                91.551500                 2.194152                90.77575                92.32725                 40.000000                       NaN                      NaN                      NaN       625000.000000       141421.356237           575000.0           675000.0  213.500000    2.121320     212.75     214.25         2       0         105000.0            100000.0        1.50         1.000000           100.000000
         American Indian or Alaska Native        Male     Hispanic or Latino           2    350000.000000     63639.610307        327500.0        372500.0                90.000000                14.142136                85.00000                95.00000                 42.000000                  8.485281                    39.00                    45.00       435000.000000        84852.813742           405000.0           465000.0  110.500000   50.204581      92.75     128.25         1       1          45000.0             60000.0       35.50         0.500000            50.000000
         American Indian or Alaska Native        Male Not Hispanic or Latino           6    531666.666667    244513.121666        385000.0        725000.0                73.195667                14.091575                69.06925                80.75000                 45.200000                  5.215362                      NaN                      NaN       733333.333333       307012.486174           550000.0           930000.0  134.500000   75.630020      85.50     155.25         6       0         340000.0            380000.0       69.75         1.000000           100.000000
                                    Asian      Female     Hispanic or Latino           6    373333.333333     93041.209508        332500.0        435000.0                64.930667                27.250131                43.76550                89.17500                 44.833333                  4.792355                    43.75                    47.75       653333.333333       270437.916474           445000.0           857500.0  102.666667   33.755987      93.00     118.25         6       0         102500.0            412500.0       25.25         1.000000           100.000000
                                    Asian      Female Not Hispanic or Latino         229    558580.786026    222847.046076        395000.0        695000.0                71.058074                19.401303                60.00000                80.00000                 43.867470                  4.029501                      NaN                      NaN       860283.842795       479182.905370           575000.0          1005000.0  177.013100   89.651150     125.00     201.00       214      15         300000.0            430000.0       76.00         0.934498            93.449782
                                    Asian        Male     Hispanic or Latino           8    601250.000000    278256.690332        417500.0        745000.0                77.742125                14.337174                67.29500                87.42025                 44.400000                  6.024948                      NaN                      NaN       781250.000000       367693.097958           475000.0           915000.0  240.625000  324.952716      99.25     209.25         7       1         327500.0            440000.0      110.00         0.875000            87.500000
                                    Asian        Male Not Hispanic or Latino         379    643522.427441    239293.341042        470000.0        800000.0                74.082375                16.912284                65.57000                84.83500                 43.545788                  4.033717                      NaN                      NaN       913918.205805       392755.347683           635000.0          1155000.0  200.989446  122.628854     135.00     234.50       347      32         330000.0            520000.0       99.50         0.915567            91.556728
                Black or African American      Female     Hispanic or Latino           1    505000.000000              NaN        505000.0        505000.0                95.000000                      NaN                95.00000                95.00000                 45.000000                       NaN                    45.00                    45.00       535000.000000                 NaN           535000.0           535000.0  129.000000         NaN     129.00     129.00         1       0              0.0                 0.0        0.00         1.000000           100.000000
                Black or African American      Female Not Hispanic or Latino          51    504019.607843    243074.103121        335000.0        635000.0                92.809745                31.954619                82.50000                96.40000                 44.210526                  4.127416                      NaN                      NaN       605784.313725       276375.419582           415000.0           775000.0  156.274510   82.011482     103.00     184.00        42       9         300000.0            360000.0       81.00         0.823529            82.352941
                Black or African American        Male     Hispanic or Latino           6    555000.000000    170880.074906        455000.0        627500.0                80.055500                13.292407                76.25000                87.50000                 42.600000                  3.577709                      NaN                      NaN       741666.666667       373612.990495           500000.0           795000.0  549.500000 1015.373577     113.50     182.50         6       0         172500.0            295000.0       69.00         1.000000           100.000000
                Black or African American        Male Not Hispanic or Latino          41    537439.024390    205861.367039        385000.0        675000.0                81.338951                17.003305                80.00000                94.80000                 44.266667                  3.194104                      NaN                      NaN       715243.902439       398117.368403           465000.0           795000.0  146.487805   76.650219      95.00     181.00        37       4         290000.0            330000.0       86.00         0.902439            90.243902
Native Hawaiian or Other Pacific Islander      Female Not Hispanic or Latino           6    523333.333333    233188.050008        362500.0        722500.0                69.698667                25.879747                57.75000                87.24125                 46.500000                  2.880972                    44.75                    48.75       751666.666667       146515.073172           687500.0           845000.0  131.166667   41.944805     108.50     164.75         6       0         360000.0            157500.0       56.25         1.000000           100.000000
Native Hawaiian or Other Pacific Islander        Male     Hispanic or Latino           2    380000.000000     49497.474683        362500.0        397500.0                85.000000                 7.071068                82.50000                87.50000                       NaN                       NaN                      NaN                      NaN       450000.000000        91923.881554           417500.0           482500.0  100.500000   54.447222      81.25     119.75         1       1          35000.0             65000.0       38.50         0.500000            50.000000
Native Hawaiian or Other Pacific Islander        Male Not Hispanic or Latino           4    622500.000000    109048.918686        552500.0        675000.0                71.228500                17.130843                70.91750                80.00000                 45.500000                  3.535534                      NaN                      NaN       900000.000000       184300.479290           780000.0          1005000.0  203.000000   55.910643     172.25     217.75         3       1         122500.0            225000.0       45.50         0.750000            75.000000
                                    White      Female     Hispanic or Latino         181    433453.038674    202963.692030        285000.0        555000.0                81.404149                16.125971                75.00000                95.00000                 44.551724                  4.018933                      NaN                      NaN       558314.917127       244165.370301           405000.0           675000.0  148.883978  217.085090      81.00     164.00       164      17         270000.0            270000.0       83.00         0.906077            90.607735
                                    White      Female Not Hispanic or Latino         356    479943.820225    237064.791027        305000.0        635000.0                72.193362                20.329303                58.45475                89.92250                 43.533333                  4.136198                      NaN                      NaN       697837.078652       339195.546038           482500.0           855000.0  160.241573   91.383131      95.00     210.25       325      31         330000.0            372500.0      115.25         0.912921            91.292135
                                    White        Male     Hispanic or Latino         271    469760.147601    215772.165589        325000.0        605000.0                82.084066                15.755714                77.97050                95.00000                 44.585859                  3.838121                      NaN                      NaN       593487.084871       289292.109869           410000.0           745000.0  144.520295   85.212320      94.00     174.00       243      28         280000.0            335000.0       80.00         0.896679            89.667897
                                    White        Male Not Hispanic or Latino         429    568752.913753    254574.309373        375000.0        745000.0                73.879112                18.602642                65.00000                88.35000                 43.625000                  4.145229                      NaN                      NaN       826701.631702       439015.619889           525000.0          1045000.0  230.398601  320.962472     115.00     240.00       401      28         370000.0            520000.0      125.00         0.934732            93.473193