                             derived_race derived_sex      derived_ethnicity  total_apps  avg_loan_amount  std_loan_amount  Q1_loan_amount  Q3_loan_amount  avg_loan_to_value_ratio  std_loan_to_value_ratio  Q1_loan_to_value_ratio  Q3_loan_to_value_ratio  avg_debt_to_income_ratio  std_debt_to_income_ratio  Q1_debt_to_income_ratio  Q3_debt_to_income_ratio  avg_property_value  std_property_value  Q1_property_value  Q3_property_value  avg_income  std_income  Q1_income  Q3_income  accepted  denied  iqr_loan_amount  iqr_property_value  iqr_income  acceptance_rate  acceptance_rate_pct
                 2 or more minority races      Female     Hispanic or Latino           1    555000.000000              NaN        555000.0        555000.0                95.000000                      NaN                95.00000                95.00000                       NaN                       NaN                      NaN                      NaN        5.850000e+05                 NaN           585000.0           585000.0  104.000000         NaN     104.00     104.00         0       1              0.0                 0.0        0.00         0.000000             0.000000
                 2 or more minority races      Female Not Hispanic or Latino           4    475000.000000    191659.420153        330000.0        575000.0                88.876500                 7.772666                83.75000                94.37950                 43.250000                  2.217356                    43.00                    44.25        6.075000e+05       147732.867027           565000.0           662500.0  143.500000   66.705822      96.50     191.50         4       0         245000.0             97500.0       95.00         1.000000           100.000000
                 2 or more minority races        Male     Hispanic or Latino           1    405000.000000              NaN        405000.0        405000.0                80.000000                      NaN                80.00000                80.00000                       NaN                       NaN                      NaN                      NaN        5.050000e+05                 NaN           505000.0           505000.0  123.000000         NaN     123.00     123.00         1       0              0.0                 0.0        0.00         1.000000           100.000000
                 2 or more minority races        Male Not Hispanic or Latino           3    275000.000000     43588.989435        260000.0        300000.0                90.000000                 9.165151                86.00000                95.00000                 42.333333                  1.527525                    41.50                    43.00        3.150000e+05        65574.385243           280000.0           345000.0   90.000000   27.221315      74.50     100.00         3       0          40000.0             65000.0       25.50         1.000000           100.000000
         American Indian or Alaska Native      Female     Hispanic or Latino           5    343000.000000    207533.129885        295000.0        445000.0               155.509000               167.365552                80.00000                93.00000                 47.500000                  0.707107                      NaN                      NaN        4.390000e+05       295685.643886           325000.0           555000.0  489.000000  829.937046      96.00     177.00         4       1         150000.0            230000.0       81.00         0.800000            80.000000
         American Indian or Alaska Native      Female Not Hispanic or Latino           3    418333.333333    204042.479237        330000.0        530000.0                92.333333                 4.041452                90.00000                93.50000                 47.000000                       NaN                      NaN                      NaN        4.650000e+05       235796.522451           365000.0           595000.0  142.666667   72.707175     108.00     180.50         3       0         200000.0            230000.0       72.50         1.000000           100.000000
         American Indian or Alaska Native        Male     Hispanic or Latino          13    371153.846154    173327.169516        285000.0        465000.0                76.902154                22.391990                68.18200                95.00000                 42.857143                  3.848314                      NaN                      NaN        5.019231e+05       241156.402064           325000.0           615000.0  137.384615  112.197399      81.00     148.00        10       3         180000.0            290000.0       67.00         0.769231            76.923077
         American Indian or Alaska Native        Male Not Hispanic or Latino           9    398333.333333    190000.000000        265000.0        595000.0                73.215556                15.911251                75.00000                80.00000                 44.142857                  4.740906                      NaN                      NaN        5.538889e+05       222623.249260           365000.0           755000.0  176.000000  157.994462      74.00     229.00         9       0         330000.0            390000.0      155.00         1.000000           100.000000
                                    Asian      Female     Hispanic or Latino           7    463571.428571    268292.661810        360000.0        605000.0                74.146000                26.935179                59.26150                87.50000                 45.333333                  3.785939                      NaN                      NaN        6.921429e+05       366911.173888           595000.0           965000.0  340.142857  406.383820      92.00     435.50         6       1         245000.0            370000.0      343.50         0.857143            85.714286
                                    Asian      Female Not Hispanic or Latino         228    542807.017544    225858.162860        375000.0        697500.0                72.586179                17.839433                64.82150                80.00000                 43.797619                  3.893122                      NaN                      NaN        7.788158e+05       359942.361166           535000.0           905000.0  180.390351  111.405286     116.00     210.50       209      19         322500.0            370000.0       94.50         0.916667            91.666667
                                    Asian        Male     Hispanic or Latino           7    570714.285714    156828.690281        460000.0        655000.0                82.461714                 9.063862                77.50000                87.50000                 43.500000                  5.744563                      NaN                      NaN        6.950000e+05       172626.765016           570000.0           860000.0  186.428571   42.260530     157.50     213.00         7       0         195000.0            290000.0       55.50         1.000000           100.000000
                                    Asian        Male Not Hispanic or Latino         340    642117.647059    258618.837157        445000.0        825000.0                73.646046                16.893863                66.10925                80.00000                 43.434783                  4.017903                      NaN                      NaN        9.066765e+05       362364.996371           625000.0          1175000.0  222.720588  405.785877     129.25     250.25       324      16         380000.0            550000.0      121.00         0.952941            95.294118
                Black or African American      Female     Hispanic or Latino           2    525000.000000    127279.220614        480000.0        570000.0                83.333500                16.498923                77.50025                89.16675                 47.000000                  0.000000                    47.00                    47.00        6.300000e+05        35355.339059           617500.0           642500.0  135.500000   48.790368     118.25     152.75         2       0          90000.0             25000.0       34.50         1.000000           100.000000
                Black or African American      Female Not Hispanic or Latino          51    489705.882353    223547.336743        345000.0        635000.0                83.319471                17.289321                76.91500                95.00000                 44.918919                  3.506964                      NaN                      NaN        6.195098e+05       228886.991553           450000.0           745000.0  146.549020   78.837634      90.00     187.00        44       7         290000.0            295000.0       97.00         0.862745            86.274510
                Black or African American        Male     Hispanic or Latino           2    370000.000000    162634.559673        312500.0        427500.0                96.000000                 1.414214                95.50000                96.50000                 47.500000                  2.121320                    46.75                    48.25        3.850000e+05       169705.627485           325000.0           445000.0  126.000000   69.296465     101.50     150.50         1       1         115000.0            120000.0       49.00         0.500000            50.000000
                Black or African American        Male Not Hispanic or Latino          37    610135.135135    320300.393915        415000.0        745000.0                86.691703                11.922011                80.00000                95.00000                 43.758621                  4.180355                      NaN                      NaN        7.093243e+05       380595.589837           515000.0           835000.0  199.864865  107.738408     114.00     278.00        31       6         330000.0            320000.0      164.00         0.837838            83.783784
Native Hawaiian or Other Pacific Islander      Female     Hispanic or Latino           1    335000.000000              NaN        335000.0        335000.0                90.000000                      NaN                90.00000                90.00000                 49.000000                       NaN                    49.00                    49.00        3.650000e+05                 NaN           365000.0           365000.0  143.000000         NaN     143.00     143.00         1       0              0.0                 0.0        0.00         1.000000           100.000000
Native Hawaiian or Other Pacific Islander      Female Not Hispanic or Latino           1    735000.000000              NaN        735000.0        735000.0                80.000000                      NaN                80.00000                80.00000                 49.000000                       NaN                    49.00                    49.00        9.250000e+05                 NaN           925000.0           925000.0  180.000000         NaN     180.00     180.00         1       0              0.0                 0.0        0.00         1.000000           100.000000
Native Hawaiian or Other Pacific Islander        Male     Hispanic or Latino           1    765000.000000              NaN        765000.0        765000.0                57.000000                      NaN                57.00000                57.00000                 45.000000                       NaN                    45.00                    45.00        1.355000e+06                 NaN          1355000.0          1355000.0  186.000000         NaN     186.00     186.00         1       0              0.0                 0.0        0.00         1.000000           100.000000
Native Hawaiian or Other Pacific Islander        Male Not Hispanic or Latino           4    552500.000000     43493.294502        532500.0        580000.0                79.429750                16.361960                70.04250                91.24125                 44.333333                  4.509250                      NaN                      NaN        7.200000e+05       170587.221092           627500.0           817500.0  142.500000   25.514702     127.00     153.00         4       0          47500.0            190000.0       26.00         1.000000           100.000000
                                    White      Female     Hispanic or Latino         168    436726.190476    189913.302072        305000.0        517500.0                81.170732                16.863505                76.10325                95.00000                 43.658333                  4.267319                      NaN                      NaN        5.599405e+05       241281.501369           405000.0           657500.0  152.720238  347.704137      78.50     148.25       148      20         212500.0            252500.0       69.75         0.880952            88.095238
                                    White      Female Not Hispanic or Latino         396    464065.656566    243822.690780        302500.0        615000.0                69.112568                21.562993                55.88900                84.62875                 43.823755                  4.266097                      NaN                      NaN        7.064646e+05       359177.508053           445000.0           865000.0  165.146465  116.525300      91.00     196.25       368      28         312500.0            420000.0      105.25         0.929293            92.929293
                                    White        Male     Hispanic or Latino         253    478003.952569    202947.692417        335000.0        605000.0                82.798617                16.819949                79.96000                95.00000                 44.639344                  3.987754                      NaN                      NaN        6.059881e+05       268969.616538           415000.0           745000.0  149.280632  108.241226      89.00     169.00       236      17         270000.0            330000.0       80.00         0.932806            93.280632
                                    White        Male Not Hispanic or Latino         463    529686.825054    237784.368784        355000.0        685000.0                72.898499                19.959973                63.33950                87.33000                 43.542320                  4.112100                      NaN                      NaN        7.874622e+05       464911.649868           525000.0           935000.0  219.468683  569.510505     109.00     242.00       436      27         330000.0            410000.0      133.00         0.941685            94.168467