                             derived_race derived_sex      derived_ethnicity  total_apps  avg_loan_amount  std_loan_amount  Q1_loan_amount  Q3_loan_amount  avg_loan_to_value_ratio  std_loan_to_value_ratio  Q1_loan_to_value_ratio  Q3_loan_to_value_ratio  avg_debt_to_income_ratio  std_debt_to_income_ratio  Q1_debt_to_income_ratio  Q3_debt_to_income_ratio  avg_property_value  std_property_value  Q1_property_value  Q3_property_value  avg_income  std_income  Q1_income  Q3_income  accepted  denied  iqr_loan_amount  iqr_property_value  iqr_income  acceptance_rate  acceptance_rate_pct
                 2 or more minority races      Female     Hispanic or Latino           1    335000.000000              NaN        335000.0        335000.0                97.000000                      NaN                97.00000                97.00000                 42.000000                       NaN                    42.00                    42.00       345000.000000                 NaN           345000.0           345000.0   89.000000         NaN      89.00      89.00         1       0              0.0                 0.0        0.00         1.000000           100.000000
                 2 or more minority races      Female Not Hispanic or Latino           1    495000.000000              NaN        495000.0        495000.0                95.000000                      NaN                95.00000                95.00000                       NaN                       NaN                      NaN                      NaN       605000.000000                 NaN           605000.0           605000.0  101.000000         NaN     101.00     101.00         0       1              0.0                 0.0        0.00         0.000000             0.000000
                 2 or more minority races        Male     Hispanic or Latino           2    590000.000000    190918.830920        522500.0        657500.0                86.000000                15.556349                80.50000                91.50000                 42.500000                  9.192388                    39.25                    45.75       680000.000000       106066.017178           642500.0           717500.0  149.500000    3.535534     148.25     150.75         1       1         135000.0             75000.0        2.50         0.500000            50.000000
                 2 or more minority races        Male Not Hispanic or Latino           2    555000.000000     84852.813742        525000.0        585000.0                92.135000                 6.880149                89.70250                94.56750                 42.000000                  2.828427                    41.00                    43.00       605000.000000       127279.220614           560000.0           650000.0  145.000000   21.213203     137.50     152.50         2       0          60000.0             90000.0       15.00         1.000000           100.000000
         American Indian or Alaska Native      Female     Hispanic or Latino           7    529285.714286    195350.722450        430000.0        605000.0                77.240429                19.806923                79.29250                85.00000                 45.000000                  2.915476                      NaN                      NaN       695000.000000       206397.674406           550000.0           740000.0  231.857143  236.477926      93.50     228.00         6       1         175000.0            190000.0      134.50         0.857143            85.714286
         American Indian or Alaska Native      Female Not Hispanic or Latino           4    677500.000000    294094.655964        560000.0        752500.0                87.458750                14.917500                80.00000                87.45875                 44.000000                  1.000000                      NaN                      NaN       820000.000000       413158.565202           672500.0           947500.0  251.750000  164.392569     165.75     292.00         3       1         192500.0            275000.0      126.25         0.750000            75.000000
         American Indian or Alaska Native        Male     Hispanic or Latino           7    393571.428571    126415.791660        320000.0        490000.0                73.825571                20.205920                63.65850                85.59650                 47.500000                  1.732051                      NaN                      NaN       605000.000000       328785.644455           380000.0           825000.0  135.000000   71.451615      78.50     169.00         6       1         170000.0            445000.0       90.50         0.857143            85.714286
         American Indian or Alaska Native        Male Not Hispanic or Latino           6    610000.000000    158082.257069        477500.0        717500.0                67.940000                17.490798                59.22975                80.75000                 44.166667                  3.544949                    42.25                    46.75       991666.666667       375268.792556           700000.0          1302500.0  161.000000   42.028562     128.25     192.00         6       0         240000.0            602500.0       63.75         1.000000           100.000000
                                    Asian      Female     Hispanic or Latino           4    297500.000000    193799.724802        137500.0        465000.0                62.007250                37.668911                36.27175                91.75000                 41.000000                       NaN                      NaN                      NaN       487500.000000       111766.124862           442500.0           540000.0  114.250000   29.398129      98.75     117.50         3       1         327500.0             97500.0       18.75         0.750000            75.000000
                                    Asian      Female Not Hispanic or Latino         218    583165.137615    235290.447583        415000.0        722500.0                71.835481                17.872055                60.39300                80.00000                 44.118343                  4.302293                      NaN                      NaN       850275.229358       353861.082680           615000.0          1042500.0  176.133028  112.140242     112.25     209.50       204      14         307500.0            427500.0       97.25         0.935780            93.577982
                                    Asian        Male     Hispanic or Latino          11    508636.363636    260509.989339        345000.0        655000.0                83.279091                10.256733                80.00000                89.94500                 45.625000                  4.274091                      NaN                      NaN       652272.727273       360779.459202           400000.0           805000.0  163.181818   97.868093      93.50     219.00         9       2         310000.0            405000.0      125.50         0.818182            81.818182
                                    Asian        Male Not Hispanic or Latino         370    615324.324324    245200.880432        435000.0        765000.0                73.814781                17.357517                66.66700                84.93350                 43.961538                  3.935589                      NaN                      NaN       871702.702703       373198.935221           597500.0          1092500.0  194.767568  122.352682     123.00     228.75       336      34         330000.0            495000.0      105.75         0.908108            90.810811
                Black or African American      Female     Hispanic or Latino           1     95000.000000              NaN         95000.0         95000.0                36.740000                      NaN                36.74000                36.74000                       NaN                       NaN                      NaN                      NaN       265000.000000                 NaN           265000.0           265000.0   26.000000         NaN      26.00      26.00         1       0              0.0                 0.0        0.00         1.000000           100.000000
                Black or African American      Female Not Hispanic or Latino          36    532777.777778    215394.801782        387500.0        640000.0                83.327444                17.012605                80.00000                92.63900                 44.692308                  3.319870                      NaN                      NaN       659444.444444       247114.137243           505000.0           820000.0  159.166667   89.628599     109.25     166.50        30       6         252500.0            315000.0       57.25         0.833333            83.333333
                Black or African American        Male Not Hispanic or Latino          33    544090.909091    246771.195092        375000.0        655000.0                83.363455                13.204725                80.00000                95.00000                 44.739130                  4.058856                      NaN                      NaN       691363.636364       345975.235582           475000.0           775000.0  201.969697  169.804388      97.00     247.00        26       7         280000.0            300000.0      150.00         0.787879            78.787879
Native Hawaiian or Other Pacific Islander      Female Not Hispanic or Latino           1    425000.000000              NaN        425000.0        425000.0                58.880000                      NaN                58.88000                58.88000                 49.000000                       NaN                    49.00                    49.00       725000.000000                 NaN           725000.0           725000.0  139.000000         NaN     139.00     139.00         1       0              0.0                 0.0        0.00         1.000000           100.000000
Native Hawaiian or Other Pacific Islander        Male     Hispanic or Latino           5    671000.000000    185687.910215        565000.0        765000.0                74.798000                18.444756                57.00000                90.00000                 46.000000                  3.162278                      NaN                      NaN       927000.000000       293376.890705           825000.0          1055000.0  259.800000  194.869700     150.00     246.00         4       1         200000.0            230000.0       96.00         0.800000            80.000000
Native Hawaiian or Other Pacific Islander        Male Not Hispanic or Latino           2    450000.000000    233345.237792        367500.0        532500.0                87.500000                10.606602                83.75000                91.25000                 37.000000                       NaN                      NaN                      NaN       535000.000000       325269.119346           420000.0           650000.0  203.000000   96.166522     169.00     237.00         2       0         165000.0            230000.0       68.00         1.000000           100.000000
                                    White      Female     Hispanic or Latino         189    417645.502646    207308.964210        275000.0        525000.0                81.726101                17.460714                77.08000                95.00000                 43.782313                  3.788080                      NaN                      NaN       537910.052910       272690.490426           375000.0           665000.0  149.243386  245.527210      77.00     150.00       169      20         250000.0            290000.0       73.00         0.894180            89.417989
                                    White      Female Not Hispanic or Latino         342    474064.327485    237147.643141        297500.0        622500.0                71.193111                21.785581                58.16825                85.42750                 43.715517                  3.884270                      NaN                      NaN       716520.467836       386604.169710           455000.0           865000.0  165.833333  131.076946      94.25     189.75       322      20         325000.0            410000.0       95.50         0.941520            94.152047
                                    White        Male     Hispanic or Latino         289    456038.062284    186940.726841        315000.0        585000.0                82.606917                15.504055                80.00000                95.00000                 44.458333                  3.833527                      NaN                      NaN       565968.858131       236241.759995           405000.0           685000.0  157.961938  147.856732      89.00     174.00       262      27         270000.0            280000.0       85.00         0.906574            90.657439
                                    White        Male Not Hispanic or Latino         469    546684.434968    259024.176743        345000.0        755000.0                74.642852                17.885051                65.21700                88.00000                 43.621262                  4.012823                      NaN                      NaN       768049.040512       395648.715036           485000.0           985000.0  211.285714  214.456846     113.00     235.00       442      27         410000.0            500000.0      122.00         0.942431            94.243070