                             derived_race derived_sex      derived_ethnicity  total_apps  avg_loan_amount  std_loan_amount  Q1_loan_amount  Q3_loan_amount  avg_loan_to_value_ratio  std_loan_to_value_ratio  Q1_loan_to_value_ratio  Q3_loan_to_value_ratio  avg_debt_to_income_ratio  std_debt_to_income_ratio  Q1_debt_to_income_ratio  Q3_debt_to_income_ratio  avg_property_value  std_property_value  Q1_property_value  Q3_property_value  avg_income  std_income  Q1_income  Q3_income  accepted  denied  iqr_loan_amount  iqr_property_value  iqr_income  acceptance_rate  acceptance_rate_pct
                 2 or more minority races      Female     Hispanic or Latino           1    615000.000000              NaN        615000.0        615000.0                80.000000                      NaN                80.00000                80.00000                       NaN                       NaN                      NaN                      NaN       765000.000000                 NaN           765000.0           765000.0  126.000000         NaN     126.00     126.00         1       0              0.0                 0.0        0.00         1.000000           100.000000
                 2 or more minority races      Female Not Hispanic or Latino           2    375000.000000     84852.813742        345000.0        405000.0                68.305500                37.751724                54.95825                81.65275                 46.500000                  2.121320                    45.75                    47.25       605000.000000       197989.898732           535000.0           675000.0   90.000000   19.798990      83.00      97.00         2       0          60000.0            140000.0       14.00         1.000000           100.000000
                 2 or more minority races        Male     Hispanic or Latino           2    230000.000000    176776.695297        167500.0        292500.0                68.396500                37.623031                55.09475                81.69825                 38.000000                       NaN                      NaN                      NaN       480000.000000       530330.085890           292500.0           667500.0  109.000000  110.308658      70.00     148.00         2       0         125000.0            375000.0       78.00         1.000000           100.000000
                 2 or more minority races        Male Not Hispanic or Latino           5    527000.000000    212532.350479        435000.0        655000.0                87.400000                 8.142481                80.00000                95.00000                 44.000000                  5.416026                      NaN                      NaN       625000.000000       280446.073248           465000.0           815000.0  323.600000  377.334467     127.00     266.00         4       1         220000.0            350000.0      139.00         0.800000            80.000000
         American Indian or Alaska Native      Female     Hispanic or Latino           8    527500.000000    156456.292390        440000.0        582500.0                81.058250                20.165391                77.50000                91.25000                 44.333333                  3.386247                      NaN                      NaN       688750.000000       180944.940323           570000.0           792500.0  146.250000   40.563002     121.25     179.00         8       0         142500.0            222500.0       57.75         1.000000           100.000000
         American Indian or Alaska Native      Female Not Hispanic or Latino           6    435000.000000    314388.294948        207500.0        597500.0                80.301000                22.712986                66.41000                92.32725                 40.800000                  4.549725                      NaN                      NaN       543333.333333       363561.090694           350000.0           647500.0  133.166667   89.024528      74.00     188.25         5       1         390000.0            297500.0      114.25         0.833333            83.333333
         American Indian or Alaska Native        Male     Hispanic or Latino           9    441666.666667    141421.356237        365000.0        515000.0                87.805222                 5.558716                85.00000                90.00000                 43.714286                  4.750940                      NaN                      NaN       512777.777778       178590.157748           405000.0           535000.0  137.666667   52.449976      86.00     171.00         9       0         150000.0            130000.0       85.00         1.000000           100.000000
         American Indian or Alaska Native        Male Not Hispanic or Latino           4    475000.000000    213229.141223        400000.0        560000.0                64.421750                26.610743                44.26975                83.93000                 48.000000                       NaN                      NaN                      NaN       847500.000000       371606.871124           642500.0          1005000.0  137.750000   51.480579     102.75     165.50         4       0         160000.0            362500.0       62.75         1.000000           100.000000
                                    Asian      Female     Hispanic or Latino           5    485000.000000    164164.551594        365000.0        495000.0                81.000000                 8.215838                75.00000                80.00000                 45.800000                  3.114482                    43.00                    48.00       589000.000000       145876.660230           455000.0           655000.0  114.000000   47.428894      69.00     154.00         5       0         130000.0            200000.0       85.00         1.000000           100.000000
                                    Asian      Female Not Hispanic or Latino         245    557326.530612    227871.241663        395000.0        685000.0                72.105464                19.266258                61.67000                85.00000                 43.367568                  4.114532                      NaN                      NaN       826265.306122       389991.108322           565000.0           995000.0  174.097959   90.076735     117.00     209.00       220      25         290000.0            430000.0       92.00         0.897959            89.795918
                                    Asian        Male     Hispanic or Latino           6    560000.000000    161338.154198        432500.0        697500.0                82.185167                 9.356266                76.25000                90.00000                 42.666667                  0.577350                      NaN                      NaN       703333.333333       281454.555242           497500.0           895000.0  149.833333   72.837948     101.00     212.25         5       1         265000.0            397500.0      111.25         0.833333            83.333333
                                    Asian        Male Not Hispanic or Latino         371    603840.970350    230258.383756        440000.0        755000.0                73.648291                18.206492                66.73000                85.00000                 44.011905                  4.034199                      NaN                      NaN       875080.862534       378253.088354           595000.0          1085000.0  184.876011   98.207561     127.50     227.50       337      34         315000.0            490000.0      100.00         0.908356            90.835580
                Black or African American      Female     Hispanic or Latino           2    475000.000000     98994.949366        440000.0        510000.0                72.000000                32.526912                60.50000                83.50000                       NaN                       NaN                      NaN                      NaN       770000.000000       487903.679019           597500.0           942500.0  189.500000    0.707107     189.25     189.75         1       1          70000.0            345000.0        0.50         0.500000            50.000000
                Black or African American      Female Not Hispanic or Latino          51    477745.098039    231093.733635        380000.0        610000.0                84.180706                19.998652                80.00000                96.82100                 44.205128                  4.479071                      NaN                      NaN       619901.960784       262132.581333           480000.0           695000.0  153.039216   89.566056      95.50     171.50        47       4         230000.0            215000.0       76.00         0.921569            92.156863
                Black or African American        Male     Hispanic or Latino           1    375000.000000              NaN        375000.0        375000.0                90.000000                      NaN                90.00000                90.00000                 45.000000                       NaN                    45.00                    45.00       415000.000000                 NaN           415000.0           415000.0  254.000000         NaN     254.00     254.00         1       0              0.0                 0.0        0.00         1.000000           100.000000
                Black or African American        Male Not Hispanic or Latino          30    596333.333333    243122.408978        415000.0        760000.0                82.564033                16.655488                76.25000                95.00000                 44.923077                  3.814950                      NaN                      NaN       776333.333333       421014.647409           535000.0           970000.0  224.000000  241.572721     110.25     219.00        29       1         345000.0            435000.0      108.75         0.966667            96.666667
Native Hawaiian or Other Pacific Islander      Female     Hispanic or Latino           3    505000.000000    121243.556530        435000.0        540000.0                81.379333                 8.020454                77.06900                85.00000                 46.333333                  1.527525                    45.50                    47.00       615000.000000        88881.944173           565000.0           650000.0  116.666667   38.785736      94.50     130.50         3       0         105000.0             85000.0       36.00         1.000000           100.000000
Native Hawaiian or Other Pacific Islander      Female Not Hispanic or Latino           3    405000.000000     52915.026221        385000.0        435000.0                90.696333                12.046561                86.04450                97.50000                 46.666667                  2.081666                    45.50                    47.50       458333.333333       110604.400154           400000.0           510000.0  111.333333   38.888730      90.50     129.00         3       0          50000.0            110000.0       38.50         1.000000           100.000000
Native Hawaiian or Other Pacific Islander        Male Not Hispanic or Latino           4    667500.000000    267752.995626        562500.0        805000.0                83.687500                13.609701                76.50000                94.06250                 40.000000                  4.358899                      NaN                      NaN       850000.000000       460181.123762           687500.0           967500.0  255.000000  194.101348     149.75     284.75         4       0         242500.0            280000.0      135.00         1.000000           100.000000
                                    White      Female     Hispanic or Latino         173    419797.687861    192028.914960        265000.0        535000.0                82.424705                17.506274                80.00000                95.00000                 44.354610                  3.973366                      NaN                      NaN       532572.254335       259966.236032           355000.0           665000.0  129.092486   92.946863      82.00     154.00       161      12         270000.0            310000.0       72.00         0.930636            93.063584
                                    White      Female Not Hispanic or Latino         324    471111.111111    242156.846033        302500.0        605000.0                70.257410                22.193431                57.26425                86.02725                 44.252174                  4.054958                      NaN                      NaN       706820.987654       360601.602663           465000.0           867500.0  154.901235   93.811629      92.00     184.00       304      20         302500.0            402500.0       92.00         0.938272            93.827160
                                    White        Male     Hispanic or Latino         278    465107.913669    196855.210427        335000.0        592500.0                82.641162                15.592072                76.44300                95.00000                 44.233333                  3.908993                      NaN                      NaN       578956.834532       250891.892680           407500.0           715000.0  148.705036   79.894466      90.25     184.00       250      28         257500.0            307500.0       93.75         0.899281            89.928058
                                    White        Male Not Hispanic or Latino         467    548790.149893    247059.928416        355000.0        715000.0                75.390574                18.928264                66.78200                90.00000                 43.776699                  4.138665                      NaN                      NaN       780417.558887       424451.156787           495000.0           970000.0  202.241970  184.034061     113.50     231.00       433      34         360000.0            475000.0      117.50         0.927195            92.719486