                             derived_race derived_sex      derived_ethnicity  total_apps  avg_loan_amount  std_loan_amount  Q1_loan_amount  Q3_loan_amount  avg_loan_to_value_ratio  std_loan_to_value_ratio  Q1_loan_to_value_ratio  Q3_loan_to_value_ratio  avg_debt_to_income_ratio  std_debt_to_income_ratio  Q1_debt_to_income_ratio  Q3_debt_to_income_ratio  avg_property_value  std_property_value  Q1_property_value  Q3_property_value  avg_income  std_income  Q1_income  Q3_income  accepted  denied  iqr_loan_amount  iqr_property_value  iqr_income  acceptance_rate  acceptance_rate_pct
                 2 or more minority races      Female     Hispanic or Latino           2    360000.000000    360624.458405        232500.0        487500.0                87.725000                10.924800                83.86250                91.58750                       NaN                       NaN                      NaN                      NaN       440000.000000       459619.407771           277500.0           602500.0   98.500000   38.890873      84.75     112.25         1       1         255000.0            325000.0       27.50         0.500000            50.000000
                 2 or more minority races      Female Not Hispanic or Latino           5    579000.000000    234158.066271        465000.0        505000.0                85.740000                10.295047                83.70000                95.00000                 48.000000                  0.000000                      NaN                      NaN       705000.000000       273587.280406           605000.0           675000.0  148.400000   57.985343     104.00     169.00         4       1          40000.0             70000.0       65.00         0.800000            80.000000
                 2 or more minority races        Male     Hispanic or Latino           2    650000.000000    403050.865276        507500.0        792500.0                97.176500                10.149104                93.58825               100.76475                 38.000000                       NaN                      NaN                      NaN       835000.000000       579827.560573           630000.0          1040000.0  365.000000  275.771645     267.50     462.50         2       0         285000.0            410000.0      195.00         1.000000           100.000000
                 2 or more minority races        Male Not Hispanic or Latino           3    585000.000000     70000.000000        560000.0        625000.0                86.423333                11.024411                81.13500                92.13500                 43.000000                  1.414214                      NaN                      NaN       688333.333333       160104.132780           610000.0           770000.0  176.333333   57.274194     144.50     200.00         3       0          65000.0            160000.0       55.50         1.000000           100.000000
         American Indian or Alaska Native      Female     Hispanic or Latino           6    440000.000000    288357.417106        227500.0        535000.0                64.625333                28.061496                41.66100                81.98800                 44.400000                  2.701851                      NaN                      NaN       686666.666667       306164.443832           507500.0           647500.0  121.166667   65.487149      68.50     179.75         5       1         307500.0            140000.0      111.25         0.833333            83.333333
         American Indian or Alaska Native      Female Not Hispanic or Latino           6    445000.000000    236050.841981        380000.0        587500.0                83.333333                18.348479                80.00000                95.00000                 44.500000                  3.146427                    43.00                    46.00       611666.666667       157691.682300           587500.0           692500.0  132.333333   43.779752     115.75     166.00         6       0         207500.0            105000.0       50.25         1.000000           100.000000
         American Indian or Alaska Native        Male     Hispanic or Latino          11    428636.363636    200413.209508        300000.0        560000.0                83.322091                14.382375                80.00000                93.59500                 44.166667                  5.192944                      NaN                      NaN       528636.363636       242498.359882           340000.0           700000.0  112.090909   38.375655      84.00     131.50        10       1         260000.0            360000.0       47.50         0.909091            90.909091
         American Indian or Alaska Native        Male Not Hispanic or Latino           2    650000.000000    360624.458405        522500.0        777500.0                92.392000                 0.554372                92.19600                92.58800                 45.000000                       NaN                      NaN                      NaN       700000.000000       388908.729653           562500.0           837500.0  231.500000  102.530483     195.25     267.75         1       1         255000.0            275000.0       72.50         0.500000            50.000000
                                    Asian      Female     Hispanic or Latino           8    473750.000000    240323.442766        355000.0        582500.0                73.555875                22.479062                63.15825                93.81400                 45.000000                  3.559026                      NaN                      NaN       743750.000000       441505.136679           380000.0          1112500.0  254.125000  367.601662      90.00     221.00         7       1         227500.0            732500.0      131.00         0.875000            87.500000
                                    Asian      Female Not Hispanic or Latino         216    576342.592593    231365.116144        420000.0        735000.0                71.265579                18.716053                61.08375                80.00000                 43.646341                  4.111549                      NaN                      NaN       851851.851852       405446.978492           605000.0          1037500.0  176.689815  101.756257     119.00     215.00       200      16         315000.0            432500.0       96.00         0.925926            92.592593
                                    Asian        Male     Hispanic or Latino           3    518333.333333    146401.275040        440000.0        585000.0                88.706667                 3.318543                87.44800                90.58700                 48.500000                  0.707107                      NaN                      NaN       615000.000000       103923.048454           555000.0           645000.0  198.333333   50.599736     174.00     224.50         3       0         145000.0             90000.0       50.50         1.000000           100.000000
                                    Asian        Male Not Hispanic or Latino         352    613295.454545    238899.287824        442500.0        745000.0                72.310669                17.499861                63.79200                80.00000                 43.597510                  3.825331                      NaN                      NaN       903579.545455       418593.118413           635000.0          1090000.0  206.167614  133.783738     131.75     240.50       328      24         302500.0            455000.0      108.75         0.931818            93.181818
                Black or African American      Female     Hispanic or Latino           1    405000.000000              NaN        405000.0        405000.0                95.000000                      NaN                95.00000                95.00000                       NaN                       NaN                      NaN                      NaN       425000.000000                 NaN           425000.0           425000.0  189.000000         NaN     189.00     189.00         0       1              0.0                 0.0        0.00         0.000000             0.000000
                Black or African American      Female Not Hispanic or Latino          44    522727.272727    193461.295166        380000.0        662500.0                81.553409                19.663372                74.86700                95.25000                 45.314286                  3.215509                      NaN                      NaN       670000.000000       223705.578935           522500.0           740000.0  152.795455   77.450533     105.75     175.50        36       8         282500.0            217500.0       69.75         0.818182            81.818182
                Black or African American        Male     Hispanic or Latino           4    507500.000000    163171.688721        397500.0        570000.0                90.272000                 9.501892                85.52850                96.25000                 47.333333                  2.081666                      NaN                      NaN       607500.000000       242950.612265           440000.0           717500.0  137.250000   44.048269     115.25     152.00         4       0         172500.0            277500.0       36.75         1.000000           100.000000
                Black or African American        Male Not Hispanic or Latino          28    423928.571429    265362.634978        262500.0        537500.0                86.365821                16.889505                80.00000                95.50000                 44.473684                  3.761921                      NaN                      NaN       557857.142857       334319.177089           365000.0           650000.0  145.642857  102.040375      85.25     163.00        23       5         275000.0            285000.0       77.75         0.821429            82.142857
Native Hawaiian or Other Pacific Islander      Female     Hispanic or Latino           2    275000.000000    127279.220614        230000.0        320000.0                55.515000                34.627019                43.27250                67.75750                 44.500000                  3.535534                    43.25                    45.75       700000.000000       657609.306503           467500.0           932500.0  214.000000  183.847763     149.00     279.00         1       1          90000.0            465000.0      130.00         0.500000            50.000000
Native Hawaiian or Other Pacific Islander      Female Not Hispanic or Latino           3    561666.666667    315647.482698        440000.0        740000.0                72.906667                32.394230                61.86000                91.50000                 41.000000                  1.414214                      NaN                      NaN       738333.333333       153079.500043           680000.0           825000.0  168.000000   44.237993     154.00     193.50         3       0         300000.0            145000.0       39.50         1.000000           100.000000
Native Hawaiian or Other Pacific Islander        Male     Hispanic or Latino           1    385000.000000              NaN        385000.0        385000.0                95.000000                      NaN                95.00000                95.00000                       NaN                       NaN                      NaN                      NaN       405000.000000                 NaN           405000.0           405000.0   92.000000         NaN      92.00      92.00         0       1              0.0                 0.0        0.00         0.000000             0.000000
Native Hawaiian or Other Pacific Islander        Male Not Hispanic or Latino           6    566666.666667    186592.247070        415000.0        712500.0                87.216000                20.015746                91.24250                95.00000                 40.666667                  2.160247                    40.00                    42.00       666666.666667       167739.877986           675000.0           762500.0  159.833333   55.937167     125.50     179.25         5       1         297500.0             87500.0       53.75         0.833333            83.333333
                                    White      Female     Hispanic or Latino         163    425552.147239    183751.212421        290000.0        525000.0                80.724982                18.424807                75.00000                95.00000                 44.508065                  3.906417                      NaN                      NaN       555797.546012       232471.906162           385000.0           685000.0  143.558282  113.356920      78.50     163.00       150      13         235000.0            300000.0       84.50         0.920245            92.024540
                                    White      Female Not Hispanic or Latino         366    430846.994536    215057.096157        285000.0        535000.0                68.171661                22.153501                50.89000                85.00000                 44.049057                  4.215035                      NaN                      NaN       679617.486339       382568.451922           455000.0           825000.0  145.663934   89.912829      94.25     169.75       341      25         250000.0            370000.0       75.50         0.931694            93.169399
                                    White        Male     Hispanic or Latino         272    484522.058824    205128.326927        342500.0        607500.0                82.763982                16.586168                80.00000                95.00000                 44.537313                  3.919165                      NaN                      NaN       615147.058824       271010.097153           425000.0           765000.0  153.786765  139.387427      98.00     176.25       249      23         265000.0            340000.0       78.25         0.915441            91.544118
                                    White        Male Not Hispanic or Latino         494    558704.453441    265439.743261        375000.0        735000.0                74.805093                18.903160                68.02250                89.98750                 43.119122                  4.077656                      NaN                      NaN       805910.931174       480499.001274           515000.0          1005000.0  225.834008  223.547239     120.25     254.00       470      24         360000.0            490000.0      133.75         0.951417            95.141700