                             derived_race derived_sex      derived_ethnicity  total_apps  avg_loan_amount  std_loan_amount  Q1_loan_amount  Q3_loan_amount  avg_loan_to_value_ratio  std_loan_to_value_ratio  Q1_loan_to_value_ratio  Q3_loan_to_value_ratio  avg_debt_to_income_ratio  std_debt_to_income_ratio  Q1_debt_to_income_ratio  Q3_debt_to_income_ratio  avg_property_value  std_property_value  Q1_property_value  Q3_property_value  avg_income  std_income  Q1_income  Q3_income  accepted  denied  iqr_loan_amount  iqr_property_value  iqr_income  acceptance_rate  acceptance_rate_pct
                 2 or more minority races      Female Not Hispanic or Latino           6    470000.000000    205888.319241        385000.0        562500.0                68.413500                26.979130                45.59100                91.55000                 47.333333                  2.081666                      NaN                      NaN        8.683333e+05       395406.963351           587500.0          1165000.0  132.833333   99.882765      55.25     208.00         4       2         177500.0            577500.0      152.75         0.666667            66.666667
                 2 or more minority races        Male Not Hispanic or Latino           5    475000.000000    152807.067899        395000.0        545000.0                84.570200                14.655813                85.00000                95.00000                 46.000000                  4.636809                    46.00                    49.00        5.930000e+05       255479.940504           425000.0           835000.0  118.000000   47.733636      87.00     157.00         5       0         150000.0            410000.0       70.00         1.000000           100.000000
         American Indian or Alaska Native      Female     Hispanic or Latino           4    405000.000000    129357.386080        355000.0        470000.0                78.796250                19.331220                76.38875                90.00000                 43.500000                  3.535534                      NaN                      NaN        5.525000e+05       265125.756325           395000.0           677500.0   95.250000   44.858110      81.25     117.00         3       1         115000.0            282500.0       35.75         0.750000            75.000000
         American Indian or Alaska Native      Female Not Hispanic or Latino           2    525000.000000     56568.542495        505000.0        545000.0                91.500000                 2.121320                90.75000                92.25000                 46.000000                       NaN                      NaN                      NaN        5.800000e+05        63639.610307           557500.0           602500.0  135.500000   14.849242     130.25     140.75         2       0          40000.0             45000.0       10.50         1.000000           100.000000
         American Indian or Alaska Native        Male     Hispanic or Latino           9    376111.111111    129754.040828        305000.0        455000.0                75.713778                19.836235                80.00000                86.39000                 47.000000                  3.366502                      NaN                      NaN        5.038889e+05       159565.381932           435000.0           595000.0  130.222222   67.438449      84.00     128.00         9       0         150000.0            160000.0       44.00         1.000000           100.000000
         American Indian or Alaska Native        Male Not Hispanic or Latino           6    460000.000000    207629.477676        417500.0        560000.0                72.896667                27.581734                69.78500                90.00000                 43.750000                  4.991660                      NaN                      NaN        6.483333e+05       147467.510546           597500.0           670000.0  201.333333  170.948725     102.00     184.50         6       0         142500.0             72500.0       82.50         1.000000           100.000000
                                    Asian      Female     Hispanic or Latino           3    538333.333333     15275.252317        530000.0        545000.0                79.153333                 7.193784                75.00000                81.23000                 48.000000                  1.732051                    47.50                    49.00        6.816667e+05        41633.319989           665000.0           705000.0  152.000000   44.305756     128.50     172.50         3       0          15000.0             40000.0       44.00         1.000000           100.000000
                                    Asian      Female Not Hispanic or Latino         214    554392.523364    215332.704995        395000.0        685000.0                71.648269                18.835831                59.20350                80.15000                 43.797546                  4.012572                      NaN                      NaN        8.227103e+05       356993.036829           575000.0           995000.0  171.836449  109.523236     111.25     202.00       197      17         290000.0            420000.0       90.75         0.920561            92.056075
                                    Asian        Male     Hispanic or Latino          13    478076.923077    126976.678658        415000.0        575000.0                75.655538                16.230613                70.00000                89.90000                 43.727273                  3.466725                      NaN                      NaN        6.542308e+05       212934.322365           525000.0           735000.0  152.692308   61.651419     125.00     160.00        13       0         160000.0            210000.0       35.00         1.000000           100.000000
                                    Asian        Male Not Hispanic or Latino         371    643706.199461    224117.361724        495000.0        770000.0                73.970507                16.699468                64.43850                84.98100                 43.019305                  4.017840                      NaN                      NaN        9.138679e+05       375436.770969           675000.0          1115000.0  204.280323  106.253939     140.50     241.00       351      20         275000.0            440000.0      100.50         0.946092            94.609164
                Black or African American      Female     Hispanic or Latino           2    760000.000000    205060.966544        687500.0        832500.0                75.000000                 0.000000                75.00000                75.00000                 40.500000                  2.121320                    39.75                    41.25        1.015000e+06       268700.576851           920000.0          1110000.0  225.000000    7.071068     222.50     227.50         2       0         145000.0            190000.0        5.00         1.000000           100.000000
                Black or African American      Female Not Hispanic or Latino          45    499000.000000    244097.595981        315000.0        625000.0                84.014222                13.586318                79.94000                95.00000                 44.264706                  3.711643                      NaN                      NaN        6.518889e+05       330397.984683           415000.0           795000.0  147.911111   78.996784      94.00     191.00        41       4         310000.0            380000.0       97.00         0.911111            91.111111
                Black or African American        Male     Hispanic or Latino           4    325000.000000    114600.756251        267500.0        357500.0                76.925000                29.520082                65.22250                97.70250                 46.000000                  2.943920                    43.75                    48.25        4.925000e+05       267004.993711           297500.0           680000.0   80.750000   23.977420      62.75      92.00         4       0          90000.0            382500.0       29.25         1.000000           100.000000
                Black or African American        Male Not Hispanic or Latino          37    529864.864865    273877.726384        365000.0        715000.0                81.638595                20.859106                80.00000                95.00000                 46.129032                  2.765766                      NaN                      NaN        6.520270e+05       289077.698752           525000.0           775000.0  164.513514  110.407735      93.00     190.00        34       3         350000.0            250000.0       97.00         0.918919            91.891892
Native Hawaiian or Other Pacific Islander      Female     Hispanic or Latino           1    645000.000000              NaN        645000.0        645000.0                90.000000                      NaN                90.00000                90.00000                 46.000000                       NaN                    46.00                    46.00        7.150000e+05                 NaN           715000.0           715000.0  161.000000         NaN     161.00     161.00         1       0              0.0                 0.0        0.00         1.000000           100.000000
Native Hawaiian or Other Pacific Islander      Female Not Hispanic or Latino           3    458333.333333    237135.685491        350000.0        585000.0                69.573333                29.356194                60.36000                86.50000                 40.000000                       NaN                      NaN                      NaN        6.450000e+05       130000.000000           570000.0           685000.0  198.666667   83.032122     156.50     239.50         3       0         235000.0            115000.0       83.00         1.000000           100.000000
Native Hawaiian or Other Pacific Islander        Male     Hispanic or Latino           4    465000.000000    132413.493774        387500.0        552500.0                86.818250                 8.414321                80.00000                91.81825                 47.333333                  1.527525                      NaN                      NaN        5.450000e+05       172626.765016           472500.0           607500.0  129.000000   12.543258     122.00     139.00         4       0         165000.0            135000.0       17.00         1.000000           100.000000
Native Hawaiian or Other Pacific Islander        Male Not Hispanic or Latino           6    518333.333333    245248.173626        337500.0        560000.0                84.296333                 8.946070                80.00000                91.96175                 45.000000                  1.825742                      NaN                      NaN        6.116667e+05       257888.864953           410000.0           697500.0  175.000000   91.629690     130.25     193.25         5       1         222500.0            287500.0       63.00         0.833333            83.333333
                                    White      Female     Hispanic or Latino         177    406807.909605    181111.176757        285000.0        495000.0                81.818373                23.568573                72.80000                95.00000                 44.948148                  3.535151                      NaN                      NaN        5.429096e+05       278481.337649           375000.0           655000.0  134.039548  149.031699      79.00     155.00       156      21         210000.0            280000.0       76.00         0.881356            88.135593
                                    White      Female Not Hispanic or Latino         376    485159.574468    239735.356455        315000.0        615000.0                73.458604                20.213091                64.35575                89.63000                 43.651341                  4.093744                      NaN                      NaN        7.119415e+05       389637.721352           455000.0           865000.0  162.039894  121.623292     100.00     186.75       351      25         300000.0            410000.0       86.75         0.933511            93.351064
                                    White        Male     Hispanic or Latino         257    461264.591440    195008.152952        335000.0        585000.0                82.830331                15.319913                75.00000                95.00000                 44.201087                  3.972281                      NaN                      NaN        5.857004e+05       350873.207212           395000.0           705000.0  155.914397   97.910955      91.00     178.00       229      28         250000.0            310000.0       87.00         0.891051            89.105058
                                    White        Male Not Hispanic or Latino         455    541857.142857    253311.137557        345000.0        725000.0                72.546690                20.520434                60.16000                88.73500                 43.705882                  3.885884                      NaN                      NaN        8.052198e+05       490093.441648           515000.0           975000.0  216.551648  314.919200     112.50     238.00       425      30         380000.0            460000.0      125.50         0.934066            93.406593