                             derived_race derived_sex      derived_ethnicity  total_apps  avg_loan_amount  std_loan_amount  Q1_loan_amount  Q3_loan_amount  avg_loan_to_value_ratio  std_loan_to_value_ratio  Q1_loan_to_value_ratio  Q3_loan_to_value_ratio  avg_debt_to_income_ratio  std_debt_to_income_ratio  Q1_debt_to_income_ratio  Q3_debt_to_income_ratio  avg_property_value  std_property_value  Q1_property_value  Q3_property_value  avg_income  std_income  Q1_income  Q3_income  accepted  denied  iqr_loan_amount  iqr_property_value  iqr_income  acceptance_rate  acceptance_rate_pct
                 2 or more minority races      Female     Hispanic or Latino           1    515000.000000              NaN        515000.0        515000.0                97.000000                      NaN                97.00000                97.00000                 48.000000                       NaN                    48.00                    48.00        5.350000e+05                 NaN           535000.0           535000.0  122.000000         NaN     122.00     122.00         1       0              0.0                 0.0        0.00         1.000000           100.000000
                 2 or more minority races      Female Not Hispanic or Latino           2    375000.000000    127279.220614        330000.0        420000.0                85.000000                 7.071068                82.50000                87.50000                 49.000000                  0.000000                    49.00                    49.00        4.450000e+05       183847.763109           380000.0           510000.0   86.500000    0.707107      86.25      86.75         2       0          90000.0            130000.0        0.50         1.000000           100.000000
                 2 or more minority races        Male     Hispanic or Latino           2    680000.000000    106066.017178        642500.0        717500.0                71.784500                31.540498                60.63325                82.93575                 46.000000                  2.828427                    45.00                    47.00        1.010000e+06       289913.780286           907500.0          1112500.0  187.000000   15.556349     181.50     192.50         2       0          75000.0            205000.0       11.00         1.000000           100.000000
                 2 or more minority races        Male Not Hispanic or Latino           2    645000.000000    367695.526217        515000.0        775000.0                71.903500                 7.401287                69.28675                74.52025                 47.500000                  2.121320                    46.75                    48.25        9.300000e+05       601040.764009           717500.0          1142500.0  138.500000   86.974134     107.75     169.25         2       0         260000.0            425000.0       61.50         1.000000           100.000000
         American Indian or Alaska Native      Female     Hispanic or Latino           9    345000.000000    327184.962980        165000.0        345000.0               119.720444               128.361705                80.00000                97.00000                 46.833333                  3.060501                      NaN                      NaN        4.950000e+05       419225.476325           305000.0           595000.0  325.000000  622.864151      93.00     110.00         8       1         180000.0            290000.0       17.00         0.888889            88.888889
         American Indian or Alaska Native      Female Not Hispanic or Latino           3    535000.000000    204205.778567        420000.0        615000.0                85.162000                12.930747                80.24300                92.48500                 36.000000                       NaN                      NaN                      NaN        7.616667e+05       423359.579239           530000.0           945000.0  303.666667  259.075922     155.50     395.50         3       0         195000.0            415000.0      240.00         1.000000           100.000000
         American Indian or Alaska Native        Male     Hispanic or Latino           7    482142.857143     90316.902389        410000.0        550000.0                91.851714                31.715598                80.00000                95.00000                 42.250000                  4.991660                      NaN                      NaN        5.692857e+05       159567.868827           525000.0           660000.0  187.142857  150.600386     108.50     173.50         6       1         140000.0            135000.0       65.00         0.857143            85.714286
         American Indian or Alaska Native        Male Not Hispanic or Latino           5    545000.000000    278926.513620        465000.0        665000.0                66.577400                17.131393                65.47600                75.00000                 49.000000                       NaN                      NaN                      NaN        8.530000e+05       445331.337321           615000.0          1235000.0  210.400000  120.504357     156.00     264.00         5       0         200000.0            620000.0      108.00         1.000000           100.000000
                                    Asian      Female     Hispanic or Latino           7    416428.571429    165169.465643        340000.0        480000.0                66.014000                22.818715                51.09600                80.00000                 44.500000                  4.949747                      NaN                      NaN        7.050000e+05       311126.983722           560000.0           895000.0  113.142857   42.073066      89.50     128.50         5       2         140000.0            335000.0       39.00         0.714286            71.428571
                                    Asian      Female Not Hispanic or Latino         229    563034.934498    219249.274544        415000.0        665000.0                72.700681                18.629798                63.63600                85.00000                 44.292683                  3.986135                      NaN                      NaN        8.301528e+05       394729.085702           575000.0           975000.0  178.021834  105.636560     123.00     210.00       214      15         250000.0            400000.0       87.00         0.934498            93.449782
                                    Asian        Male     Hispanic or Latino          12    490000.000000    182383.212944        357500.0        640000.0                82.242500                14.235551                74.35725                92.58575                 43.000000                  4.301163                      NaN                      NaN        6.075000e+05       246101.420335           400000.0           762500.0  309.166667  661.304748      96.25     179.75        10       2         282500.0            362500.0       83.50         0.833333            83.333333
                                    Asian        Male Not Hispanic or Latino         372    630188.172043    251307.560774        455000.0        765000.0                72.297040                17.467989                63.99650                80.00000                 43.533074                  4.070650                      NaN                      NaN        9.239785e+05       431445.298223           635000.0          1167500.0  216.244624  280.012652     135.75     243.00       349      23         310000.0            532500.0      107.25         0.938172            93.817204
                Black or African American      Female     Hispanic or Latino           1     25000.000000              NaN         25000.0         25000.0               100.000000                      NaN               100.00000               100.00000                 37.000000                       NaN                    37.00                    37.00        6.450000e+05                 NaN           645000.0           645000.0  164.000000         NaN     164.00     164.00         1       0              0.0                 0.0        0.00         1.000000           100.000000
                Black or African American      Female Not Hispanic or Latino          47    471808.510638    158732.840675        350000.0        560000.0                83.882894                17.527733                73.89900                95.00000                 44.025000                  3.482465                      NaN                      NaN        6.020213e+05       201967.656619           460000.0           700000.0  160.659574   82.663613     109.00     202.50        44       3         210000.0            240000.0       93.50         0.936170            93.617021
                Black or African American        Male Not Hispanic or Latino          28    525357.142857    201705.361629        405000.0        647500.0                88.812107                 8.742011                82.29500                95.00000                 45.000000                  3.741657                      NaN                      NaN        6.610714e+05       404203.279310           462500.0           730000.0  225.178571  322.288007     104.00     209.50        26       2         242500.0            267500.0      105.50         0.928571            92.857143
Native Hawaiian or Other Pacific Islander      Female     Hispanic or Latino           1    445000.000000              NaN        445000.0        445000.0               100.000000                      NaN               100.00000               100.00000                 48.000000                       NaN                    48.00                    48.00        4.550000e+05                 NaN           455000.0           455000.0   87.000000         NaN      87.00      87.00         1       0              0.0                 0.0        0.00         1.000000           100.000000
Native Hawaiian or Other Pacific Islander      Female Not Hispanic or Latino           2    345000.000000     28284.271247        335000.0        355000.0                79.362500                22.114765                71.54375                87.18125                 48.000000                       NaN                      NaN                      NaN        4.500000e+05        91923.881554           417500.0           482500.0  125.000000   52.325902     106.50     143.50         2       0          20000.0             65000.0       37.00         1.000000           100.000000
Native Hawaiian or Other Pacific Islander        Male Not Hispanic or Latino           3    521666.666667    135769.412363        480000.0        600000.0                74.783333                13.597457                69.67500                82.50000                 45.500000                  2.121320                      NaN                      NaN        6.883333e+05        70237.691686           655000.0           725000.0  231.666667  147.639200     149.00     291.00         3       0         120000.0             70000.0      142.00         1.000000           100.000000
                                    White      Female     Hispanic or Latino         174    399770.114943    186704.625994        275000.0        495000.0                81.271236                17.662613                76.65500                95.00000                 44.248175                  4.252648                      NaN                      NaN        5.239080e+05       225986.501831           377500.0           625000.0  154.362069  343.653544      84.00     148.00       161      13         220000.0            247500.0       64.00         0.925287            92.528736
                                    White      Female Not Hispanic or Latino         367    463937.329700    241547.184852        295000.0        600000.0                70.856734                21.690071                58.87450                85.00000                 43.620155                  4.136191                      NaN                      NaN        6.964169e+05       374548.410112           450000.0           870000.0  174.768392  192.098743      91.00     198.00       350      17         305000.0            420000.0      107.00         0.953678            95.367847
                                    White        Male     Hispanic or Latino         258    456937.984496    203539.028731        325000.0        582500.0                84.280473                14.074052                80.00000                95.00000                 44.165775                  4.246353                      NaN                      NaN        5.598837e+05       247950.717706           405000.0           685000.0  159.868217  219.251304      93.25     167.00       238      20         257500.0            280000.0       73.75         0.922481            92.248062
                                    White        Male Not Hispanic or Latino         468    559337.606838    250951.485531        355000.0        735000.0                72.836438                19.007946                62.52800                85.00000                 43.981763                  3.980858                      NaN                      NaN        8.252991e+05       452570.479373           505000.0          1005000.0  220.442308  286.484336     115.75     232.50       439      29         380000.0            500000.0      116.75         0.938034            93.803419