                             derived_race derived_sex      derived_ethnicity  total_apps  avg_loan_amount  std_loan_amount  Q1_loan_amount  Q3_loan_amount  avg_loan_to_value_ratio  std_loan_to_value_ratio  Q1_loan_to_value_ratio  Q3_loan_to_value_ratio  avg_debt_to_income_ratio  std_debt_to_income_ratio  Q1_debt_to_income_ratio  Q3_debt_to_income_ratio  avg_property_value  std_property_value  Q1_property_value  Q3_property_value  avg_income  std_income  Q1_income  Q3_income  accepted  denied  iqr_loan_amount  iqr_property_value  iqr_income  acceptance_rate  acceptance_rate_pct
                 2 or more minority races      Female     Hispanic or Latino           2    200000.000000    148492.424049        147500.0        252500.0                69.780000                14.453263                64.67000                 74.8900                 43.500000                  3.535534                    42.25                    44.75       275000.000000       155563.491861           220000.0           330000.0   71.500000   20.506097      64.25      78.75         1       1         105000.0            110000.0       14.50         0.500000            50.000000
                 2 or more minority races      Female Not Hispanic or Latino           4    415000.000000    195789.002075        252500.0        552500.0                82.500000                 5.000000                80.00000                 82.5000                 43.250000                  2.872281                    42.75                    45.00       500000.000000       235584.379788           312500.0           637500.0  109.750000   60.505509      60.25     161.50         4       0         300000.0            325000.0      101.25         1.000000           100.000000
                 2 or more minority races        Male Not Hispanic or Latino           4    415000.000000    159164.485151        375000.0        485000.0                93.497500                 4.044341                89.99750                 97.0000                 42.250000                  4.787136                    39.25                    45.00       447500.000000       180069.431054           385000.0           537500.0  137.250000   76.930163      93.50     166.25         3       1         110000.0            152500.0       72.75         0.750000            75.000000
         American Indian or Alaska Native      Female     Hispanic or Latino          10    509000.000000    271915.019405        317500.0        630000.0                81.974600                15.626241                79.37525                 95.0000                 45.125000                  2.642374                      NaN                      NaN       631000.000000       334504.608837           422500.0           737500.0  170.900000   73.045572     108.50     212.25        10       0         312500.0            315000.0      103.75         1.000000           100.000000
         American Indian or Alaska Native      Female Not Hispanic or Latino           3    321666.666667    291433.239925        185000.0        475000.0                86.713333                20.244667                79.32000                 98.2500                 41.500000                  6.363961                      NaN                      NaN       501666.666667       156950.098227           440000.0           590000.0  124.666667   49.863146      97.50     146.50         3       0         290000.0            150000.0       49.00         1.000000           100.000000
         American Indian or Alaska Native        Male     Hispanic or Latino           7    449285.714286    207593.925959        305000.0        590000.0                67.176143                18.450471                52.80200                 79.9965                 43.333333                  4.932883                      NaN                      NaN       680714.285714       287335.874478           445000.0           860000.0  180.285714  137.303453     114.00     164.50         7       0         285000.0            415000.0       50.50         1.000000           100.000000
         American Indian or Alaska Native        Male Not Hispanic or Latino           8    402500.000000    187977.962234        297500.0        562500.0                80.140125                 7.462403                75.84825                 81.2500                 43.750000                  4.573474                      NaN                      NaN       506250.000000       245847.658985           385000.0           642500.0  176.000000  160.506342      80.25     199.75         8       0         265000.0            257500.0      119.50         1.000000           100.000000
                                    Asian      Female     Hispanic or Latino           5    605000.000000    270277.635035        425000.0        785000.0                79.869400                10.838947                80.00000                 80.0000                 44.666667                  4.041452                      NaN                      NaN       771000.000000       353029.743789           455000.0           975000.0  227.800000  173.316762     123.00     217.00         5       0         360000.0            520000.0       94.00         1.000000           100.000000
                                    Asian      Female Not Hispanic or Latino         224    558928.571429    221713.090337        402500.0        697500.0                72.168580                19.112228                62.21375                 80.0000                 43.787709                  4.022362                      NaN                      NaN       828928.571429       423458.655058           562500.0           980000.0  164.098214   85.419404     115.00     190.25       204      20         295000.0            417500.0       75.25         0.910714            91.071429
                                    Asian        Male     Hispanic or Latino           7    563571.428571    199200.784087        435000.0        630000.0                81.426714                 4.342698                79.76500                 81.9540                 42.833333                  5.492419                      NaN                      NaN       696428.571429       254521.025420           535000.0           805000.0  289.428571  391.763899     108.50     221.50         7       0         195000.0            270000.0      113.00         1.000000           100.000000
                                    Asian        Male Not Hispanic or Latino         380    645368.421053    241528.490380        455000.0        785000.0                74.629832                16.130621                67.65600                 85.0000                 43.580882                  4.131698                      NaN                      NaN       911315.789474       408932.073713           635000.0          1107500.0  216.228947  173.544464     136.00     256.25       354      26         330000.0            472500.0      120.25         0.931579            93.157895
                Black or African American      Female     Hispanic or Latino           3    481666.666667    145028.732785        410000.0        555000.0                74.096667                27.995500                63.64500                 90.0000                 49.000000                       NaN                      NaN                      NaN       678333.333333       143643.076176           625000.0           760000.0  151.666667   92.500450     100.50     190.50         3       0         145000.0            135000.0       90.00         1.000000           100.000000
                Black or African American      Female Not Hispanic or Latino          50    474400.000000    237025.874761        275000.0        635000.0                80.920540                23.239809                74.58300                 97.0000                 45.078947                  3.693541                      NaN                      NaN       632400.000000       271584.992522           445000.0           810000.0  155.120000   92.898813      88.25     183.25        45       5         360000.0            365000.0       95.00         0.900000            90.000000
                Black or African American        Male     Hispanic or Latino           3    378333.333333     80208.062770        340000.0        420000.0                85.666667                 7.371115                81.50000                 88.5000                 45.000000                  4.000000                    43.00                    47.00       451666.666667       123423.390544           400000.0           520000.0   97.000000   23.579652      84.00     107.00         3       0          80000.0            120000.0       23.00         1.000000           100.000000
                Black or African American        Male Not Hispanic or Latino          28    525000.000000    208717.423717        370000.0        640000.0                85.743857                12.024537                79.50000                 95.5000                 44.500000                  3.720498                      NaN                      NaN       639285.714286       312177.876306           475000.0           735000.0  191.892857  164.665169     112.25     186.50        26       2         270000.0            260000.0       74.25         0.928571            92.857143
Native Hawaiian or Other Pacific Islander      Female Not Hispanic or Latino           1    355000.000000              NaN        355000.0        355000.0                52.000000                      NaN                52.00000                 52.0000                 42.000000                       NaN                    42.00                    42.00       675000.000000                 NaN           675000.0           675000.0  106.000000         NaN     106.00     106.00         1       0              0.0                 0.0        0.00         1.000000           100.000000
Native Hawaiian or Other Pacific Islander        Male     Hispanic or Latino           4    565000.000000    229637.395329        447500.0        667500.0                86.997500                 9.631201                85.74750                 91.2500                 41.666667                  5.507571                      NaN                      NaN       657500.000000       256563.832213           502500.0           845000.0  155.000000   75.723180     114.75     177.75         2       2         220000.0            342500.0       63.00         0.500000            50.000000
Native Hawaiian or Other Pacific Islander        Male Not Hispanic or Latino           3    485000.000000    270554.985169        345000.0        615000.0                80.203000                13.683992                72.30450                 84.3045                 41.500000                  6.363961                      NaN                      NaN       648333.333333       420158.700176           435000.0           855000.0  162.000000   96.576395     120.50     215.00         2       1         270000.0            420000.0       94.50         0.666667            66.666667
                                    White      Female     Hispanic or Latino         182    438516.483516    206032.629644        305000.0        572500.0                78.933698                19.968695                75.00000                 95.0000                 44.071942                  4.002970                      NaN                      NaN       576868.131868       285354.919405           395000.0           705000.0  128.373626   88.975464      78.00     154.25       161      21         267500.0            310000.0       76.25         0.884615            88.461538
                                    White      Female Not Hispanic or Latino         351    499729.344729    249237.404254        320000.0        645000.0                72.347385                20.475882                62.06050                 87.5730                 43.518219                  3.976388                      NaN                      NaN       725313.390313       352180.414508           475000.0           915000.0  174.336182  140.689225     100.50     212.00       320      31         325000.0            440000.0      111.50         0.911681            91.168091
                                    White        Male     Hispanic or Latino         276    467536.231884    212589.443317        305000.0        595000.0                82.421098                15.970920                80.00000                 95.0000                 44.361386                  3.992916                      NaN                      NaN       591304.347826       289125.518101           402500.0           717500.0  175.905797  243.107799      88.75     197.00       256      20         290000.0            315000.0      108.25         0.927536            92.753623
                                    White        Male Not Hispanic or Latino         445    555494.382022    246315.603764        375000.0        725000.0                74.989417                18.708734                68.00000                 90.0000                 43.696864                  3.859702                      NaN                      NaN       800393.258427       438084.117606           505000.0           995000.0  207.386517  154.751541     119.00     250.00       419      26         350000.0            490000.0      131.00         0.941573            94.157303