                             derived_race derived_sex      derived_ethnicity  total_apps  avg_loan_amount  std_loan_amount  Q1_loan_amount  Q3_loan_amount  avg_loan_to_value_ratio  std_loan_to_value_ratio  Q1_loan_to_value_ratio  Q3_loan_to_value_ratio  avg_debt_to_income_ratio  std_debt_to_income_ratio  Q1_debt_to_income_ratio  Q3_debt_to_income_ratio  avg_property_value  std_property_value  Q1_property_value  Q3_property_value  avg_income  std_income  Q1_income  Q3_income  accepted  denied  iqr_loan_amount  iqr_property_value  iqr_income  acceptance_rate  acceptance_rate_pct
                 2 or more minority races      Female Not Hispanic or Latino           3    568333.333333    118462.370959        500000.0        605000.0                60.113333                10.421959                54.45500                64.71500                 46.000000                       NaN                      NaN                      NaN       978333.333333       351615.320106           780000.0          1115000.0  169.666667    2.886751     168.00     170.50         3       0         105000.0            335000.0        2.50         1.000000           100.000000
                 2 or more minority races        Male     Hispanic or Latino           1    105000.000000              NaN        105000.0        105000.0                95.000000                      NaN                95.00000                95.00000                 38.000000                       NaN                    38.00                    38.00       105000.000000                 NaN           105000.0           105000.0   31.000000         NaN      31.00      31.00         1       0              0.0                 0.0        0.00         1.000000           100.000000
                 2 or more minority races        Male Not Hispanic or Latino           9    590555.555556    282228.237031        415000.0        885000.0                87.393333                12.697196                80.00000                95.00000                 43.333333                  5.074446                    38.00                    48.00       710555.555556       364146.643233           435000.0          1105000.0  147.222222   53.693058     108.00     185.00         9       0         470000.0            670000.0       77.00         1.000000           100.000000
         American Indian or Alaska Native      Female     Hispanic or Latino           4    545000.000000    280356.915378        375000.0        630000.0                78.270250                 4.616773                75.26725                81.52250                 48.000000                       NaN                      NaN                      NaN       707500.000000       402937.133227           472500.0           800000.0  133.750000   57.511593      99.75     165.50         2       2         255000.0            327500.0       65.75         0.500000            50.000000
         American Indian or Alaska Native      Female Not Hispanic or Latino           6    383333.333333    283366.664706        180000.0        562500.0                79.693000                18.311175                74.23250                93.45150                 45.500000                  0.707107                      NaN                      NaN       498333.333333       371034.589583           235000.0           675000.0  119.166667   44.196908      88.75     151.00         5       1         382500.0            440000.0       62.25         0.833333            83.333333
         American Indian or Alaska Native        Male     Hispanic or Latino          10    307000.000000    169692.532410        197500.0        337500.0                74.246400                21.324313                52.84500                92.31975                 46.800000                  2.280351                      NaN                      NaN       411000.000000       163720.629257           282500.0           500000.0  111.600000   38.787741      83.00     141.50         7       3         140000.0            217500.0       58.50         0.700000            70.000000
         American Indian or Alaska Native        Male Not Hispanic or Latino           1    765000.000000              NaN        765000.0        765000.0                79.762000                      NaN                79.76200                79.76200                 39.000000                       NaN                    39.00                    39.00       965000.000000                 NaN           965000.0           965000.0  204.000000         NaN     204.00     204.00         1       0              0.0                 0.0        0.00         1.000000           100.000000
                                    Asian      Female     Hispanic or Latino           4    455000.000000    189912.260443        392500.0        537500.0                76.209250                30.117522                70.20925                95.00000                 45.250000                  2.061553                    43.75                    47.00       607500.000000       145688.022843           512500.0           670000.0  112.000000   35.562152     101.75     130.75         4       0         145000.0            157500.0       29.00         1.000000           100.000000
                                    Asian      Female Not Hispanic or Latino         226    556902.654867    239364.732002        387500.0        705000.0                71.891402                18.390436                59.92500                82.62500                 43.779070                  3.992394                      NaN                      NaN       810884.955752       355453.219356           547500.0           992500.0  177.030973  111.079887     110.50     209.50       216      10         317500.0            445000.0       99.00         0.955752            95.575221
                                    Asian        Male     Hispanic or Latino          10    601000.000000    192018.517626        537500.0        680000.0                76.777800                17.941882                76.13625                89.97500                 43.000000                  3.807887                      NaN                      NaN       815000.000000       324174.164438           667500.0           870000.0  183.800000   66.747950     144.50     204.25         8       2         142500.0            202500.0       59.75         0.800000            80.000000
                                    Asian        Male Not Hispanic or Latino         386    628212.435233    238695.679645        455000.0        765000.0                73.237694                18.178812                65.00000                84.86650                 43.812734                  4.036784                      NaN                      NaN       904896.373057       386145.103791           635000.0          1105000.0  200.948187  107.755266     128.00     240.00       355      31         310000.0            470000.0      112.00         0.919689            91.968912
                Black or African American      Female     Hispanic or Latino           2    435000.000000     98994.949366        400000.0        470000.0                80.000000                14.142136                75.00000                85.00000                 47.000000                  2.828427                    46.00                    48.00       560000.000000       219203.102168           482500.0           637500.0  119.000000   18.384776     112.50     125.50         2       0          70000.0            155000.0       13.00         1.000000           100.000000
                Black or African American      Female Not Hispanic or Latino          44    509545.454545    183169.187841        402500.0        635000.0                88.335727                10.687662                80.00000                95.25000                 44.194444                  3.740278                      NaN                      NaN       606363.636364       239268.175991           462500.0           737500.0  133.931818   50.412899      96.25     164.25        39       5         232500.0            275000.0       68.00         0.886364            88.636364
                Black or African American        Male     Hispanic or Latino           4    525000.000000    226421.435970        342500.0        712500.0                76.986250                16.571982                72.27375                83.75000                 44.666667                  5.859465                      NaN                      NaN       675000.000000       232091.935807           585000.0           785000.0  185.500000   69.303680     156.25     231.25         3       1         370000.0            200000.0       75.00         0.750000            75.000000
                Black or African American        Male Not Hispanic or Latino          33    461363.636364    167906.562219        305000.0        555000.0                86.567242                18.212884                79.48000                96.99000                 44.095238                  4.559657                      NaN                      NaN       628636.363636       380647.623973           425000.0           685000.0  155.181818   88.194903     100.00     201.00        29       4         250000.0            260000.0      101.00         0.878788            87.878788
Native Hawaiian or Other Pacific Islander      Female Not Hispanic or Latino           4    375000.000000    254689.353265        200000.0        465000.0                63.544250                24.178426                56.24425                80.00000                 42.500000                  9.192388                      NaN                      NaN       607500.000000       287677.481450           490000.0           752500.0  155.750000   33.944808     143.25     180.00         4       0         265000.0            262500.0       36.75         1.000000           100.000000
Native Hawaiian or Other Pacific Islander        Male     Hispanic or Latino           2    380000.000000      7071.067812        377500.0        382500.0                87.080500                11.199864                83.12075                91.04025                 36.000000                       NaN                      NaN                      NaN       440000.000000        49497.474683           422500.0           457500.0   93.500000    2.121320      92.75      94.25         1       1           5000.0             35000.0        1.50         0.500000            50.000000
Native Hawaiian or Other Pacific Islander        Male Not Hispanic or Latino           4    592500.000000    175000.000000        500000.0        727500.0                82.254000                17.029447                74.75400                95.00000                 42.500000                  1.290994                    41.75                    43.25       727500.000000       194143.417778           687500.0           810000.0  149.500000   28.454642     128.75     163.75         4       0         227500.0            122500.0       35.00         1.000000           100.000000
                                    White      Female     Hispanic or Latino         165    444696.969697    196795.747285        315000.0        595000.0                82.420732                18.276087                79.99400                95.00000                 44.900763                  3.964952                      NaN                      NaN       564030.303030       244568.371014           415000.0           705000.0  138.866667  146.751804      85.00     154.00       149      16         280000.0            290000.0       69.00         0.903030            90.303030
                                    White      Female Not Hispanic or Latino         346    476531.791908    244568.168087        305000.0        612500.0                72.727097                20.310166                60.00000                89.97850                 43.717949                  4.169882                      NaN                      NaN       686560.693642       363615.329572           445000.0           845000.0  163.832370  127.779138      97.00     202.25       329      17         307500.0            400000.0      105.25         0.950867            95.086705
                                    White        Male     Hispanic or Latino         275    464818.181818    201730.568571        315000.0        580000.0                83.920179                14.096665                80.00000                95.00000                 43.995169                  4.044051                      NaN                      NaN       569472.727273       241180.177260           410000.0           685000.0  157.560000  132.560491      94.00     174.00       249      26         265000.0            275000.0       80.00         0.905455            90.545455
                                    White        Male Not Hispanic or Latino         461    562483.731020    253097.683187        355000.0        735000.0                75.831898                17.434504                70.00000                87.60500                 43.873786                  3.975606                      NaN                      NaN       792613.882863       434538.173815           495000.0           995000.0  210.824295  144.895995     120.00     250.00       425      36         380000.0            500000.0      130.00         0.921909            92.190889