                             derived_race derived_sex      derived_ethnicity  total_apps  avg_loan_amount  std_loan_amount  Q1_loan_amount  Q3_loan_amount  avg_loan_to_value_ratio  std_loan_to_value_ratio  Q1_loan_to_value_ratio  Q3_loan_to_value_ratio  avg_debt_to_income_ratio  std_debt_to_income_ratio  Q1_debt_to_income_ratio  Q3_debt_to_income_ratio  avg_property_value  std_property_value  Q1_property_value  Q3_property_value  avg_income  std_income  Q1_income  Q3_income  accepted  denied  iqr_loan_amount  iqr_property_value  iqr_income  acceptance_rate  acceptance_rate_pct
                 2 or more minority races      Female     Hispanic or Latino           2    565000.000000     70710.678119        540000.0        590000.0                88.500000                12.020815                84.25000                92.75000                 48.000000                       NaN                      NaN                      NaN       650000.000000       162634.559673           592500.0           707500.0  124.000000    2.828427     123.00     125.00         2       0          50000.0            115000.0        2.00         1.000000           100.000000
                 2 or more minority races      Female Not Hispanic or Latino           3    451666.666667     83864.970836        425000.0        500000.0                63.086333                 7.283467                58.91450                65.62950                       NaN                       NaN                      NaN                      NaN       715000.000000       135277.492585           645000.0           780000.0  112.000000   96.994845      84.00     168.00         2       1          75000.0            135000.0       84.00         0.666667            66.666667
                 2 or more minority races        Male     Hispanic or Latino           1    435000.000000              NaN        435000.0        435000.0                87.001000                      NaN                87.00100                87.00100                 44.000000                       NaN                    44.00                    44.00       495000.000000                 NaN           495000.0           495000.0  259.000000         NaN     259.00     259.00         1       0              0.0                 0.0        0.00         1.000000           100.000000
                 2 or more minority races        Male Not Hispanic or Latino           4    447500.000000    148632.656797        372500.0        490000.0                87.500000                 8.660254                80.00000                95.00000                 42.333333                  6.506407                      NaN                      NaN       522500.000000       197716.126471           415000.0           552500.0  330.000000  437.021739     112.50     341.50         4       0         117500.0            137500.0      229.00         1.000000           100.000000
         American Indian or Alaska Native      Female     Hispanic or Latino           6    488333.333333    154099.534933        355000.0        615000.0                86.166667                10.870449                81.25000                94.50000                 47.000000                  2.449490                    45.75                    48.75       581666.666667       222680.638284           415000.0           662500.0  137.833333   52.965712      94.75     182.75         6       0         260000.0            247500.0       88.00         1.000000           100.000000
         American Indian or Alaska Native      Female Not Hispanic or Latino           2    395000.000000    212132.034356        320000.0        470000.0                79.633500                21.731513                71.95025                87.31675                 48.000000                  1.414214                    47.50                    48.50       475000.000000       141421.356237           425000.0           525000.0  145.500000  118.086832     103.75     187.25         1       1         150000.0            100000.0       83.50         0.500000            50.000000
         American Indian or Alaska Native        Male     Hispanic or Latino          11    405909.090909    132321.921499        310000.0        430000.0                81.095909                15.427924                75.00000                92.50000                 44.125000                  4.257347                      NaN                      NaN       514090.909091       175183.021178           410000.0           530000.0  143.363636   35.908976     118.00     168.50        10       1         120000.0            120000.0       50.50         0.909091            90.909091
         American Indian or Alaska Native        Male Not Hispanic or Latino           6    376666.666667    245553.795871        162500.0        512500.0                82.987167                17.484539                81.14825                93.75000                 46.750000                  2.629956                      NaN                      NaN       468333.333333       320915.357480           255000.0           542500.0  119.666667   52.144671      81.75     151.00         5       1         350000.0            287500.0       69.25         0.833333            83.333333
                                    Asian      Female     Hispanic or Latino           4    480000.000000     83466.560170        412500.0        537500.0                76.315750                21.661212                58.81575                95.00000                 42.000000                  7.071068                      NaN                      NaN       667500.000000       216544.837543           562500.0           745000.0  130.500000   18.266545     117.00     145.00         4       0         125000.0            182500.0       28.00         1.000000           100.000000
                                    Asian      Female Not Hispanic or Latino         233    573068.669528    235849.810675        395000.0        695000.0                73.028776                17.573974                68.18200                80.00000                 43.538462                  4.127434                      NaN                      NaN       834871.244635       477362.979697           565000.0           985000.0  188.055794  158.078416     115.00     220.00       217      16         300000.0            420000.0      105.00         0.931330            93.133047
                                    Asian        Male     Hispanic or Latino          10    512000.000000    208649.094042        380000.0        582500.0                83.760200                11.624029                80.00000                90.00000                 45.000000                  4.857983                      NaN                      NaN       623000.000000       267490.394428           465000.0           667500.0  148.300000   57.143192     127.00     180.50         7       3         202500.0            202500.0       53.50         0.700000            70.000000
                                    Asian        Male Not Hispanic or Latino         380    637157.894737    241405.463266        475000.0        765000.0                73.098774                17.143717                65.00000                80.00000                 43.940075                  3.810868                      NaN                      NaN       919736.842105       427237.162281           635000.0          1160000.0  217.455263  203.936240     133.50     259.00       354      26         290000.0            525000.0      125.50         0.931579            93.157895
                Black or African American      Female     Hispanic or Latino           1    505000.000000              NaN        505000.0        505000.0                95.000000                      NaN                95.00000                95.00000                 48.000000                       NaN                    48.00                    48.00       535000.000000                 NaN           535000.0           535000.0  119.000000         NaN     119.00     119.00         1       0              0.0                 0.0        0.00         1.000000           100.000000
                Black or African American      Female Not Hispanic or Latino          40    469750.000000    207475.516010        352500.0        552500.0                82.094600                19.110405                71.21650                95.91850                 43.481481                  4.750469                      NaN                      NaN       624000.000000       363634.079247           467500.0           685000.0  145.900000   93.075321      91.00     181.25        31       9         200000.0            217500.0       90.25         0.775000            77.500000
                Black or African American        Male     Hispanic or Latino           2    525000.000000    622253.967444        305000.0        745000.0                52.500000                60.104076                31.25000                73.75000                       NaN                       NaN                      NaN                      NaN       915000.000000       155563.491861           860000.0           970000.0   98.500000   71.417785      73.25     123.75         1       1         440000.0            110000.0       50.50         0.500000            50.000000
                Black or African American        Male Not Hispanic or Latino          41    530365.853659    233099.737891        365000.0        665000.0                83.978439                14.130863                80.00000                95.00000                 44.300000                  4.009902                      NaN                      NaN       643292.682927       259450.404114           425000.0           765000.0  159.341463   85.776923      99.00     203.00        35       6         300000.0            340000.0      104.00         0.853659            85.365854
Native Hawaiian or Other Pacific Islander      Female Not Hispanic or Latino           1    375000.000000              NaN        375000.0        375000.0               103.820000                      NaN               103.82000               103.82000                 47.000000                       NaN                    47.00                    47.00       445000.000000                 NaN           445000.0           445000.0  109.000000         NaN     109.00     109.00         1       0              0.0                 0.0        0.00         1.000000           100.000000
Native Hawaiian or Other Pacific Islander        Male     Hispanic or Latino           1    855000.000000              NaN        855000.0        855000.0                95.000000                      NaN                95.00000                95.00000                 36.000000                       NaN                    36.00                    36.00       905000.000000                 NaN           905000.0           905000.0  261.000000         NaN     261.00     261.00         1       0              0.0                 0.0        0.00         1.000000           100.000000
Native Hawaiian or Other Pacific Islander        Male Not Hispanic or Latino           4    582500.000000    195341.581168        430000.0        742500.0                86.911000                10.144842                85.50000                91.88700                 40.500000                  3.535534                      NaN                      NaN       697500.000000       305545.959445           462500.0           880000.0  213.500000  174.513610      81.25     295.75         2       2         312500.0            417500.0      214.50         0.500000            50.000000
                                    White      Female     Hispanic or Latino         166    424638.554217    183104.181526        305000.0        545000.0                81.395389                18.184316                80.00000                95.00000                 44.468750                  4.042953                      NaN                      NaN       546144.578313       207537.985280           405000.0           675000.0  152.656627  289.029111      83.25     153.75       144      22         240000.0            270000.0       70.50         0.867470            86.746988
                                    White      Female Not Hispanic or Latino         345    486391.304348    252071.258001        305000.0        655000.0                70.533855                20.693536                57.67000                85.00000                 44.155378                  3.907398                      NaN                      NaN       721811.594203       368516.403163           465000.0           895000.0  179.498551  208.332292      96.00     212.00       321      24         350000.0            430000.0      116.00         0.930435            93.043478
                                    White        Male     Hispanic or Latino         288    477152.777778    215366.677659        325000.0        635000.0                81.388795                16.777088                75.29325                95.00000                 43.680180                  3.985433                      NaN                      NaN       618854.166667       310277.058809           415000.0           735000.0  166.763889  149.995075      91.75     190.00       266      22         310000.0            320000.0       98.25         0.923611            92.361111
                                    White        Male Not Hispanic or Latino         449    549342.984410    238944.998810        375000.0        715000.0                75.209787                18.786088                66.66700                90.00000                 43.971875                  4.118445                      NaN                      NaN       772839.643653       377331.456149           495000.0           965000.0  204.832962  213.477094     113.00     234.00       429      20         340000.0            470000.0      121.00         0.955457            95.545657