                             derived_race derived_sex      derived_ethnicity  total_apps  avg_loan_amount  std_loan_amount  Q1_loan_amount  Q3_loan_amount  avg_loan_to_value_ratio  std_loan_to_value_ratio  Q1_loan_to_value_ratio  Q3_loan_to_value_ratio  avg_debt_to_income_ratio  std_debt_to_income_ratio  Q1_debt_to_income_ratio  Q3_debt_to_income_ratio  avg_property_value  std_property_value  Q1_property_value  Q3_property_value  avg_income  std_income  Q1_income  Q3_income  accepted  denied  iqr_loan_amount  iqr_property_value  iqr_income  acceptance_rate  acceptance_rate_pct
                 2 or more minority races      Female Not Hispanic or Latino           3    498333.333333    112398.102001        450000.0        560000.0                87.333333                 8.736895                82.50000                91.00000                 42.000000                  2.828427                      NaN                      NaN        5.650000e+05        86602.540378           540000.0           615000.0  149.666667   55.824129     117.50     167.50         3       0         110000.0             75000.0       50.00         1.000000           100.000000
                 2 or more minority races        Male Not Hispanic or Latino           3    645000.000000    121655.250606        605000.0        715000.0                86.663333                 5.770618                84.99500                89.99500                 42.000000                  6.244998                     38.5                     44.5        7.583333e+05       145716.619963           700000.0           840000.0  162.666667   51.393904     139.00     190.00         3       0         110000.0            140000.0       51.00         1.000000           100.000000
         American Indian or Alaska Native      Female     Hispanic or Latino           4    802500.000000    482795.677970        570000.0        882500.0                71.991750                16.122213                59.29800                82.69375                 38.500000                  0.707107                      NaN                      NaN        1.182500e+06       882132.832023           735000.0          1207500.0  175.750000   24.171264     161.75     192.50         3       1         312500.0            472500.0       30.75         0.750000            75.000000
         American Indian or Alaska Native      Female Not Hispanic or Latino           4    437500.000000    170758.113521        320000.0        567500.0                80.220000                15.156306                75.47000                84.75000                 43.000000                  5.567764                      NaN                      NaN        5.525000e+05       201059.692629           387500.0           710000.0  311.500000  264.062493      89.50     540.00         4       0         247500.0            322500.0      450.50         1.000000           100.000000
         American Indian or Alaska Native        Male     Hispanic or Latino          11    425909.090909    111396.099165        330000.0        520000.0                78.257455                18.469417                66.50000                93.91600                 43.666667                  4.092676                      NaN                      NaN        5.913636e+05       249049.100672           410000.0           750000.0  159.909091  108.331394      94.00     193.50        11       0         190000.0            340000.0       99.50         1.000000           100.000000
         American Indian or Alaska Native        Male Not Hispanic or Latino           2    825000.000000    141421.356237        775000.0        875000.0                77.500000                 3.535534                76.25000                78.75000                 37.000000                       NaN                      NaN                      NaN        1.075000e+06       226274.169980           995000.0          1155000.0  320.500000   78.488853     292.75     348.25         2       0         100000.0            160000.0       55.50         1.000000           100.000000
                                    Asian      Female     Hispanic or Latino           3    428333.333333     57735.026919        395000.0        445000.0                69.137000                18.270513                58.70550                75.70950                 42.666667                  5.033223                     40.0                     45.0        6.350000e+05        85440.037453           595000.0           680000.0  121.333333   40.918618      98.50     138.00         3       0          50000.0             85000.0       39.50         1.000000           100.000000
                                    Asian      Female Not Hispanic or Latino         220    547045.454545    214937.386502        395000.0        675000.0                70.783423                19.329087                60.95475                82.95875                 43.738095                  4.036121                      NaN                      NaN        8.060455e+05       305382.906178           572500.0           955000.0  181.959091  150.574495     115.75     192.25       209      11         280000.0            382500.0       76.50         0.950000            95.000000
                                    Asian        Male     Hispanic or Latino          13    465000.000000    251429.247835        375000.0        495000.0                72.791308                19.468656                59.18000                89.95000                 45.600000                  3.272783                      NaN                      NaN        6.434615e+05       304161.310104           515000.0           735000.0  134.461538   70.859739      97.00     143.00        13       0         120000.0            220000.0       46.00         1.000000           100.000000
                                    Asian        Male Not Hispanic or Latino         347    631167.146974    251017.595504        445000.0        765000.0                74.322277                17.837889                67.16050                85.08600                 43.557377                  4.152542                      NaN                      NaN        9.073055e+05       446797.065118           625000.0          1125000.0  197.481268  101.133070     130.00     238.00       326      21         320000.0            500000.0      108.00         0.939481            93.948127
                Black or African American      Female     Hispanic or Latino           5    321000.000000    239332.404826        105000.0        505000.0                88.000000                15.475788                75.00000               100.00000                 44.600000                  5.683309                     40.0                     49.0        5.790000e+05       267731.208491           535000.0           725000.0  119.600000   37.233050     114.00     138.00         5       0         400000.0            190000.0       24.00         1.000000           100.000000
                Black or African American      Female Not Hispanic or Latino          38    526315.789474    275280.407925        287500.0        722500.0                81.031737                18.128629                78.77750                94.09100                 44.590909                  4.316735                      NaN                      NaN        6.963158e+05       401821.333516           465000.0           837500.0  159.947368   97.544431     104.25     200.75        33       5         435000.0            372500.0       96.50         0.868421            86.842105
                Black or African American        Male     Hispanic or Latino           1    875000.000000              NaN        875000.0        875000.0                85.000000                      NaN                85.00000                85.00000                 45.000000                       NaN                     45.0                     45.0        1.025000e+06                 NaN          1025000.0          1025000.0  275.000000         NaN     275.00     275.00         1       0              0.0                 0.0        0.00         1.000000           100.000000
                Black or African American        Male Not Hispanic or Latino          34    542058.823529    170552.212067        407500.0        672500.0                83.547347                17.826257                75.75875                95.00000                 44.607143                  3.142767                      NaN                      NaN        6.773529e+05       219297.208366           512500.0           775000.0  162.970588   83.378467     106.25     202.25        29       5         265000.0            262500.0       96.00         0.852941            85.294118
Native Hawaiian or Other Pacific Islander      Female     Hispanic or Latino           1    315000.000000              NaN        315000.0        315000.0                87.000000                      NaN                87.00000                87.00000                 47.000000                       NaN                     47.0                     47.0        3.650000e+05                 NaN           365000.0           365000.0   75.000000         NaN      75.00      75.00         1       0              0.0                 0.0        0.00         1.000000           100.000000
Native Hawaiian or Other Pacific Islander      Female Not Hispanic or Latino           3    338333.333333    115902.257671        285000.0        400000.0                75.512333                42.707581                60.76850               100.00000                 44.666667                  5.859465                     42.5                     48.0        5.650000e+05       217944.947177           440000.0           640000.0   91.333333   19.756855      82.50     102.00         1       2         115000.0            200000.0       19.50         0.333333            33.333333
Native Hawaiian or Other Pacific Islander        Male     Hispanic or Latino           1    305000.000000              NaN        305000.0        305000.0                90.000000                      NaN                90.00000                90.00000                 47.000000                       NaN                     47.0                     47.0        3.450000e+05                 NaN           345000.0           345000.0  125.000000         NaN     125.00     125.00         1       0              0.0                 0.0        0.00         1.000000           100.000000
Native Hawaiian or Other Pacific Islander        Male Not Hispanic or Latino           4    575000.000000     59441.848334        547500.0        617500.0                83.181250                10.710143                77.50000                89.54625                 45.500000                  4.949747                      NaN                      NaN        7.025000e+05       147280.910734           657500.0           755000.0  195.500000   77.513440     154.00     210.00         4       0          70000.0             97500.0       56.00         1.000000           100.000000
                                    White      Female     Hispanic or Latino         181    418425.414365    200730.281211        255000.0        535000.0                79.019801                20.121233                75.00000                95.00000                 44.531469                  4.025979                      NaN                      NaN        5.493646e+05       239523.275762           385000.0           675000.0  134.696133  102.629492      77.00     155.00       159      22         280000.0            290000.0       78.00         0.878453            87.845304
                                    White      Female Not Hispanic or Latino         371    479123.989218    249893.979122        305000.0        625000.0                71.175927                20.035109                57.61000                85.00000                 43.880000                  3.992161                      NaN                      NaN        7.125472e+05       400075.897950           450000.0           895000.0  177.698113  146.189457      96.50     205.00       348      23         320000.0            445000.0      108.50         0.938005            93.800539
                                    White        Male     Hispanic or Latino         287    453432.055749    195687.727773        310000.0        575000.0                83.625328                15.134016                80.00000                95.00000                 45.020942                  3.840173                      NaN                      NaN        5.649652e+05       278014.310466           395000.0           685000.0  146.414634  100.550333      90.00     164.00       250      37         265000.0            290000.0       74.00         0.871080            87.108014
                                    White        Male Not Hispanic or Latino         464    557068.965517    243989.580351        365000.0        715000.0                75.534188                16.931416                67.79300                88.42625                 43.178571                  4.146023                      NaN                      NaN        7.726940e+05       366462.962228           522500.0           937500.0  228.540948  427.153639     115.00     249.25       431      33         350000.0            415000.0      134.25         0.928879            92.887931