                             derived_race derived_sex      derived_ethnicity  total_apps  avg_loan_amount  std_loan_amount  Q1_loan_amount  Q3_loan_amount  avg_loan_to_value_ratio  std_loan_to_value_ratio  Q1_loan_to_value_ratio  Q3_loan_to_value_ratio  avg_debt_to_income_ratio  std_debt_to_income_ratio  Q1_debt_to_income_ratio  Q3_debt_to_income_ratio  avg_property_value  std_property_value  Q1_property_value  Q3_property_value  avg_income  std_income  Q1_income  Q3_income  accepted  denied  iqr_loan_amount  iqr_property_value  iqr_income  acceptance_rate  acceptance_rate_pct
                 2 or more minority races      Female     Hispanic or Latino           3    315000.000000    180277.563773        215000.0        390000.0                97.760000                 3.208239               96.000000                99.14000                 43.500000                  6.363961                      NaN                      NaN        3.283333e+05       188767.935130           225000.0           410000.0   92.333333   34.818577      77.50     111.50         1       2         175000.0            185000.0       34.00         0.333333            33.333333
                 2 or more minority races      Female Not Hispanic or Latino           4    685000.000000    230506.688262        517500.0        792500.0                90.876500                 4.442935               88.750000                93.87950                 44.000000                  3.741657                    42.75                    45.75        7.850000e+05       273617.738216           600000.0           875000.0  172.000000   57.416606     147.50     198.00         3       1         275000.0            275000.0       50.50         0.750000            75.000000
                 2 or more minority races        Male     Hispanic or Latino           1    955000.000000              NaN        955000.0        955000.0                71.719000                      NaN               71.719000                71.71900                 39.000000                       NaN                    39.00                    39.00        1.325000e+06                 NaN          1325000.0          1325000.0  242.000000         NaN     242.00     242.00         1       0              0.0                 0.0        0.00         1.000000           100.000000
                 2 or more minority races        Male Not Hispanic or Latino           1    385000.000000              NaN        385000.0        385000.0                77.137000                      NaN               77.137000                77.13700                 49.000000                       NaN                    49.00                    49.00        5.050000e+05                 NaN           505000.0           505000.0   77.000000         NaN      77.00      77.00         1       0              0.0                 0.0        0.00         1.000000           100.000000
         American Indian or Alaska Native      Female     Hispanic or Latino           5    369000.000000    147918.896697        295000.0        475000.0                91.138460                10.494487               85.000000                93.00000                 42.750000                  5.377422                      NaN                      NaN        4.330000e+05       178661.691473           325000.0           595000.0  119.200000   74.961323      73.00     146.00         5       0         180000.0            270000.0       73.00         1.000000           100.000000
         American Indian or Alaska Native      Female Not Hispanic or Latino           6    481666.666667    217868.461845        325000.0        640000.0                77.377833                18.741786               65.700250                93.75000                 45.800000                  3.420526                      NaN                      NaN        6.300000e+05       254302.968917           422500.0           820000.0  152.000000   74.439237     117.25     189.75         6       0         315000.0            397500.0       72.50         1.000000           100.000000
         American Indian or Alaska Native        Male     Hispanic or Latino          15    367000.000000    180325.103236        265000.0        410000.0                74.271133                25.740008               49.380500                95.00000                 43.166667                  5.184476                      NaN                      NaN        5.450000e+05       266028.999493           415000.0           725000.0  119.533333   55.492428      73.50     164.00        12       3         145000.0            310000.0       90.50         0.800000            80.000000
         American Indian or Alaska Native        Male Not Hispanic or Latino           2    645000.000000     84852.813742        615000.0        675000.0                75.000000                 7.071068               72.500000                77.50000                 45.500000                  0.707107                    45.25                    45.75        8.650000e+05        28284.271247           855000.0           875000.0  294.000000  203.646753     222.00     366.00         2       0          60000.0             20000.0      144.00         1.000000           100.000000
                                    Asian      Female     Hispanic or Latino          10    451000.000000    171088.021530        330000.0        532500.0                72.149600                13.469282               62.095250                78.34650                 44.714286                  2.927700                      NaN                      NaN        6.410000e+05       242725.267650           455000.0           820000.0  122.900000   48.804485      85.25     141.00         9       1         202500.0            365000.0       55.75         0.900000            90.000000
                                    Asian      Female Not Hispanic or Latino         223    573071.748879    214182.616071        425000.0        710000.0                71.509783                18.541896               64.642765                80.00000                 43.747059                  4.131080                      NaN                      NaN        8.594395e+05       389956.713541           585000.0          1055000.0  183.784753  113.170796     118.00     210.00       206      17         285000.0            470000.0       92.00         0.923767            92.376682
                                    Asian        Male     Hispanic or Latino           5    619000.000000    239227.924791        435000.0        855000.0                76.500600                12.749631               69.990000                80.00000                 42.500000                  5.066228                      NaN                      NaN        8.010000e+05       234478.143971           735000.0           945000.0  394.800000  367.931651     197.00     360.00         5       0         420000.0            210000.0      163.00         1.000000           100.000000
                                    Asian        Male Not Hispanic or Latino         343    644854.227405    237131.324877        475000.0        765000.0                72.569420                22.094767               62.935000                80.00000                 43.606426                  4.076600                      NaN                      NaN        9.567493e+05       433265.684454           655000.0          1215000.0  231.548105  317.389337     142.00     243.50       321      22         290000.0            560000.0      101.50         0.935860            93.586006
                Black or African American      Female     Hispanic or Latino           1    735000.000000              NaN        735000.0        735000.0                85.000000                      NaN               85.000000                85.00000                 40.000000                       NaN                    40.00                    40.00        8.750000e+05                 NaN           875000.0           875000.0  211.000000         NaN     211.00     211.00         1       0              0.0                 0.0        0.00         1.000000           100.000000
                Black or African American      Female Not Hispanic or Latino          39    432179.487179    178324.788222        325000.0        560000.0                86.168051                15.595458               78.327500                97.00000                 43.966667                  3.819039                      NaN                      NaN        5.393590e+05       211893.653463           390000.0           665000.0  135.102564   64.111250      97.00     175.00        33       6         235000.0            275000.0       78.00         0.846154            84.615385
                Black or African American        Male     Hispanic or Latino           3    748333.333333    210792.156717        685000.0        870000.0                86.666667                 2.886751               85.000000                87.50000                 44.500000                  0.707107                      NaN                      NaN        8.583333e+05       238607.068909           775000.0           995000.0  258.666667   99.510468     213.50     312.00         3       0         185000.0            220000.0       98.50         1.000000           100.000000
                Black or African American        Male Not Hispanic or Latino          31    571451.612903    214764.186758        385000.0        700000.0                84.715774                12.181682               80.000000                94.94850                 44.400000                  3.883727                      NaN                      NaN        6.930645e+05       274862.624534           480000.0           835000.0  167.387097   95.896707     110.00     196.00        25       6         315000.0            355000.0       86.00         0.806452            80.645161
Native Hawaiian or Other Pacific Islander      Female     Hispanic or Latino           3    448333.333333     61101.009266        415000.0        475000.0                86.522667                10.966139               82.284000                92.71500                 47.000000                  1.414214                      NaN                      NaN        5.316667e+05        92376.043070           505000.0           585000.0  116.666667   24.006943     109.00     130.50         3       0          60000.0             80000.0       21.50         1.000000           100.000000
Native Hawaiian or Other Pacific Islander      Female Not Hispanic or Latino           1    265000.000000              NaN        265000.0        265000.0                50.857000                      NaN               50.857000                50.85700                 49.000000                       NaN                    49.00                    49.00        5.250000e+05                 NaN           525000.0           525000.0   76.000000         NaN      76.00      76.00         1       0              0.0                 0.0        0.00         1.000000           100.000000
Native Hawaiian or Other Pacific Islander        Male     Hispanic or Latino           3    481666.666667    142243.921956        400000.0        530000.0                78.330000                24.662050               69.995000                92.49500                 37.000000                       NaN                      NaN                      NaN        7.150000e+05       494267.134250           430000.0           870000.0  800.666667 1211.029452     101.50    1155.00         2       1         130000.0            440000.0     1053.50         0.666667            66.666667
Native Hawaiian or Other Pacific Islander        Male Not Hispanic or Latino           3    531666.666667     94516.312525        495000.0        585000.0                85.666667                 9.814955               80.000000                88.50000                 41.000000                       NaN                      NaN                      NaN        6.183333e+05        90184.995056           575000.0           665000.0  216.666667   86.696790     170.50     256.50         3       0          90000.0             90000.0       86.00         1.000000           100.000000
                                    White      Female     Hispanic or Latino         184    431195.652174    204633.978938        285000.0        555000.0                78.405174                20.157982               71.984750                95.00000                 44.507246                  4.171937                      NaN                      NaN        5.876087e+05       249792.786541           395000.0           755000.0  137.782609   95.800718      79.75     157.50       165      19         270000.0            360000.0       77.75         0.896739            89.673913
                                    White      Female Not Hispanic or Latino         360    468972.222222    238948.600679        305000.0        615000.0                70.563361                20.833133               56.917500                82.23975                 43.666667                  4.184966                      NaN                      NaN        6.994722e+05       387916.726132           455000.0           865000.0  173.116667  179.601083      91.00     202.00       336      24         310000.0            410000.0      111.00         0.933333            93.333333
                                    White        Male     Hispanic or Latino         286    458321.678322    198915.872243        325000.0        575000.0                82.271112                16.549986               80.000000                95.00000                 44.023923                  4.076716                      NaN                      NaN        5.769231e+05       246706.319532           405000.0           715000.0  145.783217  104.150777      89.25     174.75       251      35         250000.0            310000.0       85.50         0.877622            87.762238
                                    White        Male Not Hispanic or Latino         468    543952.991453    243483.757976        365000.0        697500.0                74.268739                18.189223               65.539250                86.40175                 44.035370                  4.003471                      NaN                      NaN        7.888462e+05       450882.733828           495000.0           957500.0  208.653846  183.355250     115.00     231.25       437      31         332500.0            462500.0      116.25         0.933761            93.376068