                             derived_race derived_sex      derived_ethnicity  total_apps  avg_loan_amount  std_loan_amount  Q1_loan_amount  Q3_loan_amount  avg_loan_to_value_ratio  std_loan_to_value_ratio  Q1_loan_to_value_ratio  Q3_loan_to_value_ratio  avg_debt_to_income_ratio  std_debt_to_income_ratio  Q1_debt_to_income_ratio  Q3_debt_to_income_ratio  avg_property_value  std_property_value  Q1_property_value  Q3_property_value  avg_income  std_income  Q1_income  Q3_income  accepted  denied  iqr_loan_amount  iqr_property_value  iqr_income  acceptance_rate  acceptance_rate_pct
                 2 or more minority races      Female     Hispanic or Latino           1    685000.000000              NaN        685000.0        685000.0                80.000000                      NaN                 80.0000                80.00000                 40.000000                       NaN                     40.0                    40.00        8.550000e+05                 NaN           855000.0           855000.0  245.000000         NaN     245.00     245.00         1       0              0.0                 0.0        0.00         1.000000           100.000000
                 2 or more minority races      Female Not Hispanic or Latino           3    895000.000000    320780.298647        795000.0       1080000.0                79.840667                 9.383132                 74.7610                84.01100                 42.000000                  4.242641                      NaN                      NaN        1.158333e+06       502924.779001           975000.0          1445000.0  233.666667   64.701880     205.50     269.00         3       0         285000.0            470000.0       63.50         1.000000           100.000000
                 2 or more minority races        Male     Hispanic or Latino           1    375000.000000              NaN        375000.0        375000.0                75.000000                      NaN                 75.0000                75.00000                 36.000000                       NaN                     36.0                    36.00        5.050000e+05                 NaN           505000.0           505000.0  159.000000         NaN     159.00     159.00         1       0              0.0                 0.0        0.00         1.000000           100.000000
                 2 or more minority races        Male Not Hispanic or Latino           7    529285.714286    348657.288411        305000.0        715000.0                78.616714                21.883550                 70.0000                88.27500                 42.666667                  4.718757                      NaN                      NaN        7.021429e+05       432115.504841           390000.0          1005000.0  147.714286   94.148313      92.00     181.00         6       1         410000.0            615000.0       89.00         0.857143            85.714286
         American Indian or Alaska Native      Female     Hispanic or Latino           6    340000.000000    152807.067899        270000.0        442500.0                72.107167                29.609525                 74.0925                88.25000                 46.750000                  2.872281                      NaN                      NaN        5.100000e+05       175470.795291           397500.0           655000.0  123.666667   72.450443      94.50     123.50         6       0         172500.0            257500.0       29.00         1.000000           100.000000
         American Indian or Alaska Native      Female Not Hispanic or Latino           4    475000.000000    200499.376558        320000.0        625000.0                81.719000                25.356717                 78.4925                95.72150                 44.250000                  2.061553                     43.5                    44.75        5.900000e+05       170977.581376           550000.0           660000.0  121.000000   41.456805      98.50     146.50         4       0         305000.0            110000.0       48.00         1.000000           100.000000
         American Indian or Alaska Native        Male     Hispanic or Latino          10    372000.000000    127458.054102        297500.0        430000.0                80.401000                16.784861                 76.2500                95.00000                 44.166667                  4.708149                      NaN                      NaN        4.660000e+05       119298.877707           372500.0           545000.0  164.800000  113.822279      91.75     174.50        10       0         132500.0            172500.0       82.75         1.000000           100.000000
         American Indian or Alaska Native        Male Not Hispanic or Latino           1    365000.000000              NaN        365000.0        365000.0                80.000000                      NaN                 80.0000                80.00000                 47.000000                       NaN                     47.0                    47.00        4.650000e+05                 NaN           465000.0           465000.0   81.000000         NaN      81.00      81.00         1       0              0.0                 0.0        0.00         1.000000           100.000000
                                    Asian      Female     Hispanic or Latino           6    580000.000000    272158.042321        415000.0        797500.0                65.461833                26.359448                 48.9180                80.00000                 45.750000                  1.707825                      NaN                      NaN        8.900000e+05       175698.605572           767500.0           955000.0  201.000000  119.054609     103.50     282.25         6       0         382500.0            187500.0      178.75         1.000000           100.000000
                                    Asian      Female Not Hispanic or Latino         211    572393.364929    246202.262481        415000.0        725000.0                71.108469                18.656717                 60.1100                80.00000                 44.161290                  4.005652                      NaN                      NaN        8.450948e+05       382931.040070           565000.0          1035000.0  179.763033   98.367730     117.50     216.00       190      21         310000.0            470000.0       98.50         0.900474            90.047393
                                    Asian        Male     Hispanic or Latino          13    518846.153846    259664.477789        365000.0        575000.0                77.860154                18.022142                 75.0000                95.00000                 42.333333                  1.861899                      NaN                      NaN        6.980769e+05       362362.263842           455000.0           885000.0  239.769231  293.420391     109.00     248.00        12       1         210000.0            430000.0      139.00         0.923077            92.307692
                                    Asian        Male Not Hispanic or Latino         358    624581.005587    226886.348175        475000.0        765000.0                74.656229                17.775046                 68.5240                87.69075                 43.693878                  4.058002                      NaN                      NaN        8.911732e+05       397046.015659           625000.0          1082500.0  209.594972  223.848465     129.00     235.00       329      29         290000.0            457500.0      106.00         0.918994            91.899441
                Black or African American      Female     Hispanic or Latino           3    425000.000000    130000.000000        385000.0        500000.0                89.309667                 9.279139                 83.9645                92.29450                 37.500000                  2.121320                      NaN                      NaN        5.083333e+05       150443.787952           460000.0           595000.0  125.333333   44.657959     106.50     150.00         3       0         115000.0            135000.0       43.50         1.000000           100.000000
                Black or African American      Female Not Hispanic or Latino          51    525392.156863    199177.918297        410000.0        600000.0                85.287824                17.267791                 81.6665                95.00000                 43.675676                  3.880536                      NaN                      NaN        6.720588e+05       295406.798281           495000.0           745000.0  163.941176   84.192972     110.00     202.50        44       7         190000.0            250000.0       92.50         0.862745            86.274510
                Black or African American        Male     Hispanic or Latino           7    550714.285714    142461.356498        490000.0        620000.0                86.687143                14.250210                 80.0000                96.00000                 43.000000                  5.567764                      NaN                      NaN        6.721429e+05       293013.895331           560000.0           715000.0  178.285714   79.909771     138.50     210.00         5       2         130000.0            155000.0       71.50         0.714286            71.428571
                Black or African American        Male Not Hispanic or Latino          45    543444.444444    196757.298069        415000.0        695000.0                85.995444                16.216134                 80.0000                95.00000                 45.085714                  3.624844                      NaN                      NaN        6.690000e+05       299654.346327           475000.0           755000.0  174.444444   82.278230     116.00     201.00        38       7         280000.0            280000.0       85.00         0.844444            84.444444
Native Hawaiian or Other Pacific Islander      Female     Hispanic or Latino           1    275000.000000              NaN        275000.0        275000.0                80.000000                      NaN                 80.0000                80.00000                 47.000000                       NaN                     47.0                    47.00        3.450000e+05                 NaN           345000.0           345000.0   65.000000         NaN      65.00      65.00         1       0              0.0                 0.0        0.00         1.000000           100.000000
Native Hawaiian or Other Pacific Islander      Female Not Hispanic or Latino           8    551250.000000    168093.298923        477500.0        645000.0                75.168750                20.190149                 75.0000                82.00000                 45.000000                  4.434712                      NaN                      NaN        8.262500e+05       429898.243774           592500.0           847500.0  166.500000   69.143743     119.25     201.50         8       0         167500.0            255000.0       82.25         1.000000           100.000000
Native Hawaiian or Other Pacific Islander        Male     Hispanic or Latino           1    645000.000000              NaN        645000.0        645000.0                50.000000                      NaN                 50.0000                50.00000                       NaN                       NaN                      NaN                      NaN        1.285000e+06                 NaN          1285000.0          1285000.0 2199.000000         NaN    2199.00    2199.00         1       0              0.0                 0.0        0.00         1.000000           100.000000
Native Hawaiian or Other Pacific Islander        Male Not Hispanic or Latino           5    411000.000000    246028.453639        315000.0        575000.0                87.800000                 8.318654                 85.0000                95.00000                 41.333333                  3.785939                      NaN                      NaN        4.650000e+05       257681.974535           335000.0           655000.0  188.600000   69.013042     121.00     257.00         4       1         260000.0            320000.0      136.00         0.800000            80.000000
                                    White      Female     Hispanic or Latino         176    439829.545455    202089.016968        305000.0        555000.0                82.948153                16.814589                 80.0000                95.00000                 44.064286                  4.061064                      NaN                      NaN        5.604545e+05       254083.941544           385000.0           707500.0  150.267045  227.600633      81.75     161.50       161      15         250000.0            322500.0       79.75         0.914773            91.477273
                                    White      Female Not Hispanic or Latino         374    507245.989305    256170.568642        315000.0        672500.0                70.551136                20.397205                 58.5100                85.00000                 44.095238                  4.003840                      NaN                      NaN        7.504278e+05       366368.606598           495000.0           962500.0  193.462567  193.514435      99.00     213.75       353      21         357500.0            467500.0      114.75         0.943850            94.385027
                                    White        Male     Hispanic or Latino         245    471693.877551    203707.662209        325000.0        615000.0                82.810890                15.794243                 78.7880                95.00000                 43.857143                  3.963358                      NaN                      NaN        5.865510e+05       259616.762103           415000.0           735000.0  157.604082  105.131974      96.00     188.00       229      16         290000.0            320000.0       92.00         0.934694            93.469388
                                    White        Male Not Hispanic or Latino         463    558628.509719    259180.794441        355000.0        735000.0                74.804028                18.553076                 67.6400                89.99000                 43.493750                  3.862848                      NaN                      NaN        7.885205e+05       433741.802710           505000.0           955000.0  229.708423  325.490232     114.00     250.00       439      24         380000.0            450000.0      136.00         0.948164            94.816415