                             derived_race derived_sex      derived_ethnicity  total_apps  avg_loan_amount  std_loan_amount  Q1_loan_amount  Q3_loan_amount  avg_loan_to_value_ratio  std_loan_to_value_ratio  Q1_loan_to_value_ratio  Q3_loan_to_value_ratio  avg_debt_to_income_ratio  std_debt_to_income_ratio  Q1_debt_to_income_ratio  Q3_debt_to_income_ratio  avg_property_value  std_property_value  Q1_property_value  Q3_property_value  avg_income  std_income  Q1_income  Q3_income  accepted  denied  iqr_loan_amount  iqr_property_value  iqr_income  acceptance_rate  acceptance_rate_pct
                 2 or more minority races      Female     Hispanic or Latino           1    625000.000000              NaN        625000.0        625000.0                73.370000                      NaN                73.37000                73.37000                 49.000000                       NaN                    49.00                    49.00       845000.000000                 NaN           845000.0           845000.0  143.000000         NaN     143.00     143.00         1       0              0.0                 0.0        0.00         1.000000           100.000000
                 2 or more minority races      Female Not Hispanic or Latino           3    501666.666667    255016.339346        375000.0        630000.0                59.727333                32.732517                47.09100                78.21500                 43.000000                  7.071068                      NaN                      NaN       898333.333333       195021.366351           800000.0           995000.0  143.000000   67.089492     117.50     181.00         3       0         255000.0            195000.0       63.50         1.000000           100.000000
                 2 or more minority races        Male     Hispanic or Latino           2    310000.000000     77781.745931        282500.0        337500.0                99.676500                 6.613570                97.33825               102.01475                 38.500000                  0.707107                    38.25                    38.75       350000.000000       106066.017178           312500.0           387500.0  117.000000   74.953319      90.50     143.50         1       1          55000.0             75000.0       53.00         0.500000            50.000000
                 2 or more minority races        Male Not Hispanic or Latino           3    705000.000000    284780.617318        550000.0        830000.0                85.000000                 5.000000                82.50000                87.50000                 41.500000                  6.363961                      NaN                      NaN       835000.000000       345976.877840           655000.0          1000000.0  371.000000  203.004926     254.00     435.50         3       0         280000.0            345000.0      181.50         1.000000           100.000000
         American Indian or Alaska Native      Female     Hispanic or Latino           5    367000.000000    165891.530827        315000.0        395000.0                87.662460                13.351418                80.00000                94.62000                 48.000000                  1.414214                      NaN                      NaN       443000.000000       167690.190530           395000.0           495000.0  103.400000   39.702645     100.00     117.00         5       0          80000.0            100000.0       17.00         1.000000           100.000000
         American Indian or Alaska Native      Female Not Hispanic or Latino           5    451000.000000    240997.925302        265000.0        625000.0                80.796800                12.547113                69.50000                90.00000                 47.000000                  2.549510                    46.00                    49.00       557000.000000       263286.915740           355000.0           785000.0  126.800000   65.549218      73.00     185.00         5       0         360000.0            430000.0      112.00         1.000000           100.000000
         American Indian or Alaska Native        Male     Hispanic or Latino           9    442777.777778    176265.267266        325000.0        575000.0                82.506111                11.911462                79.99000                93.00000                 45.600000                  3.435113                      NaN                      NaN       529444.444444       185345.023612           415000.0           675000.0  138.888889   37.747333     114.00     162.00         8       1         250000.0            260000.0       48.00         0.888889            88.888889
         American Indian or Alaska Native        Male Not Hispanic or Latino           2    270000.000000    134350.288425        222500.0        317500.0                75.516000                 6.341334                73.27400                77.75800                 47.000000                       NaN                      NaN                      NaN       360000.000000       148492.424049           307500.0           412500.0   84.500000   40.305087      70.25      98.75         2       0          95000.0            105000.0       28.50         1.000000           100.000000
                                    Asian      Female     Hispanic or Latino           5    505000.000000    248696.602309        425000.0        735000.0                67.452800                24.590052                42.02900                80.00000                 43.000000                  4.000000                      NaN                      NaN       753000.000000       323218.192557           535000.0           935000.0  130.400000   46.832681     100.00     164.00         4       1         310000.0            400000.0       64.00         0.800000            80.000000
                                    Asian      Female Not Hispanic or Latino         229    542423.580786    220224.963854        415000.0        665000.0                70.679231                19.097878                61.05500                80.00000                 43.827381                  3.904545                      NaN                      NaN       809759.825328       362522.302946           585000.0           935000.0  176.899563  143.183184     110.00     201.00       215      14         250000.0            350000.0       91.00         0.938865            93.886463
                                    Asian        Male     Hispanic or Latino           4    580000.000000    358933.605745        405000.0        605000.0                74.574500                15.101282                66.63350                80.00000                 45.750000                  4.031129                    44.50                    48.25       820000.000000       551150.312226           515000.0           955000.0  198.250000  208.360865      91.50     210.75         4       0         200000.0            440000.0      119.25         1.000000           100.000000
                                    Asian        Male Not Hispanic or Latino         369    620203.252033    238671.650905        445000.0        765000.0                73.155827                17.372876                64.68400                80.00000                 42.917603                  4.170333                      NaN                      NaN       892344.173442       386811.089193           635000.0          1085000.0  198.734417  121.609317     131.00     236.00       340      29         320000.0            450000.0      105.00         0.921409            92.140921
                Black or African American      Female     Hispanic or Latino           3    491666.666667    257940.561629        385000.0        635000.0                92.967000                 8.673781                90.00550                97.94500                 44.000000                       NaN                      NaN                      NaN       545000.000000       321869.538789           395000.0           715000.0  159.666667   86.558266     119.50     205.50         2       1         250000.0            320000.0       86.00         0.666667            66.666667
                Black or African American      Female Not Hispanic or Latino          49    455204.081633    176546.615609        345000.0        635000.0                83.221959                21.844918                80.00000                99.65000                 44.717949                  4.064925                      NaN                      NaN       599081.632653       207212.837112           415000.0           745000.0  137.673469   89.753920      84.00     151.00        42       7         290000.0            330000.0       67.00         0.857143            85.714286
                Black or African American        Male     Hispanic or Latino           1    795000.000000              NaN        795000.0        795000.0                89.980000                      NaN                89.98000                89.98000                       NaN                       NaN                      NaN                      NaN       875000.000000                 NaN           875000.0           875000.0  325.000000         NaN     325.00     325.00         1       0              0.0                 0.0        0.00         1.000000           100.000000
                Black or African American        Male Not Hispanic or Latino          43    535465.116279    177602.465239        420000.0        615000.0                84.421023                15.676815                80.00000                95.00000                 44.588235                  4.023549                      NaN                      NaN       668488.372093       314649.341641           495000.0           720000.0  178.139535  195.707213     109.50     201.50        37       6         195000.0            225000.0       92.00         0.860465            86.046512
Native Hawaiian or Other Pacific Islander      Female     Hispanic or Latino           1    205000.000000              NaN        205000.0        205000.0                76.340000                      NaN                76.34000                76.34000                       NaN                       NaN                      NaN                      NaN       265000.000000                 NaN           265000.0           265000.0   28.000000         NaN      28.00      28.00         0       1              0.0                 0.0        0.00         0.000000             0.000000
Native Hawaiian or Other Pacific Islander      Female Not Hispanic or Latino           3    518333.333333    253245.598843        375000.0        615000.0                64.544000                28.056123                49.31600                76.94000                 44.333333                  4.041452                    42.00                    45.50       795000.000000        65574.385243           765000.0           830000.0  140.333333   50.013332     115.00     165.00         3       0         240000.0             65000.0       50.00         1.000000           100.000000
Native Hawaiian or Other Pacific Islander        Male     Hispanic or Latino           2    395000.000000    141421.356237        345000.0        445000.0                93.500000                 4.949747                91.75000                95.25000                 44.000000                       NaN                      NaN                      NaN       430000.000000       176776.695297           367500.0           492500.0   78.000000    8.485281      75.00      81.00         1       1         100000.0            125000.0        6.00         0.500000            50.000000
Native Hawaiian or Other Pacific Islander        Male Not Hispanic or Latino           2    300000.000000     77781.745931        272500.0        327500.0                68.510000                30.391449                57.76500                79.25500                 40.000000                       NaN                      NaN                      NaN       515000.000000       339411.254970           395000.0           635000.0  161.500000   91.216775     129.25     193.75         2       0          55000.0            240000.0       64.50         1.000000           100.000000
                                    White      Female     Hispanic or Latino         171    419678.362573    202851.108973        280000.0        525000.0                79.364130                20.194041                74.75000                95.00000                 44.301471                  3.912600                      NaN                      NaN       543654.970760       225550.185407           405000.0           645000.0  126.421053   73.390562      80.00     151.50       159      12         245000.0            240000.0       71.50         0.929825            92.982456
                                    White      Female Not Hispanic or Latino         354    488163.841808    255901.763293        305000.0        625000.0                71.915097                19.853494                60.78550                85.00000                 43.709544                  4.146117                      NaN                      NaN       710395.480226       375057.293575           475000.0           905000.0  169.615819  128.369882      97.00     210.50       336      18         320000.0            430000.0      113.50         0.949153            94.915254
                                    White        Male     Hispanic or Latino         309    474417.475728    225638.309196        315000.0        615000.0                83.515412                15.762074                80.00000                95.00000                 44.047210                  3.991630                      NaN                      NaN       596262.135922       302509.030492           395000.0           745000.0  158.530744  104.005634      89.00     194.00       289      20         300000.0            350000.0      105.00         0.935275            93.527508
                                    White        Male Not Hispanic or Latino         425    543588.235294    245564.198947        355000.0        725000.0                74.479619                18.060796                65.83300                89.17400                 44.061818                  4.101784                      NaN                      NaN       779235.294118       421828.836316           485000.0           975000.0  234.018824  359.844764     112.00     242.00       393      32         370000.0            490000.0      130.00         0.924706            92.470588