                             derived_race derived_sex      derived_ethnicity  total_apps  avg_loan_amount  std_loan_amount  Q1_loan_amount  Q3_loan_amount  avg_loan_to_value_ratio  std_loan_to_value_ratio  Q1_loan_to_value_ratio  Q3_loan_to_value_ratio  avg_debt_to_income_ratio  std_debt_to_income_ratio  Q1_debt_to_income_ratio  Q3_debt_to_income_ratio  avg_property_value  std_property_value  Q1_property_value  Q3_property_value  avg_income  std_income  Q1_income  Q3_income  accepted  denied  iqr_loan_amount  iqr_property_value  iqr_income  acceptance_rate  acceptance_rate_pct
                 2 or more minority races      Female     Hispanic or Latino           2    645000.000000    480832.611207        475000.0        815000.0                71.250000                12.374369                66.87500                75.62500                 45.000000                  5.656854                    43.00                    47.00       855000.000000       523259.018078           670000.0          1040000.0  160.000000  125.865007     115.50     204.50         2       0         340000.0            370000.0       89.00         1.000000           100.000000
                 2 or more minority races      Female Not Hispanic or Latino           3    475000.000000    233023.603955        345000.0        570000.0                83.632000                17.990746                77.94800                94.00300                 49.000000                  0.000000                      NaN                      NaN       551666.666667       185022.521152           445000.0           610000.0   91.000000   19.078784      81.00     100.00         2       1         225000.0            165000.0       19.00         0.666667            66.666667
                 2 or more minority races        Male     Hispanic or Latino           3    475000.000000    111355.287257        415000.0        525000.0                76.666667                 2.886751                75.00000                77.50000                 37.666667                  2.886751                    36.00                    38.50       618333.333333       120554.275467           555000.0           675000.0  188.666667   62.067168     153.00     209.50         2       1         110000.0            120000.0       56.50         0.666667            66.666667
                 2 or more minority races        Male Not Hispanic or Latino           6    451666.666667    186511.840554        370000.0        565000.0                73.393333                26.374677                49.81050                94.89925                 44.200000                  3.492850                      NaN                      NaN       711666.666667       318412.730064           530000.0           932500.0  159.000000   83.241816     106.50     212.00         5       1         195000.0            402500.0      105.50         0.833333            83.333333
         American Indian or Alaska Native      Female     Hispanic or Latino           7    297857.142857     90132.178071        260000.0        370000.0                92.313000                 4.622585                90.00000                96.83000                 43.000000                  4.472136                      NaN                      NaN       323571.428571        95294.031193           285000.0           395000.0   84.714286   36.325906      66.00      98.50         5       2         110000.0            110000.0       32.50         0.714286            71.428571
         American Indian or Alaska Native      Female Not Hispanic or Latino           6    471666.666667    153318.839895        437500.0        580000.0                67.812333                25.893883                53.99100                80.00000                 46.500000                  3.535534                      NaN                      NaN       811666.666667       546869.880928           570000.0           722500.0  189.333333  185.308032     101.75     187.75         5       1         142500.0            152500.0       86.00         0.833333            83.333333
         American Indian or Alaska Native        Male     Hispanic or Latino           6    551666.666667    158703.077055        477500.0        537500.0                93.462000                35.282525                81.50000                96.50000                 40.250000                  5.439056                      NaN                      NaN       671666.666667       296625.465304           512500.0           925000.0  263.666667  126.185049     210.00     230.75         5       1          60000.0            412500.0       20.75         0.833333            83.333333
         American Indian or Alaska Native        Male Not Hispanic or Latino           8    500000.000000    197845.538597        410000.0        612500.0                73.211125                17.173099                78.57150                80.00000                 43.166667                  4.167333                      NaN                      NaN       665000.000000       184777.858909           545000.0           757500.0  253.625000  187.940673     132.50     343.50         8       0         202500.0            212500.0      211.00         1.000000           100.000000
                                    Asian      Female     Hispanic or Latino           4    455000.000000    103923.048454        365000.0        545000.0                90.000000                 7.071068                87.50000                95.00000                 44.750000                  4.787136                    43.25                    47.50       505000.000000       102956.301410           437500.0           582500.0  121.750000   47.133675      90.75     153.00         4       0         180000.0            145000.0       62.25         1.000000           100.000000
                                    Asian      Female Not Hispanic or Latino         224    580982.142857    228892.673937        412500.0        715000.0                72.554558                18.495785                63.57950                85.00000                 43.978873                  4.105814                      NaN                      NaN       850580.357143       394063.142567           582500.0          1015000.0  192.437500  105.525189     124.75     234.25       211      13         302500.0            432500.0      109.50         0.941964            94.196429
                                    Asian        Male     Hispanic or Latino           6    480000.000000    181300.854935        385000.0        605000.0                72.797667                14.130241                68.35000                80.00000                 46.000000                  4.123106                      NaN                      NaN       680000.000000       308658.387218           527500.0           825000.0  171.166667   63.376389     124.25     206.50         6       0         220000.0            297500.0       82.25         1.000000           100.000000
                                    Asian        Male Not Hispanic or Latino         364    632445.054945    232141.330925        465000.0        765000.0                73.712870                17.081555                65.99250                83.18500                 43.692015                  4.055932                      NaN                      NaN       896016.483516       352429.286427           645000.0          1085000.0  205.030220  157.140868     131.75     234.25       337      27         300000.0            440000.0      102.50         0.925824            92.582418
                Black or African American      Female     Hispanic or Latino           2    360000.000000    106066.017178        322500.0        397500.0                83.333500                16.498923                77.50025                89.16675                 44.500000                  3.535534                    43.25                    45.75       455000.000000       212132.034356           380000.0           530000.0   88.500000   17.677670      82.25      94.75         2       0          75000.0            150000.0       12.50         1.000000           100.000000
                Black or African American      Female Not Hispanic or Latino          58    514655.172414    212173.096474        355000.0        662500.0                84.820138                15.217139                80.00000                95.00000                 44.400000                  4.043355                      NaN                      NaN       656724.137931       342760.403919           445000.0           790000.0  149.844828   79.833775     104.25     181.00        51       7         307500.0            345000.0       76.75         0.879310            87.931034
                Black or African American        Male     Hispanic or Latino           1    395000.000000              NaN        395000.0        395000.0                52.828000                      NaN                52.82800                52.82800                 36.000000                       NaN                    36.00                    36.00       755000.000000                 NaN           755000.0           755000.0  324.000000         NaN     324.00     324.00         1       0              0.0                 0.0        0.00         1.000000           100.000000
                Black or African American        Male Not Hispanic or Latino          40    546500.000000    227669.914006        395000.0        712500.0                78.703808                19.894921                75.00000                91.25000                 43.625000                  3.981813                      NaN                      NaN       716000.000000       309861.838525           532500.0           802500.0  353.400000 1158.760009      97.00     241.00        34       6         317500.0            270000.0      144.00         0.850000            85.000000
Native Hawaiian or Other Pacific Islander      Female     Hispanic or Latino           1    315000.000000              NaN        315000.0        315000.0                87.000000                      NaN                87.00000                87.00000                 47.000000                       NaN                    47.00                    47.00       365000.000000                 NaN           365000.0           365000.0   75.000000         NaN      75.00      75.00         1       0              0.0                 0.0        0.00         1.000000           100.000000
Native Hawaiian or Other Pacific Islander      Female Not Hispanic or Latino           3    411666.666667     51316.014394        390000.0        440000.0                81.293333                23.087185                69.44000                92.50000                 44.666667                  5.859465                    42.50                    48.00       568333.333333       155026.879390           490000.0           645000.0  114.333333   22.479620     102.00     124.00         2       1          50000.0            155000.0       22.00         0.666667            66.666667
Native Hawaiian or Other Pacific Islander        Male     Hispanic or Latino           1    415000.000000              NaN        415000.0        415000.0                80.000000                      NaN                80.00000                80.00000                       NaN                       NaN                      NaN                      NaN       515000.000000                 NaN           515000.0           515000.0  139.000000         NaN     139.00     139.00         1       0              0.0                 0.0        0.00         1.000000           100.000000
Native Hawaiian or Other Pacific Islander        Male Not Hispanic or Latino           2    585000.000000    183847.763109        520000.0        650000.0                70.000000                14.142136                65.00000                75.00000                 43.500000                  3.535534                    42.25                    44.75       825000.000000        98994.949366           790000.0           860000.0  155.500000   28.991378     145.25     165.75         2       0         130000.0             70000.0       20.50         1.000000           100.000000
                                    White      Female     Hispanic or Latino         174    416609.195402    174778.959086        277500.0        515000.0                81.889966                19.030435                77.54375                95.00000                 44.511111                  4.198199                      NaN                      NaN       529770.114943       212583.078688           415000.0           642500.0  127.436782   73.931573      82.00     158.00       152      22         237500.0            227500.0       76.00         0.873563            87.356322
                                    White      Female Not Hispanic or Latino         328    499176.829268    245533.667939        305000.0        657500.0                72.195264                19.394388                61.22200                85.00000                 43.859031                  4.094832                      NaN                      NaN       740182.926829       428541.331563           465000.0           905000.0  172.780488  112.612895      99.75     218.50       310      18         352500.0            440000.0      118.75         0.945122            94.512195
                                    White        Male     Hispanic or Latino         300    459933.333333    206119.576512        322500.0        585000.0                82.525193                16.499565                79.99825                95.00000                 44.160000                  3.824405                      NaN                      NaN       583600.000000       263928.464008           405000.0           725000.0  159.236667  226.063908      91.00     175.00       282      18         262500.0            320000.0       84.00         0.940000            94.000000
                                    White        Male Not Hispanic or Latino         451    551607.538803    248115.159349        365000.0        725000.0                74.636614                18.239452                66.66850                87.81100                 43.705298                  4.046561                      NaN                      NaN       784512.195122       412586.671522           495000.0           995000.0  212.050998  183.653780     110.00     254.00       428      23         360000.0            500000.0      144.00         0.949002            94.900222