                             derived_race derived_sex      derived_ethnicity  total_apps  avg_loan_amount  std_loan_amount  Q1_loan_amount  Q3_loan_amount  avg_loan_to_value_ratio  std_loan_to_value_ratio  Q1_loan_to_value_ratio  Q3_loan_to_value_ratio  avg_debt_to_income_ratio  std_debt_to_income_ratio  Q1_debt_to_income_ratio  Q3_debt_to_income_ratio  avg_property_value  std_property_value  Q1_property_value  Q3_property_value  avg_income  std_income  Q1_income  Q3_income  accepted  denied  iqr_loan_amount  iqr_property_value  iqr_income  acceptance_rate  acceptance_rate_pct
                 2 or more minority races      Female Not Hispanic or Latino           4    470000.000000    214242.852856        357500.0        552500.0                70.601500                21.797993                 60.3665                82.35800                 45.333333                  2.081666                      NaN                      NaN       652500.000000       205000.000000           542500.0           685000.0  135.750000   63.410698      90.75     159.00         3       1         195000.0            142500.0       68.25         0.750000            75.000000
                 2 or more minority races        Male Not Hispanic or Latino           2    430000.000000    205060.966544        357500.0        502500.0                92.495000                 3.542605                 91.2425                93.74750                 39.000000                  1.414214                    38.50                    39.50       465000.000000       240416.305603           380000.0           550000.0  134.500000    9.192388     131.25     137.75         2       0         145000.0            170000.0        6.50         1.000000           100.000000
         American Indian or Alaska Native      Female     Hispanic or Latino           6    488333.333333    338329.228218        305000.0        505000.0                84.085500                 6.820348                 80.0000                87.75950                 47.666667                  1.505545                    46.25                    49.00       593333.333333       440972.410324           352500.0           622500.0  126.666667   84.037293      86.00     127.00         6       0         200000.0            270000.0       41.00         1.000000           100.000000
         American Indian or Alaska Native      Female Not Hispanic or Latino           3    561666.666667    342977.161533        365000.0        680000.0                69.854333                33.301527                 56.3300                88.45150                 36.500000                  0.707107                      NaN                      NaN       918333.333333       505404.128726           765000.0          1210000.0  169.333333   88.285522     118.50     198.00         3       0         315000.0            445000.0       79.50         1.000000           100.000000
         American Indian or Alaska Native        Male     Hispanic or Latino           9    329444.444444    166666.666667        225000.0        405000.0                83.431222                 7.863048                 80.0000                90.00000                 45.800000                  3.701351                      NaN                      NaN       393888.888889       183537.764809           315000.0           505000.0  113.333333   67.603624      81.00     110.00         6       3         180000.0            190000.0       29.00         0.666667            66.666667
         American Indian or Alaska Native        Male Not Hispanic or Latino           2    715000.000000     14142.135624        710000.0        720000.0                85.500000                 7.778175                 82.7500                88.25000                 47.000000                  0.000000                    47.00                    47.00       890000.000000        21213.203436           882500.0           897500.0  154.500000    6.363961     152.25     156.75         2       0          10000.0             15000.0        4.50         1.000000           100.000000
                                    Asian      Female     Hispanic or Latino           6    525000.000000    196163.197364        415000.0        555000.0                79.661333                20.306587                 77.5000                91.64625                 43.333333                  4.163332                      NaN                      NaN       695000.000000       299866.637024           477500.0           875000.0  131.500000   89.442160      95.00     110.50         5       1         140000.0            397500.0       15.50         0.833333            83.333333
                                    Asian      Female Not Hispanic or Latino         222    565270.270270    225101.121407        405000.0        682500.0                74.157923                17.280797                 65.0000                85.00000                 43.964497                  4.007275                      NaN                      NaN       800540.540541       334980.820246           575000.0           945000.0  178.477477  105.011729     111.75     214.75       211      11         277500.0            370000.0      103.00         0.950450            95.045045
                                    Asian        Male     Hispanic or Latino          14    459285.714286    153958.750006        372500.0        572500.0                75.342500                14.861847                 64.9200                80.00000                 45.625000                  3.852179                      NaN                      NaN       625000.000000       241660.919472           447500.0           745000.0  199.857143  173.533352     124.50     179.25        11       3         200000.0            297500.0       54.75         0.785714            78.571429
                                    Asian        Male Not Hispanic or Latino         349    611275.071633    238003.897348        435000.0        765000.0                73.937217                17.997506                 65.0700                85.00000                 43.717131                  4.123550                      NaN                      NaN       881991.404011       420764.701269           595000.0          1085000.0  192.681948  109.275063     121.00     238.00       319      30         330000.0            490000.0      117.00         0.914040            91.404011
                Black or African American      Female Not Hispanic or Latino          45    483444.444444    226805.438803        315000.0        625000.0                83.461667                16.992641                 80.0000                95.00000                 44.631579                  3.941608                      NaN                      NaN       622777.777778       250987.946912           435000.0           765000.0  157.155556   78.816229     109.00     200.00        42       3         310000.0            330000.0       91.00         0.933333            93.333333
                Black or African American        Male     Hispanic or Latino           4    455000.000000     77888.809637        402500.0        482500.0                88.750000                 6.238322                 84.5000                91.75000                 41.500000                  3.511885                    38.75                    44.25       522500.000000       118145.390656           437500.0           585000.0  132.250000   33.410328     117.75     138.00         4       0          80000.0            147500.0       20.25         1.000000           100.000000
                Black or African American        Male Not Hispanic or Latino          33    508333.333333    259695.334318        345000.0        655000.0                79.964403                24.057679                 74.0000                95.00000                 45.434783                  3.087012                      NaN                      NaN       698333.333333       297464.983934           545000.0           785000.0  174.333333  116.167623      99.00     200.00        24       9         310000.0            240000.0      101.00         0.727273            72.727273
Native Hawaiian or Other Pacific Islander      Female     Hispanic or Latino           1    645000.000000              NaN        645000.0        645000.0                90.000000                      NaN                 90.0000                90.00000                 46.000000                       NaN                    46.00                    46.00       715000.000000                 NaN           715000.0           715000.0  161.000000         NaN     161.00     161.00         1       0              0.0                 0.0        0.00         1.000000           100.000000
Native Hawaiian or Other Pacific Islander      Female Not Hispanic or Latino           3    491666.666667    245017.006212        370000.0        615000.0                76.177000                 6.621630                 74.2655                80.00000                 44.000000                  4.582576                    41.50                    46.00       725000.000000       195192.212959           625000.0           820000.0  126.666667   63.791326     100.00     162.00         3       0         245000.0            195000.0       62.00         1.000000           100.000000
Native Hawaiian or Other Pacific Islander        Male     Hispanic or Latino           1    375000.000000              NaN        375000.0        375000.0                97.000000                      NaN                 97.0000                97.00000                 46.000000                       NaN                    46.00                    46.00       395000.000000                 NaN           395000.0           395000.0  107.000000         NaN     107.00     107.00         1       0              0.0                 0.0        0.00         1.000000           100.000000
Native Hawaiian or Other Pacific Islander        Male Not Hispanic or Latino           1    195000.000000              NaN        195000.0        195000.0                30.296000                      NaN                 30.2960                30.29600                 49.000000                       NaN                    49.00                    49.00       645000.000000                 NaN           645000.0           645000.0   54.000000         NaN      54.00      54.00         1       0              0.0                 0.0        0.00         1.000000           100.000000
                                    White      Female     Hispanic or Latino         173    433901.734104    186087.178393        305000.0        535000.0                80.797630                18.165675                 73.0510                95.00000                 43.863309                  3.936454                      NaN                      NaN       581647.398844       315852.993213           385000.0           675000.0  161.167630  201.057931      84.00     163.00       163      10         230000.0            290000.0       79.00         0.942197            94.219653
                                    White      Female Not Hispanic or Latino         376    480026.595745    235042.122376        305000.0        635000.0                70.263282                20.370236                 56.6720                82.41500                 44.111940                  4.166318                      NaN                      NaN       725452.127660       368065.295433           462500.0           885000.0  161.263298  101.111014      95.00     200.00       347      29         330000.0            422500.0      105.00         0.922872            92.287234
                                    White        Male     Hispanic or Latino         275    459436.363636    194844.010567        325000.0        575000.0                82.765905                16.528232                 79.7850                95.00000                 44.542714                  3.796188                      NaN                      NaN       577654.545455       250075.624925           395000.0           705000.0  149.992727  106.969980      86.50     175.50       259      16         250000.0            310000.0       89.00         0.941818            94.181818
                                    White        Male Not Hispanic or Latino         471    544532.908705    258493.578833        350000.0        725000.0                75.137441                19.378005                 69.2960                90.00000                 43.636646                  3.984584                      NaN                      NaN       765849.256900       392696.245281           485000.0           975000.0  222.957537  459.527975     111.50     229.50       448      23         375000.0            490000.0      118.00         0.951168            95.116773