                             derived_race derived_sex      derived_ethnicity  total_apps  avg_loan_amount  std_loan_amount  Q1_loan_amount  Q3_loan_amount  avg_loan_to_value_ratio  std_loan_to_value_ratio  Q1_loan_to_value_ratio  Q3_loan_to_value_ratio  avg_debt_to_income_ratio  std_debt_to_income_ratio  Q1_debt_to_income_ratio  Q3_debt_to_income_ratio  avg_property_value  std_property_value  Q1_property_value  Q3_property_value  avg_income  std_income  Q1_income  Q3_income  accepted  denied  iqr_loan_amount  iqr_property_value  iqr_income  acceptance_rate  acceptance_rate_pct
                 2 or more minority races      Female Not Hispanic or Latino           2    305000.000000    240416.305603        220000.0        390000.0                58.469000                32.146488                47.10350                69.83450                 49.000000                       NaN                      NaN                      NaN        7.850000e+05       565685.424949           585000.0           985000.0  139.000000  151.320851      85.50     192.50         1       1         170000.0            400000.0      107.00         0.500000            50.000000
                 2 or more minority races        Male Not Hispanic or Latino           3    788333.333333    341223.289553        680000.0        985000.0                82.666667                 4.618802                80.00000                84.00000                 46.000000                  1.414214                      NaN                      NaN        9.516667e+05       396274.315763           825000.0          1180000.0  276.333333   95.038589     238.00     329.50         3       0         305000.0            355000.0       91.50         1.000000           100.000000
         American Indian or Alaska Native      Female     Hispanic or Latino           5    299000.000000    189815.700088        245000.0        395000.0               158.334800               165.769034                81.00000                97.00000                       NaN                       NaN                      NaN                      NaN        3.610000e+05       237655.212440           255000.0           495000.0  495.000000  826.360999     131.00     153.00         3       2         150000.0            240000.0       22.00         0.600000            60.000000
         American Indian or Alaska Native      Female Not Hispanic or Latino           3    698333.333333    289194.283023        570000.0        855000.0                75.000000                22.912878                65.00000                87.50000                 42.000000                  8.485281                      NaN                      NaN        1.035000e+06       567186.036499           800000.0          1350000.0  233.000000   80.987653     205.50     279.50         3       0         285000.0            550000.0       74.00         1.000000           100.000000
         American Indian or Alaska Native        Male     Hispanic or Latino           4    457500.000000    144769.932422        347500.0        545000.0                88.250000                 6.238322                86.00000                91.25000                 45.000000                  4.242641                      NaN                      NaN        5.125000e+05       145459.043491           402500.0           585000.0  125.500000   37.643060     106.50     144.00         4       0         197500.0            182500.0       37.50         1.000000           100.000000
         American Indian or Alaska Native        Male Not Hispanic or Latino           2    670000.000000    106066.017178        632500.0        707500.0                77.500000                 3.535534                76.25000                78.75000                       NaN                       NaN                      NaN                      NaN        8.650000e+05       183847.763109           800000.0           930000.0  540.000000    0.000000     540.00     540.00         2       0          75000.0            130000.0        0.00         1.000000           100.000000
                                    Asian      Female     Hispanic or Latino           3    461666.666667     92915.732432        430000.0        515000.0                79.782333                15.327659                72.17350                87.50000                 46.666667                  2.516611                     45.5                     48.0        5.983333e+05       192959.408512           490000.0           675000.0   96.000000   28.053520      82.50     110.50         3       0          85000.0            185000.0       28.00         1.000000           100.000000
                                    Asian      Female Not Hispanic or Latino         226    545221.238938    218943.817634        385000.0        672500.0                72.818903                18.563357                60.94275                85.00000                 43.681818                  4.105872                      NaN                      NaN        7.884513e+05       331234.109654           545000.0           922500.0  179.194690  185.021337     109.00     197.00       207      19         287500.0            377500.0       88.00         0.915929            91.592920
                                    Asian        Male     Hispanic or Latino           4    427500.000000    152178.623116        387500.0        500000.0                81.693750                13.751066                75.75000                90.94375                 45.333333                  6.350853                      NaN                      NaN        5.125000e+05       117862.914722           467500.0           575000.0  115.000000   50.977119      90.50     131.50         4       0         112500.0            107500.0       41.00         1.000000           100.000000
                                    Asian        Male Not Hispanic or Latino         368    629728.260870    245761.746491        465000.0        765000.0                72.409508                17.955059                64.83425                80.00000                 43.882353                  4.105722                      NaN                      NaN        9.219565e+05       439684.031039           635000.0          1115000.0  209.744565  163.505218     135.00     239.00       339      29         300000.0            480000.0      104.00         0.921196            92.119565
                Black or African American      Female     Hispanic or Latino           3    568333.333333    190875.177363        460000.0        640000.0                93.965000                 8.903732                89.79450                98.65300                 45.000000                       NaN                      NaN                      NaN        7.550000e+05       147986.485869           705000.0           840000.0  189.000000   86.965510     140.50     224.50         3       0         180000.0            135000.0       84.00         1.000000           100.000000
                Black or African American      Female Not Hispanic or Latino          46    497173.913043    234936.521388        347500.0        642500.0                84.916848                16.227582                80.00000                95.00000                 43.464286                  4.158723                      NaN                      NaN        6.186957e+05       247488.349406           517500.0           760000.0  230.282609  531.951487      97.25     184.75        38       8         295000.0            242500.0       87.50         0.826087            82.608696
                Black or African American        Male     Hispanic or Latino           1    645000.000000              NaN        645000.0        645000.0                79.556000                      NaN                79.55600                79.55600                 37.000000                       NaN                     37.0                     37.0        8.150000e+05                 NaN           815000.0           815000.0  158.000000         NaN     158.00     158.00         1       0              0.0                 0.0        0.00         1.000000           100.000000
                Black or African American        Male Not Hispanic or Latino          41    603780.487805    269250.767148        435000.0        755000.0                85.202324                15.872829                80.00000                95.00000                 43.250000                  2.994619                      NaN                      NaN        7.369512e+05       349293.712456           545000.0           875000.0  196.756098  146.926135     113.00     231.00        37       4         320000.0            330000.0      118.00         0.902439            90.243902
Native Hawaiian or Other Pacific Islander      Female     Hispanic or Latino           1    395000.000000              NaN        395000.0        395000.0                95.000000                      NaN                95.00000                95.00000                       NaN                       NaN                      NaN                      NaN        4.250000e+05                 NaN           425000.0           425000.0  132.000000         NaN     132.00     132.00         1       0              0.0                 0.0        0.00         1.000000           100.000000
Native Hawaiian or Other Pacific Islander      Female Not Hispanic or Latino           7    496428.571429    258355.605799        350000.0        600000.0                90.714286                10.578505                80.00000                97.50000                 43.000000                  6.377042                      NaN                      NaN        5.835714e+05       311738.596232           425000.0           635000.0  139.571429   64.866163     108.00     145.00         6       1         250000.0            210000.0       37.00         0.857143            85.714286
Native Hawaiian or Other Pacific Islander        Male     Hispanic or Latino           1    495000.000000              NaN        495000.0        495000.0                90.000000                      NaN                90.00000                90.00000                       NaN                       NaN                      NaN                      NaN        5.550000e+05                 NaN           555000.0           555000.0   84.000000         NaN      84.00      84.00         0       1              0.0                 0.0        0.00         0.000000             0.000000
Native Hawaiian or Other Pacific Islander        Male Not Hispanic or Latino           7    489285.714286    231218.305421        380000.0        695000.0                86.167571                15.580351                82.50000                96.00000                 44.000000                  3.847077                      NaN                      NaN        5.821429e+05       266815.434693           435000.0           760000.0  186.714286  129.034510     106.50     215.50         5       2         315000.0            325000.0      109.00         0.714286            71.428571
                                    White      Female     Hispanic or Latino         157    441369.426752    210798.703550        295000.0        565000.0                81.759471                19.240588                79.00000                95.00000                 43.694215                  4.157008                      NaN                      NaN        5.855096e+05       287486.446009           405000.0           715000.0  131.904459   86.524695      77.00     161.00       142      15         270000.0            310000.0       84.00         0.904459            90.445860
                                    White      Female Not Hispanic or Latino         366    496530.054645    247264.171135        325000.0        665000.0                70.088478                20.649032                54.51375                84.70825                 43.856000                  4.171435                      NaN                      NaN        7.596721e+05       410284.601041           485000.0           950000.0  169.874317  115.402740      99.00     211.75       346      20         340000.0            465000.0      112.75         0.945355            94.535519
                                    White        Male     Hispanic or Latino         287    469773.519164    212686.448675        320000.0        605000.0                83.395725                14.595907                80.00000                95.00000                 44.457547                  3.883748                      NaN                      NaN        5.849652e+05       263321.306904           395000.0           735000.0  158.045296  121.274877      85.00     181.00       260      27         285000.0            340000.0       96.00         0.905923            90.592334
                                    White        Male Not Hispanic or Latino         463    552602.591793    245716.722113        365000.0        705000.0                75.411490                17.973355                67.67450                89.63450                 43.774920                  3.893851                      NaN                      NaN        7.834233e+05       417003.713968           495000.0           955000.0  218.643629  227.574792     117.00     249.00       434      29         340000.0            460000.0      132.00         0.937365            93.736501