                             derived_race derived_sex      derived_ethnicity  total_apps  avg_loan_amount  std_loan_amount  Q1_loan_amount  Q3_loan_amount  avg_loan_to_value_ratio  std_loan_to_value_ratio  Q1_loan_to_value_ratio  Q3_loan_to_value_ratio  avg_debt_to_income_ratio  std_debt_to_income_ratio  Q1_debt_to_income_ratio  Q3_debt_to_income_ratio  avg_property_value  std_property_value  Q1_property_value  Q3_property_value  avg_income  std_income  Q1_income  Q3_income  accepted  denied  iqr_loan_amount  iqr_property_value  iqr_income  acceptance_rate  acceptance_rate_pct
                 2 or more minority races      Female     Hispanic or Latino           4    560000.000000    366833.295472        417500.0        722500.0                78.640000                14.553295                74.89000                83.75000                 43.750000                  3.774917                    41.00                    45.25       682500.000000       443048.153892           457500.0           895000.0  152.500000   79.466974     116.25     188.25         4       0         305000.0            437500.0       72.00         1.000000           100.000000
                 2 or more minority races      Female Not Hispanic or Latino           5    533000.000000    134796.142378        525000.0        525000.0                79.965800                14.636115                70.00000                90.00000                 41.500000                  3.535534                      NaN                      NaN       661000.000000        91268.833673           585000.0           755000.0  134.600000   84.150460     111.00     185.00         3       2              0.0            170000.0       74.00         0.600000            60.000000
                 2 or more minority races        Male     Hispanic or Latino           1    595000.000000              NaN        595000.0        595000.0                80.000000                      NaN                80.00000                80.00000                 41.000000                       NaN                    41.00                    41.00       745000.000000                 NaN           745000.0           745000.0  260.000000         NaN     260.00     260.00         1       0              0.0                 0.0        0.00         1.000000           100.000000
                 2 or more minority races        Male Not Hispanic or Latino           4    515000.000000    382186.690855        277500.0        642500.0                86.192000                 8.951237                79.44450                91.74250                 45.500000                  5.066228                    44.75                    48.25       635000.000000       505766.744656           340000.0           785000.0  118.000000   64.843401      83.75     133.75         4       0         365000.0            445000.0       50.00         1.000000           100.000000
         American Indian or Alaska Native      Female     Hispanic or Latino           4    577500.000000    386382.798099        375000.0        642500.0                95.206750                11.228958                92.28675               101.25000                 45.250000                  3.500000                    43.25                    47.50       685000.000000       519422.756529           392500.0           792500.0  151.750000   94.950426     104.25     166.50         4       0         267500.0            400000.0       62.25         1.000000           100.000000
         American Indian or Alaska Native      Female Not Hispanic or Latino           5    401000.000000    187429.986928        245000.0        565000.0                85.900000                11.024972                80.00000                95.00000                 46.200000                  2.683282                    46.00                    48.00       453000.000000       177115.781341           355000.0           625000.0  112.200000   49.876848     102.00     125.00         5       0         320000.0            270000.0       23.00         1.000000           100.000000
         American Indian or Alaska Native        Male     Hispanic or Latino          13    488076.923077    203034.669264        365000.0        565000.0                80.793615                15.288860                80.00000                95.00000                 45.222222                  4.294700                      NaN                      NaN       634230.769231       292416.983617           455000.0           755000.0  163.230769   55.239107     150.00     207.00        13       0         200000.0            300000.0       57.00         1.000000           100.000000
         American Indian or Alaska Native        Male Not Hispanic or Latino           2    525000.000000    339411.254970        405000.0        645000.0                87.381000                10.774893                83.57150                91.19050                 40.500000                  2.121320                    39.75                    41.25       635000.000000       466690.475583           470000.0           800000.0  166.500000   53.033009     147.75     185.25         2       0         240000.0            330000.0       37.50         1.000000           100.000000
                                    Asian      Female     Hispanic or Latino           4    430000.000000    211108.187114        347500.0        482500.0                67.959250                28.223843                52.95925                87.50000                 43.500000                  4.949747                      NaN                      NaN       627500.000000       126852.933221           582500.0           695000.0  135.500000   70.778999      95.75     165.25         4       0         135000.0            112500.0       69.50         1.000000           100.000000
                                    Asian      Female Not Hispanic or Latino         198    567676.767677    208943.211301        405000.0        682500.0                73.655970                16.351532                64.00575                80.00000                 43.036232                  4.215732                      NaN                      NaN       803181.818182       356457.083046           565000.0           912500.0  176.343434  113.877899     117.50     205.00       182      16         277500.0            347500.0       87.50         0.919192            91.919192
                                    Asian        Male     Hispanic or Latino          14    567857.142857    210582.655851        397500.0        702500.0                72.603286                15.725575                67.58175                80.00000                 41.090909                  3.806693                      NaN                      NaN       814285.714286       334375.751000           560000.0           950000.0  199.785714   93.033640     123.00     254.25        13       1         305000.0            390000.0      131.25         0.928571            92.857143
                                    Asian        Male Not Hispanic or Latino         395    626189.873418    220913.773515        465000.0        765000.0                74.820306                16.647374                69.76350                85.00000                 43.731034                  4.109665                      NaN                      NaN       876898.734177       356509.715908           625000.0          1095000.0  198.812658  110.148909     135.00     238.50       372      23         300000.0            470000.0      103.50         0.941772            94.177215
                Black or African American      Female     Hispanic or Latino           2    435000.000000    381837.661841        300000.0        570000.0                57.584000                35.959208                44.87050                70.29750                 46.500000                  3.535534                    45.25                    47.75       680000.000000       233345.237792           597500.0           762500.0  117.500000   75.660426      90.75     144.25         2       0         270000.0            165000.0       53.50         1.000000           100.000000
                Black or African American      Female Not Hispanic or Latino          50    467400.000000    200046.525201        327500.0        602500.0                83.108680                21.511133                80.00000                97.00000                 44.275000                  3.822923                      NaN                      NaN       613000.000000       215558.127016           475000.0           742500.0  142.440000   60.617961     105.50     177.75        45       5         275000.0            267500.0       72.25         0.900000            90.000000
                Black or African American        Male     Hispanic or Latino           3    505000.000000     26457.513111        490000.0        515000.0                75.010000                 8.642934                72.51500                80.00000                 49.000000                       NaN                      NaN                      NaN       681666.666667       124230.967691           610000.0           720000.0  194.666667   74.036027     157.00     231.00         3       0          25000.0            110000.0       74.00         1.000000           100.000000
                Black or African American        Male Not Hispanic or Latino          28    539642.857143    237104.167495        367500.0        652500.0                86.543929                12.551398                80.00000                95.07375                 44.500000                  4.148557                      NaN                      NaN       633571.428571       271139.082606           462500.0           800000.0  197.892857  167.963916      97.25     243.50        23       5         285000.0            337500.0      146.25         0.821429            82.142857
Native Hawaiian or Other Pacific Islander      Female     Hispanic or Latino           1    645000.000000              NaN        645000.0        645000.0                90.000000                      NaN                90.00000                90.00000                 46.000000                       NaN                    46.00                    46.00       715000.000000                 NaN           715000.0           715000.0  161.000000         NaN     161.00     161.00         1       0              0.0                 0.0        0.00         1.000000           100.000000
Native Hawaiian or Other Pacific Islander      Female Not Hispanic or Latino           3    511666.666667     35118.845843        495000.0        530000.0                97.883333                 4.994080                95.00000                99.32500                 45.500000                  3.535534                      NaN                      NaN       568333.333333        77674.534652           525000.0           600000.0  146.000000   25.514702     133.50     159.00         3       0          35000.0             75000.0       25.50         1.000000           100.000000
Native Hawaiian or Other Pacific Islander        Male     Hispanic or Latino           1    135000.000000              NaN        135000.0        135000.0                51.923000                      NaN                51.92300                51.92300                       NaN                       NaN                      NaN                      NaN       265000.000000                 NaN           265000.0           265000.0   57.000000         NaN      57.00      57.00         1       0              0.0                 0.0        0.00         1.000000           100.000000
Native Hawaiian or Other Pacific Islander        Male Not Hispanic or Latino           3    518333.333333    145028.732785        445000.0        590000.0                95.666667                 1.154701                95.00000                96.00000                 41.500000                  2.121320                      NaN                      NaN       548333.333333       155026.879390           470000.0           625000.0  191.333333   49.399730     171.50     219.00         3       0         145000.0            155000.0       47.50         1.000000           100.000000
                                    White      Female     Hispanic or Latino         189    448492.063492    224607.165794        305000.0        585000.0                81.027771                18.729030                77.93800                95.00000                 44.424837                  3.850312                      NaN                      NaN       570767.195767       260468.213406           395000.0           705000.0  143.767196  125.625959      78.00     162.00       174      15         280000.0            310000.0       84.00         0.920635            92.063492
                                    White      Female Not Hispanic or Latino         335    465208.955224    235396.756251        290000.0        605000.0                68.817227                21.355631                54.38150                84.30800                 44.057143                  3.955283                      NaN                      NaN       710641.791045       351236.639164           475000.0           875000.0  161.725373  100.799658      96.50     200.00       317      18         315000.0            400000.0      103.50         0.946269            94.626866
                                    White        Male     Hispanic or Latino         283    490017.667845    225345.085343        325000.0        620000.0                82.405975                16.035862                77.72200                95.00000                 44.076190                  3.797998                      NaN                      NaN       622703.180212       305791.654070           415000.0           770000.0  158.395760  134.766092      91.00     186.50       258      25         295000.0            355000.0       95.50         0.911661            91.166078
                                    White        Male Not Hispanic or Latino         453    551799.116998    267097.057032        345000.0        735000.0                72.665645                20.117296                60.00000                88.09500                 43.521898                  3.849917                      NaN                      NaN       805971.302428       433606.435849           515000.0          1025000.0  222.284768  227.313126     112.00     251.00       421      32         390000.0            510000.0      139.00         0.929360            92.935982