                             derived_race derived_sex      derived_ethnicity  total_apps  avg_loan_amount  std_loan_amount  Q1_loan_amount  Q3_loan_amount  avg_loan_to_value_ratio  std_loan_to_value_ratio  Q1_loan_to_value_ratio  Q3_loan_to_value_ratio  avg_debt_to_income_ratio  std_debt_to_income_ratio  Q1_debt_to_income_ratio  Q3_debt_to_income_ratio  avg_property_value  std_property_value  Q1_property_value  Q3_property_value  avg_income  std_income  Q1_income  Q3_income  accepted  denied  iqr_loan_amount  iqr_property_value  iqr_income  acceptance_rate  acceptance_rate_pct
                 2 or more minority races      Female     Hispanic or Latino           2    495000.000000     56568.542495        475000.0        515000.0                87.500000                10.606602                83.75000                91.25000                 43.500000                  4.949747                    41.75                    45.25       570000.000000        7.071068e+03           567500.0           572500.0  121.000000   26.870058     111.50     130.50         2       0          40000.0              5000.0       19.00         1.000000           100.000000
                 2 or more minority races      Female Not Hispanic or Latino           1    255000.000000              NaN        255000.0        255000.0                80.000000                      NaN                80.00000                80.00000                 45.000000                       NaN                    45.00                    45.00       315000.000000                 NaN           315000.0           315000.0   52.000000         NaN      52.00      52.00         1       0              0.0                 0.0        0.00         1.000000           100.000000
                 2 or more minority races        Male     Hispanic or Latino           2    440000.000000    473761.543395        272500.0        607500.0                71.562500                33.145630                59.84375                83.28125                 39.500000                  2.121320                    38.75                    40.25       855000.000000        1.060660e+06           480000.0          1230000.0  113.000000  115.965512      72.00     154.00         2       0         335000.0            750000.0       82.00         1.000000           100.000000
                 2 or more minority races        Male Not Hispanic or Latino           2    315000.000000    113137.084990        275000.0        355000.0                70.383500                37.641415                57.07525                83.69175                 40.000000                       NaN                      NaN                      NaN       475000.000000        8.485281e+04           445000.0           505000.0   97.000000   12.727922      92.50     101.50         2       0          80000.0             60000.0        9.00         1.000000           100.000000
         American Indian or Alaska Native      Female     Hispanic or Latino           4    440000.000000    209364.116633        315000.0        490000.0                90.000000                 9.128709                83.75000                96.25000                 43.750000                  2.753785                    41.75                    45.50       502500.000000        2.613267e+05           377500.0           540000.0  107.750000   41.867848      76.75     126.00         4       0         175000.0            162500.0       49.25         1.000000           100.000000
         American Indian or Alaska Native      Female Not Hispanic or Latino           4    317500.000000    157770.930994        270000.0        387500.0                67.604750                12.248288                60.10475                76.25000                 42.000000                  2.645751                      NaN                      NaN       465000.000000        2.178685e+05           375000.0           615000.0   95.500000   15.329710      87.75      99.75         4       0         117500.0            240000.0       12.00         1.000000           100.000000
         American Indian or Alaska Native        Male     Hispanic or Latino          15    467666.666667    128977.665102        380000.0        530000.0                85.800733                 7.567298                80.00000                92.50000                 43.384615                  3.948385                      NaN                      NaN       551000.000000        1.643081e+05           445000.0           645000.0  148.266667   84.693115      98.50     155.50        14       1         150000.0            200000.0       57.00         0.933333            93.333333
         American Indian or Alaska Native        Male Not Hispanic or Latino           2    190000.000000     91923.881554        157500.0        222500.0                75.000000                 0.000000                75.00000                75.00000                 48.000000                       NaN                      NaN                      NaN       255000.000000        1.272792e+05           210000.0           300000.0   63.000000    0.000000      63.00      63.00         2       0          65000.0             90000.0        0.00         1.000000           100.000000
                                    Asian      Female     Hispanic or Latino           4    385000.000000    116045.967904        330000.0        430000.0                66.558250                30.853621                61.55825                82.50000                 44.000000                  5.000000                      NaN                      NaN       690000.000000        3.376882e+05           467500.0           792500.0  145.750000   39.169503     122.25     167.50         4       0         100000.0            325000.0       45.25         1.000000           100.000000
                                    Asian      Female Not Hispanic or Latino         219    554041.095890    222608.582207        400000.0        690000.0                71.295466                19.073064                57.88900                86.54500                 43.535032                  3.900244                      NaN                      NaN       825684.931507        3.857389e+05           565000.0           980000.0  218.789954  592.129164     112.00     213.00       206      13         290000.0            415000.0      101.00         0.940639            94.063927
                                    Asian        Male     Hispanic or Latino           9    505000.000000    310805.405358        305000.0        675000.0                74.382333                27.030315                44.11800                95.00000                 42.428571                  3.598942                      NaN                      NaN       666111.111111        3.312267e+05           505000.0           905000.0  158.222222   74.019892     100.00     198.00         7       2         370000.0            400000.0       98.00         0.777778            77.777778
                                    Asian        Male Not Hispanic or Latino         385    651753.246753    249286.698853        475000.0        805000.0                73.430776                17.348561                65.00000                84.00000                 43.438163                  4.106589                      NaN                      NaN       942454.545455        4.508525e+05           635000.0          1155000.0  214.423377  141.552810     137.00     245.00       360      25         330000.0            520000.0      108.00         0.935065            93.506494
                Black or African American      Female     Hispanic or Latino           1    675000.000000              NaN        675000.0        675000.0                75.000000                      NaN                75.00000                75.00000                 46.000000                       NaN                    46.00                    46.00       895000.000000                 NaN           895000.0           895000.0  260.000000         NaN     260.00     260.00         1       0              0.0                 0.0        0.00         1.000000           100.000000
                Black or African American      Female Not Hispanic or Latino          43    496395.348837    221924.283477        345000.0        605000.0                86.567930                17.582373                80.00000                97.41300                 44.916667                  3.588673                      NaN                      NaN       612441.860465        2.452801e+05           450000.0           685000.0  132.744186   49.859370     100.50     153.00        37       6         260000.0            235000.0       52.50         0.860465            86.046512
                Black or African American        Male     Hispanic or Latino           4    507500.000000    113541.475535        435000.0        587500.0                90.750000                 6.994045                88.25000                92.50000                 45.250000                  1.258306                    44.75                    45.50       557500.000000        1.108678e+05           520000.0           602500.0  162.750000   62.930517     122.00     179.75         4       0         152500.0             82500.0       57.75         1.000000           100.000000
                Black or African American        Male Not Hispanic or Latino          38    575526.315789    269774.153475        390000.0        702500.0                83.119789                15.840530                80.00000                95.00000                 44.777778                  3.055050                      NaN                      NaN       686842.105263        2.832328e+05           507500.0           792500.0  167.763158  125.568638      86.25     202.25        34       4         312500.0            285000.0      116.00         0.894737            89.473684
Native Hawaiian or Other Pacific Islander      Female     Hispanic or Latino           1    205000.000000              NaN        205000.0        205000.0                76.340000                      NaN                76.34000                76.34000                       NaN                       NaN                      NaN                      NaN       265000.000000                 NaN           265000.0           265000.0   28.000000         NaN      28.00      28.00         0       1              0.0                 0.0        0.00         0.000000             0.000000
Native Hawaiian or Other Pacific Islander      Female Not Hispanic or Latino           3    528333.333333    198578.280115        415000.0        600000.0                80.226667                25.588164                72.84000                95.00000                 46.333333                  2.081666                    45.50                    47.50       785000.000000        6.069596e+05           435000.0           975000.0  159.666667  104.308836      99.50     192.00         2       1         185000.0            540000.0       92.50         0.666667            66.666667
Native Hawaiian or Other Pacific Islander        Male     Hispanic or Latino           2    320000.000000    219203.102168        242500.0        397500.0                61.453500                44.613488                45.68025                77.22675                 43.000000                       NaN                      NaN                      NaN       520000.000000        2.121320e+04           512500.0           527500.0   78.000000   50.911688      60.00      96.00         0       2         155000.0             15000.0       36.00         0.000000             0.000000
Native Hawaiian or Other Pacific Islander        Male Not Hispanic or Latino           5    413000.000000    242012.396377        295000.0        605000.0                90.767800                 7.801736                85.00000                97.00000                 42.333333                  4.041452                      NaN                      NaN       447000.000000        2.398333e+05           315000.0           625000.0  144.400000   53.355412     117.00     197.00         4       1         310000.0            310000.0       80.00         0.800000            80.000000
                                    White      Female     Hispanic or Latino         158    453037.974684    201476.899976        305000.0        582500.0                82.360639                18.546750                79.99250                95.00000                 44.272727                  4.242641                      NaN                      NaN       574936.708861        2.346552e+05           425000.0           715000.0  171.265823  365.308689      83.25     163.75       147      11         277500.0            290000.0       80.50         0.930380            93.037975
                                    White      Female Not Hispanic or Latino         352    482926.136364    247624.532425        315000.0        665000.0                70.351838                21.240447                56.45300                85.00000                 43.950207                  3.954640                      NaN                      NaN       736107.954545        4.138605e+05           455000.0           905000.0  174.653409  139.374403      97.00     206.00       329      23         350000.0            450000.0      109.00         0.934659            93.465909
                                    White        Male     Hispanic or Latino         278    472949.640288    206045.202841        335000.0        602500.0                82.934796                14.982475                80.00000                95.00000                 44.225490                  3.699040                      NaN                      NaN       584172.661871        2.583557e+05           415000.0           715000.0  151.665468  104.310490      92.25     174.75       247      31         267500.0            300000.0       82.50         0.888489            88.848921
                                    White        Male Not Hispanic or Latino         466    554785.407725    254230.352497        365000.0        725000.0                75.462107                18.506714                69.33725                90.00000                 43.519878                  4.024321                      NaN                      NaN       789763.948498        4.276624e+05           495000.0           975000.0  201.452790  141.511483     115.00     237.75       439      27         360000.0            480000.0      122.75         0.942060            94.206009