                             derived_race derived_sex      derived_ethnicity  total_apps  avg_loan_amount  std_loan_amount  Q1_loan_amount  Q3_loan_amount  avg_loan_to_value_ratio  std_loan_to_value_ratio  Q1_loan_to_value_ratio  Q3_loan_to_value_ratio  avg_debt_to_income_ratio  std_debt_to_income_ratio  Q1_debt_to_income_ratio  Q3_debt_to_income_ratio  avg_property_value  std_property_value  Q1_property_value  Q3_property_value  avg_income  std_income  Q1_income  Q3_income  accepted  denied  iqr_loan_amount  iqr_property_value  iqr_income  acceptance_rate  acceptance_rate_pct
                 2 or more minority races      Female     Hispanic or Latino           1    535000.000000              NaN        535000.0        535000.0                95.000000                      NaN                95.00000                95.00000                 40.000000                       NaN                    40.00                    40.00        5.650000e+05                 NaN           565000.0           565000.0  140.000000         NaN     140.00     140.00         1       0              0.0                 0.0        0.00         1.000000           100.000000
                 2 or more minority races      Female Not Hispanic or Latino           4    527500.000000    151959.424409        422500.0        605000.0                95.876500                 2.837782                94.62650                96.25000                 45.000000                  2.449490                    44.25                    45.75        5.800000e+05       142009.389361           480000.0           640000.0  143.750000   35.984951     119.75     167.50         4       0         182500.0            160000.0       47.75         1.000000           100.000000
                 2 or more minority races        Male Not Hispanic or Latino           2    195000.000000         0.000000        195000.0        195000.0                97.000000                 0.000000                97.00000                97.00000                 47.500000                  2.121320                    46.75                    48.25        2.000000e+05         7071.067812           197500.0           202500.0   59.500000    0.707107      59.25      59.75         0       2              0.0              5000.0        0.50         0.000000             0.000000
         American Indian or Alaska Native      Female     Hispanic or Latino           6    441666.666667    109300.808170        385000.0        500000.0                86.233833                 9.114699                79.71125                93.46500                 45.000000                  5.522681                      NaN                      NaN        5.100000e+05       107098.085884           427500.0           597500.0  113.166667   33.307156      94.50     137.50         6       0         115000.0            170000.0       43.00         1.000000           100.000000
         American Indian or Alaska Native      Female Not Hispanic or Latino           6    406666.666667    218670.223548        277500.0        565000.0                68.839167                22.483814                61.02875                86.24250                 47.750000                  0.957427                      NaN                      NaN        5.550000e+05       180000.000000           405000.0           675000.0  135.166667   25.833441     113.00     154.25         6       0         287500.0            270000.0       41.25         1.000000           100.000000
         American Indian or Alaska Native        Male     Hispanic or Latino          11    448636.363636    191430.025193        385000.0        510000.0                79.509636                23.239154                80.00000                92.03800                 42.285714                  4.956958                      NaN                      NaN        5.677273e+05       180448.935109           470000.0           655000.0  144.727273   74.172894      98.00     168.00         9       2         125000.0            185000.0       70.00         0.818182            81.818182
         American Indian or Alaska Native        Male Not Hispanic or Latino           4    380000.000000    164215.305823        367500.0        462500.0                70.616000                17.651899                61.74725                82.05875                 43.000000                  8.485281                      NaN                      NaN        5.975000e+05       315422.996414           497500.0           740000.0  211.000000  221.580685      90.25     240.75         4       0          95000.0            242500.0      150.50         1.000000           100.000000
                                    Asian      Female     Hispanic or Latino           1    105000.000000              NaN        105000.0        105000.0                10.000000                      NaN                10.00000                10.00000                 39.000000                       NaN                    39.00                    39.00        1.005000e+06                 NaN          1005000.0          1005000.0  120.000000         NaN     120.00     120.00         0       1              0.0                 0.0        0.00         0.000000             0.000000
                                    Asian      Female Not Hispanic or Latino         246    565731.707317    227277.303361        407500.0        715000.0                72.757167                18.437435                63.90250                85.00000                 43.659091                  4.208526                      NaN                      NaN        8.256098e+05       369071.690047           565000.0          1000000.0  191.158537  142.808232     125.00     217.00       225      21         307500.0            435000.0       92.00         0.914634            91.463415
                                    Asian        Male     Hispanic or Latino           8    516250.000000    192979.458566        380000.0        650000.0                72.457625                24.919901                69.52025                86.23050                 42.833333                  4.833908                      NaN                      NaN        7.950000e+05       329848.450049           595000.0           907500.0  174.250000   88.653015     107.25     205.50         8       0         270000.0            312500.0       98.25         1.000000           100.000000
                                    Asian        Male Not Hispanic or Latino         378    619708.994709    232424.757452        457500.0        762500.0                73.533963                16.784540                65.34450                81.78500                 43.707407                  4.212693                      NaN                      NaN        8.956085e+05       399106.960836           637500.0          1122500.0  199.658730  114.312255     132.25     234.50       355      23         305000.0            485000.0      102.25         0.939153            93.915344
                Black or African American      Female     Hispanic or Latino           2    485000.000000     42426.406871        470000.0        500000.0                93.872000                 1.595233                93.30800                94.43600                 46.000000                  4.242641                    44.50                    47.50        5.200000e+05        49497.474683           502500.0           537500.0  155.000000   29.698485     144.50     165.50         2       0          30000.0             35000.0       21.00         1.000000           100.000000
                Black or African American      Female Not Hispanic or Latino          49    506632.653061    209854.581981        405000.0        635000.0                86.779000                14.367785                80.00000                95.19500                 43.852941                  3.939946                      NaN                      NaN        6.188776e+05       211953.378586           515000.0           735000.0  153.448980   57.149680     108.00     188.00        43       6         230000.0            220000.0       80.00         0.877551            87.755102
                Black or African American        Male     Hispanic or Latino           5    609000.000000    201692.835768        645000.0        735000.0                75.141200                 8.508359                78.07500                79.55600                 43.666667                  5.773503                      NaN                      NaN        7.990000e+05       194242.116957           815000.0           935000.0  160.400000   30.648002     154.00     178.00         4       1          90000.0            120000.0       24.00         0.800000            80.000000
                Black or African American        Male Not Hispanic or Latino          37    555540.540541    236888.932554        425000.0        725000.0                80.596649                20.916431                80.00000                95.00000                 44.633333                  3.854986                      NaN                      NaN        6.904054e+05       236755.788321           525000.0           805000.0  156.567568   62.359415     109.00     179.00        34       3         300000.0            280000.0       70.00         0.918919            91.891892
Native Hawaiian or Other Pacific Islander      Female     Hispanic or Latino           2    400000.000000     49497.474683        382500.0        417500.0                55.515000                34.627019                43.27250                67.75750                 46.000000                  1.414214                    45.50                    46.50        8.550000e+05       438406.204336           700000.0          1010000.0  222.000000  172.534055     161.00     283.00         1       1          35000.0            310000.0      122.00         0.500000            50.000000
Native Hawaiian or Other Pacific Islander      Female Not Hispanic or Latino           4    480000.000000    120138.808606        415000.0        505000.0                92.500000                 8.660254                91.25000                96.25000                 44.000000                  3.559026                    42.75                    46.25        5.250000e+05       126491.106407           435000.0           595000.0  139.000000   50.272590     101.75     165.75         4       0          90000.0            160000.0       64.00         1.000000           100.000000
Native Hawaiian or Other Pacific Islander        Male     Hispanic or Latino           1    385000.000000              NaN        385000.0        385000.0                95.000000                      NaN                95.00000                95.00000                       NaN                       NaN                      NaN                      NaN        4.050000e+05                 NaN           405000.0           405000.0   92.000000         NaN      92.00      92.00         0       1              0.0                 0.0        0.00         0.000000             0.000000
Native Hawaiian or Other Pacific Islander        Male Not Hispanic or Latino           7    502142.857143    232071.417579        350000.0        720000.0                91.875429                10.313977                87.18900                97.50000                 44.600000                  3.435113                      NaN                      NaN        5.564286e+05       264160.845662           415000.0           730000.0  135.000000   71.105555      81.50     167.00         5       2         370000.0            315000.0       85.50         0.714286            71.428571
                                    White      Female     Hispanic or Latino         149    421711.409396    189453.135305        295000.0        555000.0                80.149805                17.158188                74.73200                95.00000                 45.032520                  3.830283                      NaN                      NaN        5.513758e+05       267456.020040           405000.0           685000.0  122.617450   75.239581      78.00     143.00       136      13         260000.0            280000.0       65.00         0.912752            91.275168
                                    White      Female Not Hispanic or Latino         336    475327.380952    236681.434542        295000.0        615000.0                71.438756                19.382260                57.89500                84.10500                 44.065502                  4.079268                      NaN                      NaN        6.861012e+05       341766.668067           435000.0           875000.0  161.907738  111.409131      93.00     195.00       316      20         320000.0            440000.0      102.00         0.940476            94.047619
                                    White        Male     Hispanic or Latino         275    445472.727273    194048.667098        315000.0        555000.0                82.517676                15.953483                79.18050                95.00000                 44.349754                  3.911248                      NaN                      NaN        5.648545e+05       256190.467052           405000.0           695000.0  152.250909  129.957007      90.50     170.50       251      24         240000.0            290000.0       80.00         0.912727            91.272727
                                    White        Male Not Hispanic or Latino         466    556888.412017    252326.542987        365000.0        742500.0                74.631382                18.506982                68.56575                89.91200                 43.479624                  4.016326                      NaN                      NaN        7.909442e+05       462897.453865           515000.0           975000.0  207.817597  182.378641     115.00     250.75       433      33         377500.0            460000.0      135.75         0.929185            92.918455