                             derived_race derived_sex      derived_ethnicity  total_apps  avg_loan_amount  std_loan_amount  Q1_loan_amount  Q3_loan_amount  avg_loan_to_value_ratio  std_loan_to_value_ratio  Q1_loan_to_value_ratio  Q3_loan_to_value_ratio  avg_debt_to_income_ratio  std_debt_to_income_ratio  Q1_debt_to_income_ratio  Q3_debt_to_income_ratio  avg_property_value  std_property_value  Q1_property_value  Q3_property_value  avg_income  std_income  Q1_income  Q3_income  accepted  denied  iqr_loan_amount  iqr_property_value  iqr_income  acceptance_rate  acceptance_rate_pct
                 2 or more minority races      Female     Hispanic or Latino           1    435000.000000              NaN        435000.0        435000.0                64.354000                      NaN                64.35400                64.35400                 42.000000                       NaN                     42.0                     42.0       665000.000000                 NaN           665000.0           665000.0  143.000000         NaN     143.00     143.00         1       0              0.0                 0.0        0.00         1.000000           100.000000
                 2 or more minority races      Female Not Hispanic or Latino           2    530000.000000    403050.865276        387500.0        672500.0                59.080000                22.514280                51.12000                67.04000                       NaN                       NaN                      NaN                      NaN       820000.000000       374766.594029           687500.0           952500.0   73.000000   24.041631      64.50      81.50         1       1         285000.0            265000.0       17.00         0.500000            50.000000
                 2 or more minority races        Male     Hispanic or Latino           2    585000.000000    410121.933088        440000.0        730000.0                91.542500                 2.181424                90.77125                92.31375                 44.000000                  5.656854                     42.0                     46.0       640000.000000       431335.136524           487500.0           792500.0  179.000000  134.350288     131.50     226.50         2       0         290000.0            305000.0       95.00         1.000000           100.000000
                 2 or more minority races        Male Not Hispanic or Latino           3    638333.333333    414045.086112        450000.0        860000.0                89.000000                 6.928203                85.00000                91.00000                 48.000000                  0.000000                      NaN                      NaN       745000.000000       501098.792655           520000.0          1015000.0  282.333333  285.598203     121.00     392.50         3       0         410000.0            495000.0      271.50         1.000000           100.000000
         American Indian or Alaska Native      Female     Hispanic or Latino           1    405000.000000              NaN        405000.0        405000.0                95.000000                      NaN                95.00000                95.00000                 42.000000                       NaN                     42.0                     42.0       425000.000000                 NaN           425000.0           425000.0  106.000000         NaN     106.00     106.00         1       0              0.0                 0.0        0.00         1.000000           100.000000
         American Indian or Alaska Native      Female Not Hispanic or Latino           4    377500.000000    250516.133878        322500.0        510000.0                90.625000                 9.724325                87.00000                95.12500                 42.000000                       NaN                      NaN                      NaN       520000.000000       174068.951855           437500.0           587500.0  173.750000  102.908940     129.75     190.50         4       0         187500.0            150000.0       60.75         1.000000           100.000000
         American Indian or Alaska Native        Male     Hispanic or Latino          12    360000.000000    215132.094727        207500.0        475000.0                73.241083                21.412347                67.49750                85.91500                 43.750000                  3.882194                      NaN                      NaN       495000.000000       251396.101800           387500.0           615000.0  102.500000   48.065296      68.50     127.25        11       1         267500.0            227500.0       58.75         0.916667            91.666667
         American Indian or Alaska Native        Male Not Hispanic or Latino           2    245000.000000    169705.627485        185000.0        305000.0                82.500000                 3.535534                81.25000                83.75000                 43.000000                       NaN                      NaN                      NaN       295000.000000       197989.898732           225000.0           365000.0   89.000000   11.313708      85.00      93.00         2       0         120000.0            140000.0        8.00         1.000000           100.000000
                                    Asian      Female     Hispanic or Latino           7    423571.428571    105897.524590        385000.0        485000.0                69.874571                26.732490                56.49950                89.94500                 43.666667                  4.885352                      NaN                      NaN       683571.428571       260347.752786           525000.0           750000.0  127.428571   22.523004     112.50     145.00         7       0         100000.0            225000.0       32.50         1.000000           100.000000
                                    Asian      Female Not Hispanic or Latino         236    595932.203390    228448.932002        435000.0        735000.0                71.651644                17.557641                61.83225                80.00000                 43.476471                  4.083743                      NaN                      NaN       861610.169492       330135.292290           655000.0           987500.0  194.012712  130.388241     126.75     217.25       219      17         300000.0            332500.0       90.50         0.927966            92.796610
                                    Asian        Male     Hispanic or Latino          10    443000.000000    143434.073125        357500.0        525000.0                85.550000                 8.421038                80.00000                94.62500                 44.875000                  3.943802                      NaN                      NaN       592000.000000       222113.584556           450000.0           680000.0  128.500000   45.717125      99.00     162.75         9       1         167500.0            230000.0       63.75         0.900000            90.000000
                                    Asian        Male Not Hispanic or Latino         394    632335.025381    247509.229666        455000.0        765000.0                73.399459                17.472218                65.62275                80.00000                 43.938406                  3.836643                      NaN                      NaN       918604.060914       425099.545993           655000.0          1135000.0  201.068528  118.111725     129.00     239.75       361      33         310000.0            480000.0      110.75         0.916244            91.624365
                Black or African American      Female     Hispanic or Latino           3    415000.000000     85440.037453        375000.0        460000.0                87.761667                13.246098                80.48950                93.44750                 45.000000                       NaN                      NaN                      NaN       621666.666667       217332.310836           505000.0           720000.0  168.666667   53.724606     140.50     194.00         3       0          85000.0            215000.0       53.50         1.000000           100.000000
                Black or African American      Female Not Hispanic or Latino          37    532837.837838    236633.039103        405000.0        635000.0                88.649730                14.064711                80.00000                95.00000                 43.821429                  4.906938                      NaN                      NaN       672027.027027       256827.491442           515000.0           805000.0  179.189189   93.508121     113.00     221.00        36       1         230000.0            290000.0      108.00         0.972973            97.297297
                Black or African American        Male     Hispanic or Latino           3    518333.333333    306159.000085        345000.0        635000.0                71.301000                30.682914                61.95150                89.00650                 45.666667                  2.081666                     44.5                     46.5       735000.000000       258650.343128           620000.0           875000.0  175.333333  150.440464      88.50     220.50         3       0         290000.0            255000.0      132.00         1.000000           100.000000
                Black or African American        Male Not Hispanic or Latino          26    663846.153846    224665.563415        530000.0        760000.0                79.620231                18.873409                78.23000                93.95000                 44.736842                  2.978480                      NaN                      NaN       958076.923077       748533.335160           657500.0          1022500.0  229.038462  147.681950     151.75     264.25        23       3         230000.0            365000.0      112.50         0.884615            88.461538
Native Hawaiian or Other Pacific Islander      Female     Hispanic or Latino           1    645000.000000              NaN        645000.0        645000.0                90.000000                      NaN                90.00000                90.00000                 46.000000                       NaN                     46.0                     46.0       715000.000000                 NaN           715000.0           715000.0  161.000000         NaN     161.00     161.00         1       0              0.0                 0.0        0.00         1.000000           100.000000
Native Hawaiian or Other Pacific Islander        Male     Hispanic or Latino           2    495000.000000    509116.882454        315000.0        675000.0                73.461500                30.460039                62.69225                84.23075                 36.000000                       NaN                      NaN                      NaN       585000.000000       452548.339959           425000.0           745000.0  159.000000  144.249783     108.00     210.00         2       0         360000.0            320000.0      102.00         1.000000           100.000000
Native Hawaiian or Other Pacific Islander        Male Not Hispanic or Latino           4    572500.000000     32015.621187        545000.0        597500.0                88.000000                 9.273618                80.00000                95.50000                 49.000000                       NaN                      NaN                      NaN       655000.000000        72571.803524           612500.0           692500.0  149.750000   45.345893     114.75     178.50         3       1          52500.0             80000.0       63.75         0.750000            75.000000
                                    White      Female     Hispanic or Latino         161    439472.049689    194916.330194        305000.0        545000.0                82.397068                24.164221                75.00000                95.00000                 45.179487                  3.777464                      NaN                      NaN       565993.788820       255548.931149           395000.0           705000.0  139.614907   74.774082      87.00     171.00       145      16         240000.0            310000.0       84.00         0.900621            90.062112
                                    White      Female Not Hispanic or Latino         350    509171.428571    248952.589325        345000.0        665000.0                72.120055                19.745290                61.75625                85.00000                 44.050584                  3.972730                      NaN                      NaN       745828.571429       396374.181826           475000.0           925000.0  169.408571  110.721191     101.00     210.25       327      23         320000.0            450000.0      109.25         0.934286            93.428571
                                    White        Male     Hispanic or Latino         282    446843.971631    184595.750836        327500.0        542500.0                83.391933                15.651405                80.00000                95.00000                 43.972603                  4.061362                      NaN                      NaN       550460.992908       221717.576043           407500.0           675000.0  171.028369  298.813501      85.00     169.50       261      21         215000.0            267500.0       84.50         0.925532            92.553191
                                    White        Male Not Hispanic or Latino         457    563424.507659    247438.924085        385000.0        725000.0                75.414493                21.313136                67.40700                89.99000                 43.334437                  4.018736                      NaN                      NaN       820754.923414       557915.065675           505000.0           975000.0  220.065646  218.575532     120.00     256.00       435      22         340000.0            470000.0      136.00         0.951860            95.185996