                             derived_race derived_sex      derived_ethnicity  total_apps  avg_loan_amount  std_loan_amount  Q1_loan_amount  Q3_loan_amount  avg_loan_to_value_ratio  std_loan_to_value_ratio  Q1_loan_to_value_ratio  Q3_loan_to_value_ratio  avg_debt_to_income_ratio  std_debt_to_income_ratio  Q1_debt_to_income_ratio  Q3_debt_to_income_ratio  avg_property_value  std_property_value  Q1_property_value  Q3_property_value  avg_income  std_income  Q1_income  Q3_income  accepted  denied  iqr_loan_amount  iqr_property_value  iqr_income  acceptance_rate  acceptance_rate_pct
                 2 or more minority races      Female Not Hispanic or Latino           8    555000.000000    334407.792117        345000.0        682500.0                75.950750                24.277429                55.66175                95.00000                 46.166667                  2.714160                      NaN                      NaN        7.262500e+05        3.310778e+05           525000.0           852500.0  155.125000  156.531546      85.75     162.00         7       1         337500.0            327500.0       76.25         0.875000            87.500000
                 2 or more minority races        Male Not Hispanic or Latino           3    648333.333333    222785.397487        520000.0        720000.0                80.333333                15.275252                72.00000                87.00000                 43.333333                  2.309401                    42.00                    44.00        8.383333e+05        3.312602e+05           665000.0           995000.0  146.333333   33.545988     127.00     157.00         3       0         200000.0            330000.0       30.00         1.000000           100.000000
         American Indian or Alaska Native      Female     Hispanic or Latino           4    287500.000000    109962.114688        255000.0        342500.0                89.500000                10.472185                80.75000                97.75000                 44.000000                  7.071068                      NaN                      NaN        3.275000e+05        1.314978e+05           272500.0           375000.0  120.000000   26.166136     102.25     134.25         4       0          87500.0            102500.0       32.00         1.000000           100.000000
         American Indian or Alaska Native      Female Not Hispanic or Latino           2    625000.000000     84852.813742        595000.0        655000.0                89.995000                 0.007071                89.99250                89.99750                 46.500000                  0.707107                    46.25                    46.75        6.950000e+05        9.899495e+04           660000.0           730000.0  132.500000   10.606602     128.75     136.25         2       0          60000.0             70000.0        7.50         1.000000           100.000000
         American Indian or Alaska Native        Male     Hispanic or Latino           6    371666.666667    139809.394057        320000.0        437500.0                67.697167                24.475823                51.18175                87.48650                 44.600000                  2.509980                      NaN                      NaN        5.616667e+05        1.307925e+05           485000.0           665000.0   99.166667   30.876636      75.75     117.00         3       3         117500.0            180000.0       41.25         0.500000            50.000000
         American Indian or Alaska Native        Male Not Hispanic or Latino           1    285000.000000              NaN        285000.0        285000.0                95.000000                      NaN                95.00000                95.00000                 42.000000                       NaN                    42.00                    42.00        3.050000e+05                 NaN           305000.0           305000.0  129.000000         NaN     129.00     129.00         1       0              0.0                 0.0        0.00         1.000000           100.000000
                                    Asian      Female     Hispanic or Latino           4    387500.000000    163375.844808        282500.0        430000.0                69.304000                27.253913                63.72650                83.07750                 47.000000                  2.828427                      NaN                      NaN        6.275000e+05        2.886030e+05           390000.0           827500.0  277.500000  322.070903      97.75     321.75         4       0         147500.0            437500.0      224.00         1.000000           100.000000
                                    Asian      Female Not Hispanic or Latino         238    582647.058824    223114.531836        435000.0        705000.0                71.289983                16.973390                64.67750                80.00000                 44.011236                  3.908543                      NaN                      NaN        8.488235e+05        3.385263e+05           605000.0          1052500.0  179.386555  106.865988     119.25     208.75       217      21         270000.0            447500.0       89.50         0.911765            91.176471
                                    Asian        Male     Hispanic or Latino           8    630000.000000    195009.157294        570000.0        757500.0                71.238125                19.620523                66.17775                82.50000                 45.750000                  4.621379                    43.75                    49.00        8.862500e+05        1.991007e+05           747500.0          1020000.0  149.000000   35.091717     126.00     168.00         8       0         187500.0            272500.0       42.00         1.000000           100.000000
                                    Asian        Male Not Hispanic or Latino         341    617727.272727    238301.364048        445000.0        765000.0                73.522727                17.923099                66.42300                82.97100                 43.755102                  4.354810                      NaN                      NaN        8.984018e+05        4.464252e+05           605000.0          1085000.0  198.436950  106.723170     131.00     240.00       319      22         320000.0            480000.0      109.00         0.935484            93.548387
                Black or African American      Female     Hispanic or Latino           3    601666.666667     80829.037687        565000.0        645000.0                80.914667                10.244503                75.00000                83.87200                 42.666667                  3.511885                    41.00                    44.50        7.583333e+05        1.795364e+05           690000.0           860000.0  218.666667   42.015870     198.00     240.00         3       0          80000.0            170000.0       42.00         1.000000           100.000000
                Black or African American      Female Not Hispanic or Latino          47    450957.446809    169714.076361        345000.0        525000.0                81.319915                21.189637                76.91500                95.00000                 43.307692                  3.721586                      NaN                      NaN        6.171277e+05        2.048853e+05           500000.0           670000.0  142.978723   77.290387      88.00     170.00        41       6         180000.0            170000.0       82.00         0.872340            87.234043
                Black or African American        Male     Hispanic or Latino           2    650000.000000    502045.814642        472500.0        827500.0                70.676500                32.984410                59.01475                82.33825                 43.000000                  8.485281                    40.00                    46.00        1.220000e+06        1.279863e+06           767500.0          1672500.0  186.500000  154.856385     131.75     241.25         2       0         355000.0            905000.0      109.50         1.000000           100.000000
                Black or African American        Male Not Hispanic or Latino          29    573620.689655    184114.175328        455000.0        725000.0                86.201172                14.202570                80.00000                95.00000                 42.608696                  4.550116                      NaN                      NaN        6.887931e+05        2.246174e+05           545000.0           815000.0  183.379310   73.322387     131.00     225.00        25       4         270000.0            270000.0       94.00         0.862069            86.206897
Native Hawaiian or Other Pacific Islander      Female     Hispanic or Latino           2    360000.000000      7071.067812        357500.0        362500.0                63.465000                45.870017                47.24750                79.68250                 47.000000                       NaN                      NaN                      NaN        7.650000e+05        5.656854e+05           565000.0           965000.0  232.000000  158.391919     176.00     288.00         0       2           5000.0            400000.0      112.00         0.000000             0.000000
Native Hawaiian or Other Pacific Islander      Female Not Hispanic or Latino           4    405000.000000     63770.421566        375000.0        420000.0                81.000000                 6.633250                78.50000                82.50000                 43.500000                  0.707107                      NaN                      NaN        5.025000e+05        9.708244e+04           452500.0           555000.0  144.750000   28.593414     126.50     162.25         4       0          45000.0            102500.0       35.75         1.000000           100.000000
Native Hawaiian or Other Pacific Islander        Male     Hispanic or Latino           3    425000.000000    192873.015220        315000.0        495000.0                78.333333                24.664414                70.00000                92.50000                 49.000000                       NaN                      NaN                      NaN        6.616667e+05        5.409559e+05           350000.0           835000.0  779.333333 1229.490274      69.50    1138.00         2       1         180000.0            485000.0     1068.50         0.666667            66.666667
Native Hawaiian or Other Pacific Islander        Male Not Hispanic or Latino           1    315000.000000              NaN        315000.0        315000.0                95.000000                      NaN                95.00000                95.00000                 37.000000                       NaN                    37.00                    37.00        3.350000e+05                 NaN           335000.0           335000.0  119.000000         NaN     119.00     119.00         1       0              0.0                 0.0        0.00         1.000000           100.000000
                                    White      Female     Hispanic or Latino         171    426111.111111    209866.748885        285000.0        505000.0                81.945216                23.396586                73.23900                95.00000                 44.685484                  4.053237                      NaN                      NaN        5.689181e+05        3.062955e+05           395000.0           680000.0  146.122807  132.397450      80.00     153.00       148      23         220000.0            285000.0       73.00         0.865497            86.549708
                                    White      Female Not Hispanic or Latino         366    491393.442623    250999.314218        315000.0        665000.0                71.602623                20.651001                60.00000                87.96975                 44.037736                  3.729298                      NaN                      NaN        7.240984e+05        3.822851e+05           455000.0           915000.0  159.448087   94.255504      98.25     201.75       343      23         350000.0            460000.0      103.50         0.937158            93.715847
                                    White        Male     Hispanic or Latino         265    451452.830189    196040.982693        315000.0        565000.0                82.588181                15.347284                77.04000                95.00000                 44.381443                  4.065381                      NaN                      NaN        5.681698e+05        2.531823e+05           385000.0           705000.0  149.483019  102.430911      85.00     179.00       234      31         250000.0            320000.0       94.00         0.883019            88.301887
                                    White        Male Not Hispanic or Latino         492    567723.577236    250010.795720        365000.0        745000.0                75.513062                17.702026                69.37675                89.92100                 43.591837                  4.059808                      NaN                      NaN        8.046341e+05        4.917779e+05           515000.0           995000.0  222.882114  242.852931     116.00     247.25       468      24         380000.0            480000.0      131.25         0.951220            95.121951