                             derived_race derived_sex      derived_ethnicity  total_apps  avg_loan_amount  std_loan_amount  Q1_loan_amount  Q3_loan_amount  avg_loan_to_value_ratio  std_loan_to_value_ratio  Q1_loan_to_value_ratio  Q3_loan_to_value_ratio  avg_debt_to_income_ratio  std_debt_to_income_ratio  Q1_debt_to_income_ratio  Q3_debt_to_income_ratio  avg_property_value  std_property_value  Q1_property_value  Q3_property_value  avg_income  std_income  Q1_income  Q3_income  accepted  denied  iqr_loan_amount  iqr_property_value  iqr_income  acceptance_rate  acceptance_rate_pct
                 2 or more minority races      Female     Hispanic or Latino           2    485000.000000    212132.034356        410000.0        560000.0                88.500000                12.020815                84.25000                92.75000                 45.500000                  4.949747                    43.75                    47.25        5.650000e+05       311126.983722           455000.0           675000.0  112.500000   33.234019     100.75     124.25         2       0         150000.0            220000.0       23.50         1.000000           100.000000
                 2 or more minority races      Female Not Hispanic or Latino           2    465000.000000     42426.406871        450000.0        480000.0                74.750000                23.688077                66.37500                83.12500                 49.000000                       NaN                      NaN                      NaN        6.700000e+05       261629.509039           577500.0           762500.0  143.500000   34.648232     131.25     155.75         2       0          30000.0            185000.0       24.50         1.000000           100.000000
                 2 or more minority races        Male     Hispanic or Latino           3    355000.000000     55677.643628        330000.0        385000.0                91.451000                12.241168                85.00000                97.17650                 39.000000                  1.414214                      NaN                      NaN        4.216667e+05        85049.005481           380000.0           465000.0  125.666667   43.061971     103.50     146.50         3       0          55000.0             85000.0       43.00         1.000000           100.000000
                 2 or more minority races        Male Not Hispanic or Latino           2    530000.000000     35355.339059        517500.0        542500.0                88.500000                12.020815                84.25000                92.75000                 42.000000                  0.000000                    42.00                    42.00        6.100000e+05       120208.152802           567500.0           652500.0  229.000000  141.421356     179.00     279.00         2       0          25000.0             85000.0      100.00         1.000000           100.000000
         American Indian or Alaska Native      Female     Hispanic or Latino           6    331666.666667     83346.665600        277500.0        352500.0                71.296167                21.445692                62.50975                82.73000                 43.333333                  3.214550                      NaN                      NaN        4.983333e+05       164883.797466           415000.0           572500.0  107.000000   47.933287      74.50     138.25         4       2          75000.0            157500.0       63.75         0.666667            66.666667
         American Indian or Alaska Native      Female Not Hispanic or Latino           4    520000.000000    175594.229214        432500.0        582500.0                80.000000                21.213203                72.50000                95.00000                 45.666667                  3.511885                      NaN                      NaN        7.550000e+05       515816.504841           460000.0           875000.0  171.000000   85.642668     107.50     208.50         4       0         150000.0            415000.0      101.00         1.000000           100.000000
         American Indian or Alaska Native        Male     Hispanic or Latino          10    363000.000000    140222.046135        275000.0        472500.0                81.015100                18.029585                80.00000                93.75000                 42.625000                  5.475595                      NaN                      NaN        4.660000e+05       179904.295545           337500.0           515000.0  117.800000   45.381837      83.00     141.25         7       3         197500.0            177500.0       58.25         0.700000            70.000000
         American Indian or Alaska Native        Male Not Hispanic or Latino           1    705000.000000              NaN        705000.0        705000.0                80.000000                      NaN                80.00000                80.00000                 45.000000                       NaN                    45.00                    45.00        8.850000e+05                 NaN           885000.0           885000.0  438.000000         NaN     438.00     438.00         1       0              0.0                 0.0        0.00         1.000000           100.000000
                                    Asian      Female     Hispanic or Latino           1    555000.000000              NaN        555000.0        555000.0                89.990000                      NaN                89.99000                89.99000                 44.000000                       NaN                    44.00                    44.00        6.250000e+05                 NaN           625000.0           625000.0  135.000000         NaN     135.00     135.00         1       0              0.0                 0.0        0.00         1.000000           100.000000
                                    Asian      Female Not Hispanic or Latino         216    551805.555556    203681.189931        412500.0        675000.0                70.879898                20.365784                57.57900                88.17675                 43.647436                  3.888452                      NaN                      NaN        8.306481e+05       334971.774300           585000.0           985000.0  205.851852  519.394000     118.75     205.00       202      14         262500.0            400000.0       86.25         0.935185            93.518519
                                    Asian        Male     Hispanic or Latino          11    579545.454545    250014.545031        465000.0        650000.0                83.458909                10.216704                78.30000                90.00000                 43.500000                  3.505098                      NaN                      NaN        7.204545e+05       345611.447622           570000.0           800000.0  170.818182   80.914545     133.00     212.50        11       0         185000.0            230000.0       79.50         1.000000           100.000000
                                    Asian        Male Not Hispanic or Latino         371    640067.385445    223969.552198        475000.0        765000.0                73.679832                16.708762                65.00000                80.50000                 43.564394                  3.942990                      NaN                      NaN        9.181806e+05       377869.013843           655000.0          1170000.0  227.474394  415.414344     139.00     237.00       350      21         290000.0            515000.0       98.00         0.943396            94.339623
                Black or African American      Female     Hispanic or Latino           3    431666.666667    181475.434518        335000.0        515000.0                92.333333                 6.429101                90.00000                96.00000                 44.000000                       NaN                      NaN                      NaN        4.783333e+05       234591.844132           350000.0           580000.0  172.000000   91.689694     131.00     221.50         1       2         180000.0            230000.0       90.50         0.333333            33.333333
                Black or African American      Female Not Hispanic or Latino          45    468333.333333    153711.654494        375000.0        545000.0                86.914956                13.809018                80.00000                95.00000                 45.000000                  3.837613                      NaN                      NaN        5.921111e+05       245705.128357           475000.0           665000.0  139.488889   62.478950     106.00     160.00        36       9         170000.0            190000.0       54.00         0.800000            80.000000
                Black or African American        Male     Hispanic or Latino           7    710714.285714    227585.671990        570000.0        880000.0                74.812286                16.587640                66.66650                85.00000                 43.400000                  5.412947                      NaN                      NaN        1.050714e+06       581344.910326           670000.0          1310000.0  542.857143  920.239539     139.00     290.00         7       0         310000.0            640000.0      151.00         1.000000           100.000000
                Black or African American        Male Not Hispanic or Latino          36    563055.555556    240580.481864        382500.0        747500.0                78.974139                23.729628                74.94500                95.00000                 44.153846                  3.607684                      NaN                      NaN        7.625000e+05       385919.125502           545000.0           845000.0  408.194444 1230.146329     118.00     230.25        33       3         365000.0            300000.0      112.25         0.916667            91.666667
Native Hawaiian or Other Pacific Islander      Female Not Hispanic or Latino           3    495000.000000    170587.221092        400000.0        565000.0                98.083000                 6.002055                94.62450               100.00000                 43.666667                  5.131601                    41.50                    46.50        5.316667e+05       168621.864933           435000.0           590000.0  122.333333   18.147543     112.00     129.00         1       2         165000.0            155000.0       17.00         0.333333            33.333333
Native Hawaiian or Other Pacific Islander        Male     Hispanic or Latino           1    365000.000000              NaN        365000.0        365000.0                97.000000                      NaN                97.00000                97.00000                 49.000000                       NaN                    49.00                    49.00        3.850000e+05                 NaN           385000.0           385000.0  114.000000         NaN     114.00     114.00         1       0              0.0                 0.0        0.00         1.000000           100.000000
Native Hawaiian or Other Pacific Islander        Male Not Hispanic or Latino           3    651666.666667    383709.959909        435000.0        800000.0                89.473000                 8.241856                86.70950                94.20950                 43.500000                  4.949747                      NaN                      NaN        8.483333e+05       614030.400985           495000.0          1050000.0  239.000000  160.149930     157.00     317.00         3       0         365000.0            555000.0      160.00         1.000000           100.000000
                                    White      Female     Hispanic or Latino         180    443166.666667    213587.277570        295000.0        577500.0                81.852831                17.166462                80.00000                95.00000                 44.737931                  3.899823                      NaN                      NaN        5.626667e+05       268752.757554           375000.0           705000.0  146.677778  124.336885      82.75     165.50       166      14         282500.0            330000.0       82.75         0.922222            92.222222
                                    White      Female Not Hispanic or Latino         372    487043.010753    241933.180679        295000.0        645000.0                69.780218                20.116499                57.75375                81.66750                 43.764045                  4.320842                      NaN                      NaN        7.222581e+05       329330.789333           485000.0           897500.0  170.698925  115.380985      95.00     215.00       352      20         350000.0            412500.0      120.00         0.946237            94.623656
                                    White        Male     Hispanic or Latino         253    437490.118577    205137.693066        305000.0        545000.0                82.976684                15.861842                80.00000                95.00000                 44.393617                  3.935898                      NaN                      NaN        5.472134e+05       252499.885858           375000.0           675000.0  145.205534   94.986785      90.00     176.00       223      30         240000.0            300000.0       86.00         0.881423            88.142292
                                    White        Male Not Hispanic or Latino         468    569188.034188    256919.618709        385000.0        725000.0                77.163269                22.122089                70.97525                90.00000                 43.373770                  3.998927                      NaN                      NaN        7.905128e+05       435563.031042           505000.0           987500.0  209.117521  198.803867     113.00     250.00       447      21         340000.0            482500.0      137.00         0.955128            95.512821