                             derived_race derived_sex      derived_ethnicity  total_apps  avg_loan_amount  std_loan_amount  Q1_loan_amount  Q3_loan_amount  avg_loan_to_value_ratio  std_loan_to_value_ratio  Q1_loan_to_value_ratio  Q3_loan_to_value_ratio  avg_debt_to_income_ratio  std_debt_to_income_ratio  Q1_debt_to_income_ratio  Q3_debt_to_income_ratio  avg_property_value  std_property_value  Q1_property_value  Q3_property_value  avg_income  std_income  Q1_income  Q3_income  accepted  denied  iqr_loan_amount  iqr_property_value  iqr_income  acceptance_rate  acceptance_rate_pct
                 2 or more minority races      Female Not Hispanic or Latino           3    491666.666667     70945.988846        460000.0        530000.0                68.375333                28.093490                54.06300                82.14050                 44.500000                  4.949747                      NaN                      NaN        8.316667e+05        4.554485e+05           570000.0           985000.0  145.000000   27.838822     130.00     157.50         2       1          70000.0            415000.0       27.50         0.666667            66.666667
                 2 or more minority races        Male     Hispanic or Latino           1    405000.000000              NaN        405000.0        405000.0                80.000000                      NaN                80.00000                80.00000                       NaN                       NaN                      NaN                      NaN        5.050000e+05                 NaN           505000.0           505000.0  123.000000         NaN     123.00     123.00         1       0              0.0                 0.0        0.00         1.000000           100.000000
                 2 or more minority races        Male Not Hispanic or Latino           4    610000.000000    300277.649296        412500.0        692500.0                95.387500                 4.155393                93.75000                97.41250                 47.250000                  1.707825                    46.50                    48.25        6.500000e+05        3.183813e+05           432500.0           752500.0  141.750000   69.100772      94.75     165.00         4       0         280000.0            320000.0       70.25         1.000000           100.000000
         American Indian or Alaska Native      Female     Hispanic or Latino           2    415000.000000     42426.406871        400000.0        430000.0                70.000000                28.284271                60.00000                80.00000                 47.500000                  2.121320                    46.75                    48.25        6.600000e+05        3.323402e+05           542500.0           777500.0  120.500000   33.234019     108.75     132.25         2       0          30000.0            235000.0       23.50         1.000000           100.000000
         American Indian or Alaska Native        Male     Hispanic or Latino           8    393750.000000    159771.041538        315000.0        467500.0                88.526000                 7.177516                82.25000                93.94975                 43.000000                  4.000000                      NaN                      NaN        4.437500e+05        1.622553e+05           345000.0           510000.0  115.250000   34.923386      86.00     149.75         7       1         152500.0            165000.0       63.75         0.875000            87.500000
         American Indian or Alaska Native        Male Not Hispanic or Latino           4    527500.000000    191898.410624        432500.0        565000.0                61.958250                20.073196                51.77975                76.25000                 45.000000                  2.828427                      NaN                      NaN        1.380000e+06        1.157397e+06           600000.0          1805000.0  297.500000  245.881408     179.75     326.25         3       1         132500.0           1205000.0      146.50         0.750000            75.000000
                                    Asian      Female     Hispanic or Latino           9    451666.666667    202607.995894        275000.0        495000.0                76.585889                23.534274                80.00000                90.00000                 43.833333                  4.355074                      NaN                      NaN        6.283333e+05        2.778939e+05           455000.0           835000.0  139.000000   50.906778     106.00     188.00         9       0         220000.0            380000.0       82.00         1.000000           100.000000
                                    Asian      Female Not Hispanic or Latino         221    550791.855204    218332.382404        405000.0        675000.0                70.232484                19.300875                60.00000                80.00000                 43.738562                  4.076201                      NaN                      NaN        8.384842e+05        4.289597e+05           575000.0          1005000.0  178.393665   97.577073     117.00     212.00       208      13         270000.0            430000.0       95.00         0.941176            94.117647
                                    Asian        Male     Hispanic or Latino          10    577000.000000    282952.685483        357500.0        782500.0                78.684100                18.808772                80.00000                84.72700                 46.500000                  2.927700                      NaN                      NaN        7.520000e+05        3.334017e+05           457500.0           970000.0  157.400000   57.234799     114.75     198.75         9       1         425000.0            512500.0       84.00         0.900000            90.000000
                                    Asian        Male Not Hispanic or Latino         369    608929.539295    246600.815921        445000.0        765000.0                74.077818                17.319951                69.83600                80.00000                 43.655172                  4.155148                      NaN                      NaN        8.757859e+05        4.531786e+05           595000.0          1045000.0  203.642276  169.979481     128.00     229.00       342      27         320000.0            450000.0      101.00         0.926829            92.682927
                Black or African American      Female     Hispanic or Latino           2    530000.000000     35355.339059        517500.0        542500.0                98.500000                 2.121320                97.75000                99.25000                 45.500000                  4.949747                    43.75                    47.25        6.100000e+05        1.202082e+05           567500.0           652500.0  149.500000    6.363961     147.25     151.75         2       0          25000.0             85000.0        4.50         1.000000           100.000000
                Black or African American      Female Not Hispanic or Latino          33    544393.939394    183506.460955        445000.0        655000.0                80.666636                17.959904                74.91300                95.00000                 45.464286                  3.294014                      NaN                      NaN        7.198485e+05        3.148921e+05           535000.0           865000.0  181.363636  102.383110     119.00     232.00        28       5         210000.0            330000.0      113.00         0.848485            84.848485
                Black or African American        Male     Hispanic or Latino           6    480000.000000    122922.739963        410000.0        565000.0                91.637667                 9.472414                83.75000                98.60750                 44.666667                  4.676181                    42.50                    48.50        5.650000e+05        1.621111e+05           500000.0           617500.0  120.833333   46.395761      95.00     146.75         6       0         155000.0            117500.0       51.75         1.000000           100.000000
                Black or African American        Male Not Hispanic or Latino          24    505416.666667    304452.168966        272500.0        635000.0                88.033583                15.156965                83.56250                95.00000                 44.500000                  3.596294                      NaN                      NaN        6.066667e+05        3.213784e+05           375000.0           740000.0  168.708333  111.320329      97.25     198.75        18       6         362500.0            365000.0      101.50         0.750000            75.000000
Native Hawaiian or Other Pacific Islander      Female Not Hispanic or Latino           1    205000.000000              NaN        205000.0        205000.0                35.720000                      NaN                35.72000                35.72000                       NaN                       NaN                      NaN                      NaN        5.650000e+05                 NaN           565000.0           565000.0  117.000000         NaN     117.00     117.00         1       0              0.0                 0.0        0.00         1.000000           100.000000
Native Hawaiian or Other Pacific Islander        Male Not Hispanic or Latino           5    611000.000000    160405.735558        465000.0        765000.0                71.302600                 7.655786                72.00000                73.00000                 42.333333                  5.507571                      NaN                      NaN        8.550000e+05        2.021138e+05           735000.0          1065000.0  218.200000   46.294708     185.00     245.00         4       1         300000.0            330000.0       60.00         0.800000            80.000000
                                    White      Female     Hispanic or Latino         157    447611.464968    181638.364639        315000.0        565000.0                82.517255                15.360386                80.00000                95.00000                 44.387097                  4.306753                      NaN                      NaN        5.762739e+05        2.775666e+05           395000.0           685000.0  148.407643  292.185267      83.00     150.00       141      16         250000.0            290000.0       67.00         0.898089            89.808917
                                    White      Female Not Hispanic or Latino         379    514261.213720    247463.284326        345000.0        675000.0                70.637245                20.210071                57.72350                85.00000                 44.003788                  4.033602                      NaN                      NaN        7.738127e+05        4.313286e+05           490000.0           940000.0  178.833773  125.102038     103.50     218.50       356      23         330000.0            450000.0      115.00         0.939314            93.931398
                                    White        Male     Hispanic or Latino         292    477602.739726    201923.924276        332500.0        605000.0                82.200610                15.749010                80.00000                95.00000                 44.112745                  3.881500                      NaN                      NaN        5.951027e+05        2.578026e+05           422500.0           765000.0  155.808219  146.491796      94.00     188.00       266      26         272500.0            342500.0       94.00         0.910959            91.095890
                                    White        Male Not Hispanic or Latino         470    544957.446809    255066.357639        345000.0        705000.0                73.151666                18.731217                62.97225                85.00000                 43.472313                  4.072270                      NaN                      NaN        7.835319e+05        3.932476e+05           495000.0           992500.0  223.776596  491.853653     114.00     234.75       441      29         360000.0            497500.0      120.75         0.938298            93.829787