                             derived_race derived_sex      derived_ethnicity  total_apps  avg_loan_amount  std_loan_amount  Q1_loan_amount  Q3_loan_amount  avg_loan_to_value_ratio  std_loan_to_value_ratio  Q1_loan_to_value_ratio  Q3_loan_to_value_ratio  avg_debt_to_income_ratio  std_debt_to_income_ratio  Q1_debt_to_income_ratio  Q3_debt_to_income_ratio  avg_property_value  std_property_value  Q1_property_value  Q3_property_value  avg_income  std_income  Q1_income  Q3_income  accepted  denied  iqr_loan_amount  iqr_property_value  iqr_income  acceptance_rate  acceptance_rate_pct
                 2 or more minority races      Female     Hispanic or Latino           1    265000.000000              NaN        265000.0        265000.0                95.000000                      NaN                95.00000                95.00000                 39.000000                       NaN                     39.0                     39.0        2.850000e+05                 NaN           285000.0           285000.0  101.000000         NaN     101.00     101.00         0       1              0.0                 0.0        0.00         0.000000             0.000000
                 2 or more minority races      Female Not Hispanic or Latino           6    526666.666667    110166.540595        500000.0        552500.0                75.467000                17.721124                65.41900                91.25000                 45.000000                  2.160247                      NaN                      NaN        7.650000e+05       323481.065906           597500.0           782500.0  146.500000   69.827645     106.25     161.00         5       1          52500.0            185000.0       54.75         0.833333            83.333333
                 2 or more minority races        Male     Hispanic or Latino           1    555000.000000              NaN        555000.0        555000.0                95.000000                      NaN                95.00000                95.00000                 43.000000                       NaN                     43.0                     43.0        5.850000e+05                 NaN           585000.0           585000.0  132.000000         NaN     132.00     132.00         1       0              0.0                 0.0        0.00         1.000000           100.000000
                 2 or more minority races        Male Not Hispanic or Latino           2    720000.000000    261629.509039        627500.0        812500.0                72.305500                 7.969801                69.48775                75.12325                 46.000000                       NaN                      NaN                      NaN        1.020000e+06       473761.543395           852500.0          1187500.0  325.500000  177.483802     262.75     388.25         2       0         185000.0            335000.0      125.50         1.000000           100.000000
         American Indian or Alaska Native      Female     Hispanic or Latino           6    511666.666667    367350.876774        240000.0        667500.0                74.117333                21.978822                71.28775                87.29175                 45.500000                  3.146427                     43.0                     48.0        6.850000e+05       419571.209689           392500.0           767500.0  127.666667   92.331288      64.25     161.50         6       0         427500.0            375000.0       97.25         1.000000           100.000000
         American Indian or Alaska Native      Female Not Hispanic or Latino           2    330000.000000      7071.067812        327500.0        332500.0                82.391000                20.523067                75.13500                89.64700                 49.000000                       NaN                      NaN                      NaN        4.150000e+05       113137.084990           375000.0           455000.0   89.000000   32.526912      77.50     100.50         2       0           5000.0             80000.0       23.00         1.000000           100.000000
         American Indian or Alaska Native        Male     Hispanic or Latino           8    418750.000000    172455.998529        325000.0        470000.0                85.786250                18.508873                80.00000                97.69750                 39.571429                  3.408672                      NaN                      NaN        4.825000e+05       133389.868966           402500.0           530000.0  146.500000   81.510735      91.75     174.50         7       1         145000.0            127500.0       82.75         0.875000            87.500000
         American Indian or Alaska Native        Male Not Hispanic or Latino           2    300000.000000    233345.237792        217500.0        382500.0                84.117500                 5.823024                82.05875                86.17625                       NaN                       NaN                      NaN                      NaN        3.750000e+05       282842.712475           275000.0           475000.0  265.000000  284.256926     164.50     365.50         2       0         165000.0            200000.0      201.00         1.000000           100.000000
                                    Asian      Female     Hispanic or Latino           4    285000.000000     65828.058860        257500.0        312500.0                61.849000                26.996922                44.14600                79.32750                 48.000000                  1.000000                      NaN                      NaN        5.000000e+05       133291.660154           390000.0           610000.0  244.000000  341.506467      68.00     255.00         4       0          55000.0            220000.0      187.00         1.000000           100.000000
                                    Asian      Female Not Hispanic or Latino         249    556325.301205    210255.822007        415000.0        675000.0                73.402590                17.901984                61.05500                85.00000                 44.318681                  3.883324                      NaN                      NaN        8.062450e+05       353502.715098           565000.0           935000.0  179.180723  116.711888     115.00     220.00       230      19         260000.0            370000.0      105.00         0.923695            92.369478
                                    Asian        Male     Hispanic or Latino          15    619000.000000    251475.644944        440000.0        855000.0                79.975533                11.169400                76.86150                85.00000                 44.615385                  4.052540                      NaN                      NaN        7.690000e+05       299637.876683           550000.0          1030000.0  193.866667   97.002847     147.50     244.50        14       1         415000.0            480000.0       97.00         0.933333            93.333333
                                    Asian        Male Not Hispanic or Latino         373    635723.860590    238696.643296        475000.0        765000.0                74.360209                16.773162                68.75000                85.00000                 43.629921                  3.738071                      NaN                      NaN        9.050804e+05       410722.866522           625000.0          1125000.0  205.512064  125.314907     137.00     241.00       348      25         290000.0            500000.0      104.00         0.932976            93.297587
                Black or African American      Female Not Hispanic or Latino          48    464375.000000    210696.981671        345000.0        585000.0                85.721125                20.403498                80.00000                97.00000                 44.263158                  4.560015                      NaN                      NaN        5.787500e+05       262780.751586           435000.0           690000.0  136.104167   62.190592      96.50     154.75        39       9         240000.0            255000.0       58.25         0.812500            81.250000
                Black or African American        Male     Hispanic or Latino           1    445000.000000              NaN        445000.0        445000.0                97.000000                      NaN                97.00000                97.00000                 40.000000                       NaN                     40.0                     40.0        4.650000e+05                 NaN           465000.0           465000.0  115.000000         NaN     115.00     115.00         1       0              0.0                 0.0        0.00         1.000000           100.000000
                Black or African American        Male Not Hispanic or Latino          29    573620.689655    234668.826494        385000.0        715000.0                77.437966                19.808533                66.79500                95.00000                 42.555556                  4.300783                      NaN                      NaN        7.856897e+05       363032.181125           595000.0           825000.0  203.965517  135.493933     142.00     217.00        25       4         330000.0            230000.0       75.00         0.862069            86.206897
Native Hawaiian or Other Pacific Islander      Female Not Hispanic or Latino           3    341666.666667    254820.198048        195000.0        425000.0                58.845667                28.423361                48.26850                75.00000                 47.000000                  2.645751                     46.0                     48.5        6.650000e+05       242693.221990           590000.0           805000.0   98.000000   58.283788      64.50     117.50         3       0         230000.0            215000.0       53.00         1.000000           100.000000
Native Hawaiian or Other Pacific Islander        Male     Hispanic or Latino           1    375000.000000              NaN        375000.0        375000.0                97.000000                      NaN                97.00000                97.00000                 46.000000                       NaN                     46.0                     46.0        3.950000e+05                 NaN           395000.0           395000.0  107.000000         NaN     107.00     107.00         1       0              0.0                 0.0        0.00         1.000000           100.000000
Native Hawaiian or Other Pacific Islander        Male Not Hispanic or Latino           2    485000.000000    183847.763109        420000.0        550000.0                80.000000                 0.000000                80.00000                80.00000                 40.000000                       NaN                      NaN                      NaN        6.050000e+05       226274.169980           525000.0           685000.0  177.000000  132.936075     130.00     224.00         2       0         130000.0            160000.0       94.00         1.000000           100.000000
                                    White      Female     Hispanic or Latino         159    409716.981132    188789.653629        295000.0        515000.0                81.646987                18.261219                80.00000                95.00000                 44.453125                  4.121882                      NaN                      NaN        5.319811e+05       231630.857340           385000.0           650000.0  132.207547  111.777360      79.00     151.00       143      16         220000.0            265000.0       72.00         0.899371            89.937107
                                    White      Female Not Hispanic or Latino         352    488352.272727    243781.020778        302500.0        645000.0                69.963517                20.879811                58.31475                84.19500                 43.848249                  3.976042                      NaN                      NaN        7.467330e+05       393970.376841           495000.0           895000.0  175.005682  157.467746      97.75     196.50       329      23         342500.0            400000.0       98.75         0.934659            93.465909
                                    White        Male     Hispanic or Latino         277    462256.317690    202163.253745        335000.0        585000.0                83.500949                15.424566                80.00000                95.00000                 44.287234                  3.833772                      NaN                      NaN        5.791155e+05       259590.733511           395000.0           735000.0  167.364621  235.574323      89.00     180.00       247      30         250000.0            340000.0       91.00         0.891697            89.169675
                                    White        Male Not Hispanic or Latino         459    552124.183007    256537.253190        365000.0        725000.0                75.200527                18.004023                68.00000                89.00000                 43.918495                  3.987355                      NaN                      NaN        7.730610e+05       417647.744148           505000.0           955000.0  209.958606  224.458680     109.50     249.50       438      21         360000.0            450000.0      140.00         0.954248            95.424837