                             derived_race derived_sex      derived_ethnicity  total_apps  avg_loan_amount  std_loan_amount  Q1_loan_amount  Q3_loan_amount  avg_loan_to_value_ratio  std_loan_to_value_ratio  Q1_loan_to_value_ratio  Q3_loan_to_value_ratio  avg_debt_to_income_ratio  std_debt_to_income_ratio  Q1_debt_to_income_ratio  Q3_debt_to_income_ratio  avg_property_value  std_property_value  Q1_property_value  Q3_property_value  avg_income  std_income  Q1_income  Q3_income  accepted  denied  iqr_loan_amount  iqr_property_value  iqr_income  acceptance_rate  acceptance_rate_pct
                 2 or more minority races      Female     Hispanic or Latino           1    635000.000000              NaN        635000.0        635000.0                80.000000                      NaN                80.00000                80.00000                 49.000000                       NaN                     49.0                    49.00        7.850000e+05                 NaN           785000.0           785000.0  136.000000         NaN     136.00     136.00         1       0              0.0                 0.0        0.00         1.000000           100.000000
                 2 or more minority races      Female Not Hispanic or Latino           1    535000.000000              NaN        535000.0        535000.0                80.000000                      NaN                80.00000                80.00000                 44.000000                       NaN                     44.0                    44.00        6.750000e+05                 NaN           675000.0           675000.0  138.000000         NaN     138.00     138.00         1       0              0.0                 0.0        0.00         1.000000           100.000000
                 2 or more minority races        Male Not Hispanic or Latino           6    566666.666667    177473.002642        440000.0        690000.0                84.238500                 4.801462                80.00000                88.42275                 44.000000                  4.289522                     42.0                    46.00        6.733333e+05       211226.576611           530000.0           850000.0  172.000000   87.906769      95.75     251.25         6       0         250000.0            320000.0      155.50         1.000000           100.000000
         American Indian or Alaska Native      Female     Hispanic or Latino           4    377500.000000    235141.801190        265000.0        402500.0                80.586500                27.200881                77.75950                95.50000                 44.750000                  3.500000                     42.5                    46.75        4.750000e+05       216178.938228           312500.0           577500.0  113.500000   62.830460      82.50     122.00         4       0         137500.0            265000.0       39.50         1.000000           100.000000
         American Indian or Alaska Native      Female Not Hispanic or Latino           3    325000.000000     86602.540378        300000.0        375000.0                77.326333                23.651423                64.10250                86.88700                 47.000000                       NaN                      NaN                      NaN        4.816667e+05       195533.458347           400000.0           590000.0  117.333333   34.210135      98.00     130.50         3       0          75000.0            190000.0       32.50         1.000000           100.000000
         American Indian or Alaska Native        Male     Hispanic or Latino           7    366428.571429    109457.536885        320000.0        445000.0                74.551857                23.935980                75.00000                86.50000                 46.714286                  2.429972                     46.0                    48.50        5.121429e+05        98270.762982           435000.0           555000.0   93.571429   23.229702      86.00     100.00         7       0         125000.0            120000.0       14.00         1.000000           100.000000
         American Indian or Alaska Native        Male Not Hispanic or Latino           1    585000.000000              NaN        585000.0        585000.0                79.999000                      NaN                79.99900                79.99900                 40.000000                       NaN                     40.0                    40.00        7.350000e+05                 NaN           735000.0           735000.0  140.000000         NaN     140.00     140.00         1       0              0.0                 0.0        0.00         1.000000           100.000000
                                    Asian      Female     Hispanic or Latino           5    671000.000000    248052.413816        515000.0        935000.0                80.478200                 8.408976                80.00000                85.00000                 48.500000                  0.707107                      NaN                      NaN        8.590000e+05       392211.677542           575000.0          1175000.0  382.800000  295.096086     130.00     655.00         5       0         420000.0            600000.0      525.00         1.000000           100.000000
                                    Asian      Female Not Hispanic or Latino         234    571282.051282    225672.722358        407500.0        695000.0                73.782193                17.169373                64.79650                83.67650                 43.789773                  3.996585                      NaN                      NaN        8.062393e+05       333709.419730           595000.0           912500.0  179.786325  110.340739     118.00     205.00       218      16         287500.0            317500.0       87.00         0.931624            93.162393
                                    Asian        Male     Hispanic or Latino          10    458000.000000    107501.937967        430000.0        502500.0                79.821600                19.650099                80.00000                90.00000                 46.833333                  2.136976                      NaN                      NaN        6.040000e+05       123957.878150           535000.0           615000.0  149.800000   55.411190     127.25     179.25         9       1          72500.0             80000.0       52.00         0.900000            90.000000
                                    Asian        Male Not Hispanic or Latino         361    612506.925208    224857.709530        455000.0        755000.0                71.714390                18.275427                60.52400                80.00000                 43.670683                  4.168331                      NaN                      NaN        9.129501e+05       429950.523970           635000.0          1125000.0  207.047091  143.216582     134.00     237.00       336      25         300000.0            490000.0      103.00         0.930748            93.074792
                Black or African American      Female     Hispanic or Latino           1     25000.000000              NaN         25000.0         25000.0               100.000000                      NaN               100.00000               100.00000                 37.000000                       NaN                     37.0                    37.00        6.450000e+05                 NaN           645000.0           645000.0  164.000000         NaN     164.00     164.00         1       0              0.0                 0.0        0.00         1.000000           100.000000
                Black or African American      Female Not Hispanic or Latino          51    492843.137255    157369.803018        405000.0        585000.0                83.132235                17.958456                80.00000                95.00000                 44.526316                  3.462048                      NaN                      NaN        6.248039e+05       209871.295761           515000.0           730000.0  152.627451   91.584488     105.50     174.50        41      10         180000.0            215000.0       69.00         0.803922            80.392157
                Black or African American        Male     Hispanic or Latino           4    677500.000000    325512.416558        480000.0        907500.0                59.560750                21.334377                44.48725                76.25000                 44.333333                  6.350853                      NaN                      NaN        1.182500e+06       648915.762381           770000.0          1352500.0  250.750000  196.623795     105.25     349.50         4       0         427500.0            582500.0      244.25         1.000000           100.000000
                Black or African American        Male Not Hispanic or Latino          36    478611.111111    195187.130398        332500.0        647500.0                83.355583                17.404581                78.75000                95.00000                 45.153846                  3.885278                      NaN                      NaN        6.019444e+05       250745.396704           435000.0           747500.0  148.305556   76.521825      97.75     195.50        29       7         315000.0            312500.0       97.75         0.805556            80.555556
Native Hawaiian or Other Pacific Islander      Female Not Hispanic or Latino           1    575000.000000              NaN        575000.0        575000.0                50.000000                      NaN                50.00000                50.00000                       NaN                       NaN                      NaN                      NaN        1.145000e+06                 NaN          1145000.0          1145000.0  365.000000         NaN     365.00     365.00         1       0              0.0                 0.0        0.00         1.000000           100.000000
Native Hawaiian or Other Pacific Islander        Male Not Hispanic or Latino           1    315000.000000              NaN        315000.0        315000.0                95.000000                      NaN                95.00000                95.00000                 37.000000                       NaN                     37.0                    37.00        3.350000e+05                 NaN           335000.0           335000.0  119.000000         NaN     119.00     119.00         1       0              0.0                 0.0        0.00         1.000000           100.000000
                                    White      Female     Hispanic or Latino         186    423010.752688    180320.495133        305000.0        532500.0                80.070516                19.144075                74.61750                95.00000                 44.284722                  3.876887                      NaN                      NaN        5.491398e+05       230209.215839           415000.0           665000.0  134.672043  105.490591      81.00     154.00       167      19         227500.0            250000.0       73.00         0.897849            89.784946
                                    White      Female Not Hispanic or Latino         336    465119.047619    237784.520780        305000.0        605000.0                69.640381                22.013635                55.31300                83.40000                 43.605042                  4.234116                      NaN                      NaN        7.080952e+05       355769.424543           475000.0           875000.0  170.363095  213.523501      95.00     189.00       320      16         300000.0            400000.0       94.00         0.952381            95.238095
                                    White        Male     Hispanic or Latino         276    462717.391304    212192.553691        305000.0        585000.0                83.659286                15.880544                80.00000                95.00000                 44.045918                  3.988822                      NaN                      NaN        5.694565e+05       253032.649552           375000.0           717500.0  154.003623  110.655715      91.50     183.00       248      28         280000.0            342500.0       91.50         0.898551            89.855072
                                    White        Male Not Hispanic or Latino         475    539821.052632    237812.019288        355000.0        695000.0                73.124027                19.696168                61.45250                87.02500                 43.567251                  3.948329                      NaN                      NaN        8.085789e+05       457743.308269           510000.0           960000.0  216.829474  506.922499     105.00     235.00       437      38         340000.0            450000.0      130.00         0.920000            92.000000