                             derived_race derived_sex      derived_ethnicity  total_apps  avg_loan_amount  std_loan_amount  Q1_loan_amount  Q3_loan_amount  avg_loan_to_value_ratio  std_loan_to_value_ratio  Q1_loan_to_value_ratio  Q3_loan_to_value_ratio  avg_debt_to_income_ratio  std_debt_to_income_ratio  Q1_debt_to_income_ratio  Q3_debt_to_income_ratio  avg_property_value  std_property_value  Q1_property_value  Q3_property_value  avg_income  std_income  Q1_income  Q3_income  accepted  denied  iqr_loan_amount  iqr_property_value  iqr_income  acceptance_rate  acceptance_rate_pct
                 2 or more minority races      Female Not Hispanic or Latino           2    685000.000000    240416.305603        600000.0        770000.0                57.446000                10.530234               53.723000                61.16900                 36.000000                       NaN                      NaN                      NaN        1.245000e+06       650538.238692          1015000.0          1475000.0  244.500000   43.133514     229.25     259.75         2       0         170000.0            460000.0       30.50         1.000000           100.000000
                 2 or more minority races        Male Not Hispanic or Latino           1    505000.000000              NaN        505000.0        505000.0                97.000000                      NaN               97.000000                97.00000                 42.000000                       NaN                    42.00                    42.00        5.250000e+05                 NaN           525000.0           525000.0  129.000000         NaN     129.00     129.00         1       0              0.0                 0.0        0.00         1.000000           100.000000
         American Indian or Alaska Native      Female     Hispanic or Latino           3    438333.333333    145716.619963        380000.0        520000.0                74.333333                14.364308               69.000000                82.50000                 45.500000                  3.535534                      NaN                      NaN        5.783333e+05        92915.732432           540000.0           630000.0  188.666667    9.018500     184.00     193.00         3       0         140000.0             90000.0        9.00         1.000000           100.000000
         American Indian or Alaska Native      Female Not Hispanic or Latino           8    517500.000000    315221.010902        355000.0        637500.0                83.653000                21.723599               73.229750                96.62500                 45.500000                  3.415650                      NaN                      NaN        7.475000e+05       380854.302851           515000.0           985000.0  285.500000  219.627607     103.50     500.25         6       2         282500.0            470000.0      396.75         0.750000            75.000000
         American Indian or Alaska Native        Male     Hispanic or Latino           7    502142.857143    228014.201730        345000.0        590000.0                89.770286                12.444492               87.500000                95.00000                 43.400000                  5.176872                      NaN                      NaN        5.878571e+05       284353.904241           415000.0           620000.0  203.285714  116.039813     146.00     205.50         7       0         245000.0            205000.0       59.50         1.000000           100.000000
         American Indian or Alaska Native        Male Not Hispanic or Latino           2    615000.000000    311126.983722        505000.0        725000.0                85.000000                 7.071068               82.500000                87.50000                 46.500000                  3.535534                    45.25                    47.75        7.100000e+05       304055.915910           602500.0           817500.0  192.000000  106.066017     154.50     229.50         2       0         220000.0            215000.0       75.00         1.000000           100.000000
                                    Asian      Female     Hispanic or Latino          10    562000.000000    163166.581546        450000.0        707500.0                84.524100                 9.795074               76.250000                93.75000                 45.333333                  3.605551                      NaN                      NaN        6.630000e+05       158380.694671           535000.0           787500.0  170.200000   63.761361     123.50     199.00        10       0         257500.0            252500.0       75.50         1.000000           100.000000
                                    Asian      Female Not Hispanic or Latino         223    566479.820628    220995.002789        400000.0        725000.0                69.838897                19.066423               58.685000                80.00000                 43.723270                  3.995111                      NaN                      NaN        8.611435e+05       409314.321213           605000.0          1005000.0  176.197309   76.245080     130.00     214.00       207      16         325000.0            400000.0       84.00         0.928251            92.825112
                                    Asian        Male     Hispanic or Latino           9    673888.888889    141637.251848        615000.0        755000.0                82.333000                13.577866               70.000000                95.00000                 44.222222                  2.773886                    43.00                    46.00        8.461111e+05       249070.494260           735000.0           965000.0  185.777778   48.625553     154.00     200.00         9       0         140000.0            230000.0       46.00         1.000000           100.000000
                                    Asian        Male Not Hispanic or Latino         392    618826.530612    246057.715788        445000.0        765000.0                73.075933                18.065134               65.872438                85.00000                 43.301418                  3.975628                      NaN                      NaN        9.065816e+05       450455.351849           615000.0          1125000.0  203.017857  139.100700     135.75     235.25       370      22         320000.0            510000.0       99.50         0.943878            94.387755
                Black or African American      Female     Hispanic or Latino           5    611000.000000    371254.629601        415000.0        695000.0                79.538000                21.737691               70.000000                95.00000                 44.333333                  4.725816                      NaN                      NaN        7.690000e+05       396017.676373           485000.0           995000.0  322.400000  397.897977     125.00     239.00         5       0         280000.0            510000.0      114.00         1.000000           100.000000
                Black or African American      Female Not Hispanic or Latino          54    437222.222222    214402.783235        287500.0        600000.0                82.936241                21.393831               78.146000                98.09900                 44.027778                  4.024824                      NaN                      NaN        5.898148e+05       268044.918376           412500.0           655000.0  133.981481   67.948230      79.25     179.50        47       7         312500.0            242500.0      100.25         0.870370            87.037037
                Black or African American        Male     Hispanic or Latino           6    613333.333333    239701.202889        440000.0        817500.0                90.136333                 9.895995               82.500000                98.50000                 47.600000                  2.190890                      NaN                      NaN        7.516667e+05       316712.277417           555000.0          1027500.0  202.666667  159.201340     108.75     208.00         5       1         377500.0            472500.0       99.25         0.833333            83.333333
                Black or African American        Male Not Hispanic or Latino          29    511896.551724    237668.788868        375000.0        615000.0                87.963552                10.120058               80.000000                95.00000                 44.090909                  4.104691                      NaN                      NaN        6.008621e+05       281634.479948           455000.0           725000.0  165.862069  115.929081     106.00     185.00        25       4         240000.0            270000.0       79.00         0.862069            86.206897
Native Hawaiian or Other Pacific Islander      Female     Hispanic or Latino           1    495000.000000              NaN        495000.0        495000.0                80.000000                      NaN               80.000000                80.00000                 47.000000                       NaN                    47.00                    47.00        6.150000e+05                 NaN           615000.0           615000.0  131.000000         NaN     131.00     131.00         1       0              0.0                 0.0        0.00         1.000000           100.000000
Native Hawaiian or Other Pacific Islander      Female Not Hispanic or Latino           2    440000.000000     77781.745931        412500.0        467500.0                71.765500                 4.574274               70.148250                73.38275                 45.000000                  2.828427                    44.00                    46.00        6.150000e+05       141421.356237           565000.0           665000.0  130.000000   19.798990     123.00     137.00         2       0          55000.0            100000.0       14.00         1.000000           100.000000
Native Hawaiian or Other Pacific Islander        Male     Hispanic or Latino           2    215000.000000     70710.678119        190000.0        240000.0                34.650500                 6.708322               32.278750                37.02225                 40.500000                  3.535534                    39.25                    41.75        6.000000e+05        91923.881554           567500.0           632500.0   69.500000   38.890873      55.75      83.25         1       1          50000.0             65000.0       27.50         0.500000            50.000000
Native Hawaiian or Other Pacific Islander        Male Not Hispanic or Latino           5    403000.000000    130460.722058        315000.0        545000.0                87.803200                16.092534               95.000000                95.00000                 41.750000                  5.852350                      NaN                      NaN        4.930000e+05       259846.108303           335000.0           575000.0  112.200000   26.300190     108.00     130.00         4       1         230000.0            240000.0       22.00         0.800000            80.000000
                                    White      Female     Hispanic or Latino         167    407994.011976    200094.902093        285000.0        495000.0                78.261030                19.850360               75.000000                93.46250                 44.451852                  4.051384                      NaN                      NaN        5.679940e+05       282310.849290           380000.0           690000.0  121.473054   83.812816      76.00     149.00       147      20         210000.0            310000.0       73.00         0.880240            88.023952
                                    White      Female Not Hispanic or Latino         354    485451.977401    246938.923552        305000.0        635000.0                69.907393                21.508148               55.000000                85.00000                 44.007576                  3.897930                      NaN                      NaN        7.396893e+05       402744.887301           487500.0           902500.0  164.183616  100.397807      99.00     205.00       330      24         330000.0            415000.0      106.00         0.932203            93.220339
                                    White        Male     Hispanic or Latino         276    452789.855072    208265.144045        325000.0        585000.0                82.630725                15.795649               78.891500                95.00000                 44.296117                  3.895549                      NaN                      NaN        5.697464e+05       275798.887508           405000.0           690000.0  153.702899  107.519599      90.00     176.25       254      22         260000.0            285000.0       86.25         0.920290            92.028986
                                    White        Male Not Hispanic or Latino         442    563868.778281    261322.445235        375000.0        755000.0                74.296018                18.568076               67.790000                87.12500                 43.809211                  4.234439                      NaN                      NaN        8.169910e+05       468393.423322           515000.0          1050000.0  201.255656  141.489774     115.00     244.00       418      24         380000.0            535000.0      129.00         0.945701            94.570136