                             derived_race derived_sex      derived_ethnicity  total_apps  avg_loan_amount  std_loan_amount  Q1_loan_amount  Q3_loan_amount  avg_loan_to_value_ratio  std_loan_to_value_ratio  Q1_loan_to_value_ratio  Q3_loan_to_value_ratio  avg_debt_to_income_ratio  std_debt_to_income_ratio  Q1_debt_to_income_ratio  Q3_debt_to_income_ratio  avg_property_value  std_property_value  Q1_property_value  Q3_property_value  avg_income  std_income  Q1_income  Q3_income  accepted  denied  iqr_loan_amount  iqr_property_value  iqr_income  acceptance_rate  acceptance_rate_pct
                 2 or more minority races      Female     Hispanic or Latino           1    335000.000000              NaN        335000.0        335000.0                95.000000                      NaN                95.00000                  95.000                 48.000000                       NaN                     48.0                     48.0       355000.000000                 NaN           355000.0           355000.0   68.000000         NaN      68.00      68.00         1       0              0.0                 0.0        0.00         1.000000           100.000000
                 2 or more minority races        Male     Hispanic or Latino           1    175000.000000              NaN        175000.0        175000.0                95.000000                      NaN                95.00000                  95.000                       NaN                       NaN                      NaN                      NaN       185000.000000                 NaN           185000.0           185000.0  303.000000         NaN     303.00     303.00         1       0              0.0                 0.0        0.00         1.000000           100.000000
                 2 or more minority races        Male Not Hispanic or Latino           1    785000.000000              NaN        785000.0        785000.0                95.000000                      NaN                95.00000                  95.000                 43.000000                       NaN                     43.0                     43.0       835000.000000                 NaN           835000.0           835000.0  206.000000         NaN     206.00     206.00         1       0              0.0                 0.0        0.00         1.000000           100.000000
         American Indian or Alaska Native      Female     Hispanic or Latino           4    415000.000000    155777.619274        310000.0        470000.0                87.009750                10.537918                79.00975                  95.500                 47.333333                  2.886751                      NaN                      NaN       472500.000000       154353.490404           380000.0           552500.0  113.000000   39.353102      87.75     137.75         2       2         160000.0            172500.0       50.00         0.500000            50.000000
         American Indian or Alaska Native      Female Not Hispanic or Latino           7    539285.714286    110733.485278        515000.0        605000.0                90.676286                 6.538605                89.99500                  95.000                 44.750000                  5.315073                      NaN                      NaN       605000.000000       156950.098227           555000.0           655000.0  182.857143   40.416286     157.00     204.00         6       1          90000.0            100000.0       47.00         0.857143            85.714286
         American Indian or Alaska Native        Male     Hispanic or Latino           7    377857.142857    124460.741563        280000.0        435000.0                79.554000                13.628735                80.00000                  85.000                 44.750000                  4.991660                      NaN                      NaN       500714.285714       218392.394774           340000.0           630000.0  161.000000  134.934552      86.00     157.00         6       1         155000.0            290000.0       71.00         0.857143            85.714286
         American Indian or Alaska Native        Male Not Hispanic or Latino           4    507500.000000    113247.516529        480000.0        567500.0                89.247500                 8.102162                83.74750                  95.500                 43.500000                  0.707107                      NaN                      NaN       572500.000000       144077.525428           510000.0           627500.0  158.750000   63.562961     119.50     199.75         4       0          87500.0            117500.0       80.25         1.000000           100.000000
                                    Asian      Female     Hispanic or Latino           5    291000.000000    138491.877018        165000.0        365000.0                67.570800                26.276304                42.02900                  89.085                 42.500000                  2.121320                      NaN                      NaN       489000.000000       239018.827710           345000.0           685000.0   83.200000   49.251396      88.00     100.00         4       1         200000.0            340000.0       12.00         0.800000            80.000000
                                    Asian      Female Not Hispanic or Latino         230    569260.869565    231356.587359        405000.0        725000.0                69.718457                19.607741                57.89000                  80.000                 43.785714                  4.106578                      NaN                      NaN       882304.347826       458688.698155           605000.0          1025000.0  216.226087  507.006749     116.00     226.50       215      15         320000.0            420000.0      110.50         0.934783            93.478261
                                    Asian        Male     Hispanic or Latino          13    579615.384615    179146.838497        445000.0        715000.0                74.850077                17.109229                63.96000                  80.000                 44.333333                  3.968627                      NaN                      NaN       800384.615385       248650.202246           665000.0           985000.0  177.769231   68.835739     135.00     177.00        12       1         270000.0            320000.0       42.00         0.923077            92.307692
                                    Asian        Male Not Hispanic or Latino         366    639918.032787    246599.600823        467500.0        792500.0                74.335096                18.499291                70.00000                  85.000                 43.692000                  4.099801                      NaN                      NaN       923278.688525       471906.699549           645000.0          1122500.0  219.822404  177.033821     137.00     247.25       339      27         325000.0            477500.0      110.25         0.926230            92.622951
                Black or African American      Female     Hispanic or Latino           3    635000.000000    137477.270849        575000.0        710000.0                88.333333                 7.637626                85.00000                  92.500                 43.000000                  4.242641                      NaN                      NaN       725000.000000       157162.336455           670000.0           815000.0  185.666667   33.261589     173.00     204.50         3       0         135000.0            145000.0       31.50         1.000000           100.000000
                Black or African American      Female Not Hispanic or Latino          52    460000.000000    208095.943182        292500.0        607500.0                82.811808                20.215107                79.87225                  95.500                 44.266667                  4.058661                      NaN                      NaN       594038.461538       212808.112179           480000.0           745000.0  135.423077   66.742510      86.00     175.25        48       4         315000.0            265000.0       89.25         0.923077            92.307692
                Black or African American        Male     Hispanic or Latino           3    705000.000000    130766.968306        660000.0        780000.0                74.070000                 5.321384                71.11950                  76.287                 41.000000                  0.000000                      NaN                      NaN       965000.000000       233880.311271           895000.0          1100000.0  236.333333   79.952069     190.50     264.00         3       0         120000.0            205000.0       73.50         1.000000           100.000000
                Black or African American        Male Not Hispanic or Latino          30    503666.666667    213472.655656        385000.0        610000.0                80.230467                19.979668                75.25000                  95.000                 44.833333                  3.818339                      NaN                      NaN       664000.000000       290983.469136           507500.0           805000.0  155.300000   80.320114     109.00     186.75        27       3         225000.0            297500.0       77.75         0.900000            90.000000
Native Hawaiian or Other Pacific Islander      Female Not Hispanic or Latino           1    385000.000000              NaN        385000.0        385000.0                80.000000                      NaN                80.00000                  80.000                       NaN                       NaN                      NaN                      NaN       475000.000000                 NaN           475000.0           475000.0  178.000000         NaN     178.00     178.00         1       0              0.0                 0.0        0.00         1.000000           100.000000
Native Hawaiian or Other Pacific Islander        Male Not Hispanic or Latino           3    525000.000000    396106.046407        310000.0        700000.0                95.897333                 1.827463                94.84600                  96.500                 47.000000                       NaN                      NaN                      NaN       555000.000000       415812.457726           330000.0           740000.0  154.333333  151.097099      67.50     205.00         1       2         390000.0            410000.0      137.50         0.333333            33.333333
                                    White      Female     Hispanic or Latino         166    433795.180723    196230.523622        305000.0        545000.0                81.596560                17.093104                75.90000                  95.000                 44.406015                  4.078840                      NaN                      NaN       555843.373494       233690.833416           395000.0           685000.0  132.006024   76.593971      84.50     152.00       145      21         240000.0            290000.0       67.50         0.873494            87.349398
                                    White      Female Not Hispanic or Latino         362    474613.259669    251159.890231        287500.0        612500.0                71.011680                21.045214                56.69175                  85.000                 44.007576                  3.941581                      NaN                      NaN       707541.436464       415100.901789           455000.0           832500.0  166.671271  166.310908      96.25     195.00       336      26         325000.0            377500.0       98.75         0.928177            92.817680
                                    White        Male     Hispanic or Latino         277    463519.855596    201356.748993        315000.0        585000.0                82.836144                15.410220                75.00000                  95.000                 44.389163                  3.962857                      NaN                      NaN       579512.635379       258140.361815           415000.0           725000.0  142.790614   80.418152      90.00     170.00       253      24         270000.0            310000.0       80.00         0.913357            91.335740
                                    White        Male Not Hispanic or Latino         464    560043.103448    262118.792987        355000.0        735000.0                74.762429                18.981157                66.33550                  90.000                 43.629630                  3.930336                      NaN                      NaN       802284.482759       466021.204869           515000.0           995000.0  200.616379  135.529087     113.75     240.25       430      34         380000.0            480000.0      126.50         0.926724            92.672414