                             derived_race derived_sex      derived_ethnicity  total_apps  avg_loan_amount  std_loan_amount  Q1_loan_amount  Q3_loan_amount  avg_loan_to_value_ratio  std_loan_to_value_ratio  Q1_loan_to_value_ratio  Q3_loan_to_value_ratio  avg_debt_to_income_ratio  std_debt_to_income_ratio  Q1_debt_to_income_ratio  Q3_debt_to_income_ratio  avg_property_value  std_property_value  Q1_property_value  Q3_property_value  avg_income  std_income  Q1_income  Q3_income  accepted  denied  iqr_loan_amount  iqr_property_value  iqr_income  acceptance_rate  acceptance_rate_pct
                 2 or more minority races      Female     Hispanic or Latino           2    660000.000000    459619.407771        497500.0        822500.0                87.500000                10.606602                83.75000                91.25000                 44.500000                  4.949747                    42.75                    46.25        7.900000e+05        6.151829e+05           572500.0          1007500.0  158.500000  127.986327     113.25     203.75         2       0         325000.0            435000.0       90.50         1.000000           100.000000
                 2 or more minority races      Female Not Hispanic or Latino           3    701666.666667    166232.768531        625000.0        790000.0                76.168667                23.058347                67.50000                89.25300                 41.666667                  4.932883                    40.00                    44.50        1.031667e+06        5.885859e+05           695000.0          1240000.0  204.000000   17.320508     199.00     214.00         3       0         165000.0            545000.0       15.00         1.000000           100.000000
                 2 or more minority races        Male     Hispanic or Latino           3    765000.000000    147986.485869        680000.0        815000.0                83.782000                15.305573                78.17300                92.50000                 41.000000                       NaN                      NaN                      NaN        9.950000e+05        2.783882e+05           870000.0          1145000.0  290.666667  233.797633     156.00     366.00         2       1         135000.0            275000.0      210.00         0.666667            66.666667
                 2 or more minority races        Male Not Hispanic or Latino           5    723000.000000    456804.115568        395000.0       1105000.0                89.400000                11.013628                80.00000                97.00000                 41.400000                  1.949359                    40.00                    42.00        8.750000e+05        6.487295e+05           415000.0          1375000.0  185.600000  113.027873     106.00     288.00         4       1         710000.0            960000.0      182.00         0.800000            80.000000
         American Indian or Alaska Native      Female     Hispanic or Latino           6    446666.666667    150122.172469        360000.0        442500.0                82.871333                10.320879                75.58850                87.50000                 43.500000                  2.886751                      NaN                      NaN        5.383333e+05        1.469240e+05           435000.0           552500.0  152.166667   63.208913     114.00     172.25         6       0          82500.0            117500.0       58.25         1.000000           100.000000
         American Indian or Alaska Native      Female Not Hispanic or Latino           4    320000.000000    187705.443004        277500.0        437500.0                85.972500                 7.333691                80.00000                90.41750                 40.500000                  6.363961                      NaN                      NaN        3.800000e+05        2.294196e+05           345000.0           490000.0  166.500000   75.390097     130.50     220.00         3       1         160000.0            145000.0       89.50         0.750000            75.000000
         American Indian or Alaska Native        Male     Hispanic or Latino          12    460833.333333    208651.877683        315000.0        640000.0                77.146833                23.949522                79.67025                91.57875                 42.666667                  4.579268                    39.50                    47.25        6.000000e+05        1.752660e+05           445000.0           717500.0  129.416667   60.002210      73.00     180.75        10       2         325000.0            272500.0      107.75         0.833333            83.333333
         American Indian or Alaska Native        Male Not Hispanic or Latino           1    625000.000000              NaN        625000.0        625000.0                80.000000                      NaN                80.00000                80.00000                       NaN                       NaN                      NaN                      NaN        7.750000e+05                 NaN           775000.0           775000.0  239.000000         NaN     239.00     239.00         1       0              0.0                 0.0        0.00         1.000000           100.000000
                                    Asian      Female     Hispanic or Latino           8    505000.000000    137113.092008        447500.0        545000.0                71.446375                16.645555                73.02025                80.00000                 42.875000                  3.943802                    40.75                    45.50        7.300000e+05        1.921309e+05           602500.0           832500.0  129.750000   39.564595     110.25     136.50         8       0          97500.0            230000.0       26.25         1.000000           100.000000
                                    Asian      Female Not Hispanic or Latino         205    566121.951220    219931.383587        405000.0        695000.0                72.505717                17.457385                65.00000                80.00000                 43.947020                  3.886366                      NaN                      NaN        8.110000e+05        3.153299e+05           575000.0           995000.0  198.243902  171.211940     120.00     219.00       193      12         290000.0            420000.0       99.00         0.941463            94.146341
                                    Asian        Male     Hispanic or Latino           5    393000.000000    113666.177907        315000.0        435000.0                70.572800                18.994012                57.00000                80.00000                 45.250000                  2.217356                      NaN                      NaN        5.930000e+05        2.220811e+05           545000.0           705000.0  154.600000  121.110693     100.00     114.00         5       0         120000.0            160000.0       14.00         1.000000           100.000000
                                    Asian        Male Not Hispanic or Latino         390    628230.769231    242018.765503        445000.0        765000.0                73.806643                17.056573                65.56075                84.97750                 44.122034                  3.736930                      NaN                      NaN        9.024872e+05        4.136897e+05           635000.0          1105000.0  212.351282  380.480622     129.00     224.75       361      29         320000.0            470000.0       95.75         0.925641            92.564103
                Black or African American      Female     Hispanic or Latino           4    540000.000000    274529.901225        330000.0        770000.0                59.514500                29.759215                53.71550                74.05000                 43.000000                  8.485281                      NaN                      NaN        1.025000e+06        4.245782e+05           805000.0          1265000.0  310.500000  392.239298     116.50     345.00         3       1         440000.0            460000.0      228.50         0.750000            75.000000
                Black or African American      Female Not Hispanic or Latino          36    561388.888889    196892.324131        432500.0        650000.0                86.309472                14.587783                80.00000                95.00000                 44.333333                  3.437454                      NaN                      NaN        6.858333e+05        2.734580e+05           515000.0           755000.0  162.944444   59.812538     127.25     183.00        32       4         217500.0            240000.0       55.75         0.888889            88.888889
                Black or African American        Male     Hispanic or Latino           2    755000.000000    353553.390593        630000.0        880000.0                66.176500                26.620449                56.76475                75.58825                 37.000000                       NaN                      NaN                      NaN        1.355000e+06        1.088944e+06           970000.0          1740000.0  224.000000  101.823376     188.00     260.00         2       0         250000.0            770000.0       72.00         1.000000           100.000000
                Black or African American        Male Not Hispanic or Latino          44    484772.727273    220005.165229        360000.0        625000.0                80.436318                16.822752                75.21300                94.73750                 45.724138                  3.614421                      NaN                      NaN        6.297727e+05        2.606743e+05           497500.0           795000.0  174.909091  137.920405      94.50     230.00        37       7         265000.0            297500.0      135.50         0.840909            84.090909
Native Hawaiian or Other Pacific Islander      Female     Hispanic or Latino           1    275000.000000              NaN        275000.0        275000.0                80.000000                      NaN                80.00000                80.00000                 47.000000                       NaN                    47.00                    47.00        3.450000e+05                 NaN           345000.0           345000.0   65.000000         NaN      65.00      65.00         1       0              0.0                 0.0        0.00         1.000000           100.000000
Native Hawaiian or Other Pacific Islander      Female Not Hispanic or Latino           3    471666.666667    243378.991150        340000.0        580000.0                78.333333                17.559423                70.00000                87.50000                 47.500000                  2.121320                      NaN                      NaN        6.016667e+05        2.800595e+05           440000.0           685000.0  134.000000   57.887823     111.00     166.50         3       0         240000.0            245000.0       55.50         1.000000           100.000000
Native Hawaiian or Other Pacific Islander        Male     Hispanic or Latino           1    945000.000000              NaN        945000.0        945000.0                90.000000                      NaN                90.00000                90.00000                 48.000000                       NaN                    48.00                    48.00        1.055000e+06                 NaN          1055000.0          1055000.0  246.000000         NaN     246.00     246.00         1       0              0.0                 0.0        0.00         1.000000           100.000000
Native Hawaiian or Other Pacific Islander        Male Not Hispanic or Latino           3    628333.333333    445458.565226        400000.0        845000.0                74.571667                38.484781                61.85750                96.70950                 48.333333                  1.154701                    48.00                    49.00        9.416667e+05        5.312564e+05           635000.0          1100000.0  202.666667  180.145312     102.50     277.00         3       0         445000.0            465000.0      174.50         1.000000           100.000000
                                    White      Female     Hispanic or Latino         164    453414.634146    206067.292078        302500.0        585000.0                81.752555                17.683383                80.00000                95.00000                 44.801527                  3.680342                      NaN                      NaN        5.811585e+05        2.568626e+05           392500.0           725000.0  142.859756  104.211553      83.75     173.00       154      10         282500.0            332500.0       89.25         0.939024            93.902439
                                    White      Female Not Hispanic or Latino         325    473984.615385    231568.490542        305000.0        605000.0                71.375969                19.824759                58.33300                85.00000                 43.739726                  4.186131                      NaN                      NaN        7.107231e+05        3.832011e+05           445000.0           895000.0  156.516923   93.891702      94.00     199.00       303      22         300000.0            450000.0      105.00         0.932308            93.230769
                                    White        Male     Hispanic or Latino         281    487633.451957    214997.103349        345000.0        615000.0                82.411331                16.297467                77.51300                95.00000                 43.842857                  4.024931                      NaN                      NaN        6.161032e+05        2.826340e+05           425000.0           765000.0  173.487544  198.511157      89.00     180.00       253      28         270000.0            340000.0       91.00         0.900356            90.035587
                                    White        Male Not Hispanic or Latino         492    564268.292683    250936.886383        375000.0        745000.0                75.822827                17.182581                70.00000                87.61800                 43.710692                  3.999757                      NaN                      NaN        7.920122e+05        4.706742e+05           485000.0           995000.0  236.743902  318.582092     120.00     254.75       460      32         370000.0            510000.0      134.75         0.934959            93.495935