                             derived_race derived_sex      derived_ethnicity  total_apps  avg_loan_amount  std_loan_amount  Q1_loan_amount  Q3_loan_amount  avg_loan_to_value_ratio  std_loan_to_value_ratio  Q1_loan_to_value_ratio  Q3_loan_to_value_ratio  avg_debt_to_income_ratio  std_debt_to_income_ratio  Q1_debt_to_income_ratio  Q3_debt_to_income_ratio  avg_property_value  std_property_value  Q1_property_value  Q3_property_value  avg_income  std_income  Q1_income  Q3_income  accepted  denied  iqr_loan_amount  iqr_property_value  iqr_income  acceptance_rate  acceptance_rate_pct
                 2 or more minority races      Female Not Hispanic or Latino           1    505000.000000              NaN        505000.0        505000.0                71.430000                      NaN                71.43000                 71.4300                       NaN                       NaN                      NaN                      NaN       705000.000000                 NaN           705000.0           705000.0  168.000000         NaN     168.00     168.00         1       0              0.0                 0.0        0.00         1.000000           100.000000
                 2 or more minority races        Male     Hispanic or Latino           3    581666.666667    263502.055653        435000.0        690000.0                79.137000                14.398910                72.16300                 86.5425                 46.000000                  2.828427                      NaN                      NaN       728333.333333       249866.631092           620000.0           865000.0  191.666667   84.049589     150.50     234.50         3       0         255000.0            245000.0       84.00         1.000000           100.000000
                 2 or more minority races        Male Not Hispanic or Latino           3    661666.666667     89628.864398        610000.0        690000.0                85.466667                 4.824752                83.63500                 88.2000                 41.333333                  2.516611                     40.0                     42.5       771666.666667        86216.781043           725000.0           810000.0  193.333333   62.115484     157.50     212.50         3       0          80000.0             85000.0       55.00         1.000000           100.000000
         American Indian or Alaska Native      Female     Hispanic or Latino           6    541666.666667    310526.434731        417500.0        532500.0                81.511167                 9.828552                79.37525                 80.0000                 46.500000                  2.886751                      NaN                      NaN       683333.333333       405729.795143           462500.0           747500.0  177.666667   79.798914     120.50     236.25         5       1         115000.0            285000.0      115.75         0.833333            83.333333
         American Indian or Alaska Native      Female Not Hispanic or Latino           5    381000.000000    244397.217660        175000.0        565000.0                76.246600                15.063992                62.50000                 90.0000                 43.000000                  4.242641                      NaN                      NaN       495000.000000       291118.532560           195000.0           725000.0  166.800000  126.214896      81.00     215.00         5       0         390000.0            530000.0      134.00         1.000000           100.000000
         American Indian or Alaska Native        Male     Hispanic or Latino           8    605000.000000    293744.300857        447500.0        767500.0                77.255625                24.730748                70.09525                 95.0000                 42.500000                  4.505552                      NaN                      NaN       792500.000000       332211.206485           530000.0           997500.0  188.625000   90.028468     111.75     250.00         7       1         320000.0            467500.0      138.25         0.875000            87.500000
         American Indian or Alaska Native        Male Not Hispanic or Latino           5    517000.000000    331164.611636        325000.0        745000.0                77.206400                 4.074433                75.00000                 80.0000                 47.000000                       NaN                      NaN                      NaN       667000.000000       414451.444683           405000.0           995000.0  325.000000  225.563738     113.00     506.00         5       0         420000.0            590000.0      393.00         1.000000           100.000000
                                    Asian      Female     Hispanic or Latino           5    535000.000000    261055.549644        345000.0        635000.0                63.734000                20.136752                43.67000                 80.0000                 49.000000                  0.000000                      NaN                      NaN       831000.000000       233730.614169           705000.0           875000.0  230.400000  277.510901      84.00     132.00         4       1         290000.0            170000.0       48.00         0.800000            80.000000
                                    Asian      Female Not Hispanic or Latino         228    555701.754386    213141.880724        405000.0        697500.0                71.223398                18.059943                60.00000                 80.0000                 43.433526                  4.127676                      NaN                      NaN       832456.140351       461162.697223           582500.0           955000.0  179.407895   90.056836     123.75     209.25       215      13         292500.0            372500.0       85.50         0.942982            94.298246
                                    Asian        Male     Hispanic or Latino           9    528333.333333    201556.443707        405000.0        745000.0                76.189889                20.473169                71.40300                 89.9500                 43.857143                  5.367450                      NaN                      NaN       719444.444444       272585.358700           555000.0           985000.0  153.111111   48.796630     110.00     179.00         9       0         340000.0            430000.0       69.00         1.000000           100.000000
                                    Asian        Male Not Hispanic or Latino         385    632610.389610    243887.789892        445000.0        785000.0                74.938106                30.613413                65.00000                 85.0000                 43.763066                  3.949811                      NaN                      NaN       918974.025974       447605.957371           625000.0          1145000.0  206.618182  167.078441     126.00     247.00       355      30         340000.0            520000.0      121.00         0.922078            92.207792
                Black or African American      Female     Hispanic or Latino           5    517000.000000    184580.605698        415000.0        525000.0                91.878000                 8.754965                95.00000                 95.0000                 46.666667                  1.527525                      NaN                      NaN       663000.000000       282612.809335           435000.0           865000.0  192.400000  118.398902     129.00     225.00         5       0         110000.0            430000.0       96.00         1.000000           100.000000
                Black or African American      Female Not Hispanic or Latino          50    420800.000000    195240.197434        260000.0        552500.0                79.562920                22.227323                75.00000                 95.0000                 43.358974                  4.433646                      NaN                      NaN       608400.000000       257615.517976           460000.0           755000.0  153.020000  115.376136      88.25     177.50        43       7         292500.0            295000.0       89.25         0.860000            86.000000
                Black or African American        Male     Hispanic or Latino           5    653000.000000    270129.598526        455000.0        795000.0                83.239800                20.684580                85.00000                 96.8660                 44.333333                  6.429101                      NaN                      NaN       923000.000000       709626.662408           465000.0           875000.0  218.800000   95.145678     130.00     296.00         4       1         340000.0            410000.0      166.00         0.800000            80.000000
                Black or African American        Male Not Hispanic or Latino          37    527162.162162    194238.329195        385000.0        645000.0                87.415432                14.135762                80.00000                 97.0000                 45.678571                  3.549163                      NaN                      NaN       649864.864865       298008.404259           475000.0           775000.0  154.756757   73.093321      98.00     183.00        33       4         260000.0            300000.0       85.00         0.891892            89.189189
Native Hawaiian or Other Pacific Islander      Female     Hispanic or Latino           1    185000.000000              NaN        185000.0        185000.0                80.000000                      NaN                80.00000                 80.0000                 42.000000                       NaN                     42.0                     42.0       235000.000000                 NaN           235000.0           235000.0   84.000000         NaN      84.00      84.00         1       0              0.0                 0.0        0.00         1.000000           100.000000
Native Hawaiian or Other Pacific Islander      Female Not Hispanic or Latino           5    437000.000000    182674.574038        315000.0        445000.0                73.879800                21.613802                77.08900                 80.0000                 48.000000                  1.732051                      NaN                      NaN       613000.000000       216263.727888           445000.0           725000.0  148.000000   28.301943     139.00     163.00         5       0         130000.0            280000.0       24.00         1.000000           100.000000
Native Hawaiian or Other Pacific Islander        Male Not Hispanic or Latino           2    435000.000000    395979.797464        295000.0        575000.0                67.180000                48.889363                49.89500                 84.4650                       NaN                       NaN                      NaN                      NaN       580000.000000       162634.559673           522500.0           637500.0   89.000000   25.455844      80.00      98.00         1       1         280000.0            115000.0       18.00         0.500000            50.000000
                                    White      Female     Hispanic or Latino         180    421666.666667    207601.358431        272500.0        545000.0                80.871611                17.955865                75.00000                 95.0000                 44.081081                  4.275406                      NaN                      NaN       557111.111111       276405.476764           365000.0           705000.0  131.150000   73.061578      77.75     160.75       162      18         272500.0            340000.0       83.00         0.900000            90.000000
                                    White      Female Not Hispanic or Latino         323    508343.653251    253753.125333        320000.0        670000.0                69.549985                21.978048                55.87400                 85.0000                 44.152838                  4.232109                      NaN                      NaN       776021.671827       397283.332287           505000.0           975000.0  171.315789  103.321752     105.00     223.50       303      20         350000.0            470000.0      118.50         0.938080            93.808050
                                    White        Male     Hispanic or Latino         269    468568.773234    198565.508361        325000.0        585000.0                81.261848                16.690471                80.00000                 95.0000                 44.135678                  4.023502                      NaN                      NaN       593661.710037       257304.615162           415000.0           725000.0  153.003717  111.789798      95.00     176.00       243      26         260000.0            310000.0       81.00         0.903346            90.334572
                                    White        Male Not Hispanic or Latino         465    574978.494624    259487.640830        385000.0        755000.0                75.429253                17.673691                68.42100                 89.9800                 43.809187                  4.023731                      NaN                      NaN       823967.741935       491813.376866           535000.0           995000.0  231.324731  220.629477     124.00     260.00       440      25         370000.0            460000.0      136.00         0.946237            94.623656