                             derived_race derived_sex      derived_ethnicity  total_apps  avg_loan_amount  std_loan_amount  Q1_loan_amount  Q3_loan_amount  avg_loan_to_value_ratio  std_loan_to_value_ratio  Q1_loan_to_value_ratio  Q3_loan_to_value_ratio  avg_debt_to_income_ratio  std_debt_to_income_ratio  Q1_debt_to_income_ratio  Q3_debt_to_income_ratio  avg_property_value  std_property_value  Q1_property_value  Q3_property_value  avg_income  std_income  Q1_income  Q3_income  accepted  denied  iqr_loan_amount  iqr_property_value  iqr_income  acceptance_rate  acceptance_rate_pct
                 2 or more minority races      Female Not Hispanic or Latino           2    320000.000000    106066.017178        282500.0        357500.0                73.051000                 9.827370                69.57650                76.52550                 45.500000                  2.121320                    44.75                    46.25       450000.000000       205060.966544           377500.0           522500.0   77.000000   19.798990      70.00      84.00         2       0          75000.0            145000.0       14.00         1.000000           100.000000
                 2 or more minority races        Male Not Hispanic or Latino           4    402500.000000    129711.217711        312500.0        450000.0                70.802750                29.551611                66.72750                87.22575                 43.333333                  2.309401                      NaN                      NaN       730000.000000       545129.953925           380000.0           865000.0  127.250000   44.138985     108.25     151.00         4       0         137500.0            485000.0       42.75         1.000000           100.000000
         American Indian or Alaska Native      Female     Hispanic or Latino           5    283000.000000    258978.763608         65000.0        385000.0               163.507000               162.968986                93.00000               100.00000                 42.666667                  6.110101                      NaN                      NaN       301000.000000       267076.767990            85000.0           395000.0  481.600000  833.829299      90.00     162.00         4       1         320000.0            310000.0       72.00         0.800000            80.000000
         American Indian or Alaska Native      Female Not Hispanic or Latino           4    415000.000000    459202.206731        187500.0        512500.0                74.074750                21.475029                59.63975                85.37500                 39.000000                  2.828427                      NaN                      NaN       667500.000000       467074.226792           377500.0           790000.0  182.000000  203.497748      78.25     189.25         4       0         325000.0            412500.0      111.00         1.000000           100.000000
         American Indian or Alaska Native        Male     Hispanic or Latino          10    374000.000000    124851.022334        290000.0        472500.0                74.169400                22.908285                55.48775                93.67275                 44.000000                  5.228129                      NaN                      NaN       535000.000000       217306.746840           417500.0           592500.0  122.600000   44.442722     103.00     142.00         9       1         182500.0            175000.0       39.00         0.900000            90.000000
         American Indian or Alaska Native        Male Not Hispanic or Latino           3    505000.000000    211660.104885        385000.0        585000.0                85.000000                10.000000                80.00000                90.00000                 44.000000                       NaN                      NaN                      NaN       615000.000000       329696.830437           425000.0           720000.0  248.333333  253.196235     102.50     330.00         3       0         200000.0            295000.0      227.50         1.000000           100.000000
                                    Asian      Female     Hispanic or Latino          10    517000.000000    217552.037198        410000.0        560000.0                81.072700                18.906142                76.25000                90.00000                 44.750000                  3.284161                      NaN                      NaN       640000.000000       237872.514876           490000.0           647500.0  165.500000  140.751357     107.25     144.75        10       0         150000.0            157500.0       37.50         1.000000           100.000000
                                    Asian      Female Not Hispanic or Latino         228    564649.122807    217753.568124        412500.0        705000.0                70.798973                19.625731                59.92225                82.34550                 43.728395                  3.954751                      NaN                      NaN       872149.122807       464359.000806           605000.0          1010000.0  184.166667  109.169425     125.00     225.00       215      13         292500.0            405000.0      100.00         0.942982            94.298246
                                    Asian        Male     Hispanic or Latino           6    513333.333333    207115.104873        435000.0        565000.0                75.690000                21.133305                68.75000                91.25000                 44.250000                  3.774917                      NaN                      NaN       700000.000000       314753.872097           505000.0           705000.0  182.166667  119.534793     107.75     253.00         6       0         130000.0            200000.0      145.25         1.000000           100.000000
                                    Asian        Male Not Hispanic or Latino         380    658157.894737    254429.936167        465000.0        830000.0                73.465321                17.466179                64.75000                85.00000                 43.772242                  4.032645                      NaN                      NaN       941000.000000       398645.860918           655000.0          1207500.0  220.347368  201.711268     139.00     257.00       357      23         365000.0            552500.0      118.00         0.939474            93.947368
                Black or African American      Female     Hispanic or Latino           5    363000.000000    168878.654661        265000.0        405000.0                74.372600                24.878509                75.00000                84.70600                 45.000000                  4.546061                      NaN                      NaN       509000.000000       201072.126363           425000.0           515000.0  104.800000   64.913019      73.00      84.00         4       1         140000.0             90000.0       11.00         0.800000            80.000000
                Black or African American      Female Not Hispanic or Latino          45    537222.222222    248302.316550        375000.0        665000.0                81.784422                21.273913                76.15700                97.00000                 44.846154                  3.002563                      NaN                      NaN       706555.555556       371483.240510           505000.0           825000.0  171.888889   88.691811     121.00     207.00        36       9         290000.0            320000.0       86.00         0.800000            80.000000
                Black or African American        Male     Hispanic or Latino           3    588333.333333    115902.257671        550000.0        655000.0                90.666667                 9.291573                87.50000                96.00000                 49.000000                       NaN                      NaN                      NaN       658333.333333       174737.898961           585000.0           755000.0  209.333333   86.863878     172.00     257.00         1       2         105000.0            170000.0       85.00         0.333333            33.333333
                Black or African American        Male Not Hispanic or Latino          33    505606.060606    159431.399706        415000.0        595000.0                86.425333                10.669323                80.00000                95.00000                 44.148148                  4.258058                      NaN                      NaN       598333.333333       198441.847065           505000.0           715000.0  160.878788   98.241971     114.00     175.00        30       3         180000.0            210000.0       61.00         0.909091            90.909091
Native Hawaiian or Other Pacific Islander      Female Not Hispanic or Latino           2    320000.000000    148492.424049        267500.0        372500.0                60.768500                48.410652                43.65275                77.88425                 47.500000                  2.121320                    46.75                    48.25       630000.000000       261629.509039           537500.0           722500.0  111.500000   58.689863      90.75     132.25         2       0         105000.0            185000.0       41.50         1.000000           100.000000
Native Hawaiian or Other Pacific Islander        Male Not Hispanic or Latino           3    531666.666667    165025.250593        440000.0        600000.0                90.000000                 8.660254                87.50000                95.00000                 42.666667                  6.506407                    39.50                    46.00       595000.000000       170880.074906           515000.0           685000.0  151.000000   37.242449     129.50     162.00         3       0         160000.0            170000.0       32.50         1.000000           100.000000
                                    White      Female     Hispanic or Latino         166    426566.265060    193048.789109        307500.0        555000.0                82.871488                14.615562                80.00000                95.00000                 43.818182                  4.224926                      NaN                      NaN       533915.662651       262498.540478           365000.0           662500.0  146.222892  154.612531      84.25     156.75       153      13         247500.0            297500.0       72.50         0.921687            92.168675
                                    White      Female Not Hispanic or Latino         356    465084.269663    228943.055051        305000.0        605000.0                71.184312                20.624417                58.25550                85.00000                 43.886076                  3.961640                      NaN                      NaN       689887.640449       331131.629951           465000.0           855000.0  165.508427  108.739629     100.00     199.00       332      24         300000.0            390000.0       99.00         0.932584            93.258427
                                    White        Male     Hispanic or Latino         291    459158.075601    221345.951168        300000.0        585000.0                82.463742                15.746707                78.55000                95.00000                 43.652582                  4.086500                      NaN                      NaN       577989.690722       281317.705837           385000.0           685000.0  155.646048  123.216162      94.00     171.00       262      29         285000.0            300000.0       77.00         0.900344            90.034364
                                    White        Male Not Hispanic or Latino         444    564436.936937    264165.106873        355000.0        737500.0                73.337910                18.110569                64.00000                85.00000                 43.815436                  3.906676                      NaN                      NaN       810743.243243       416245.865033           495000.0          1027500.0  201.533784  144.633736     124.00     247.50       417      27         382500.0            532500.0      123.50         0.939189            93.918919