                             derived_race derived_sex      derived_ethnicity  total_apps  avg_loan_amount  std_loan_amount  Q1_loan_amount  Q3_loan_amount  avg_loan_to_value_ratio  std_loan_to_value_ratio  Q1_loan_to_value_ratio  Q3_loan_to_value_ratio  avg_debt_to_income_ratio  std_debt_to_income_ratio  Q1_debt_to_income_ratio  Q3_debt_to_income_ratio  avg_property_value  std_property_value  Q1_property_value  Q3_property_value  avg_income  std_income  Q1_income  Q3_income  accepted  denied  iqr_loan_amount  iqr_property_value  iqr_income  acceptance_rate  acceptance_rate_pct
                 2 or more minority races      Female Not Hispanic or Latino           3    478333.333333    202566.861390        365000.0        560000.0                57.507000                20.026711                46.26050                65.45500                 46.333333                  1.527525                     45.5                     47.0       878333.333333       445234.020862           630000.0          1060000.0  126.000000   48.569538     102.50     151.00         3       0         195000.0            430000.0       48.50         1.000000           100.000000
                 2 or more minority races        Male     Hispanic or Latino           2    610000.000000     91923.881554        577500.0        642500.0                87.500000                10.606602                83.75000                91.25000                       NaN                       NaN                      NaN                      NaN       685000.000000            0.000000           685000.0           685000.0  183.000000   29.698485     172.50     193.50         1       1          65000.0                 0.0       21.00         0.500000            50.000000
                 2 or more minority races        Male Not Hispanic or Latino           3    745000.000000    260576.284416        610000.0        870000.0                94.000000                 7.937254                91.00000                98.50000                 40.000000                       NaN                      NaN                      NaN       815000.000000       346987.031458           625000.0           965000.0  322.333333  250.052661     181.00     418.50         3       0         260000.0            340000.0      237.50         1.000000           100.000000
         American Indian or Alaska Native      Female     Hispanic or Latino           5    325000.000000    174212.513902        375000.0        405000.0               160.960400               165.181198                95.00000               100.00000                 46.000000                  3.605551                      NaN                      NaN       397000.000000       238264.558842           425000.0           445000.0  502.000000  823.442469     106.00     225.00         4       1          30000.0             20000.0      119.00         0.800000            80.000000
         American Indian or Alaska Native      Female Not Hispanic or Latino           3    665000.000000     10000.000000        660000.0        670000.0                84.945667                 8.179590                80.86700                89.04650                 43.500000                  4.949747                      NaN                      NaN       785000.000000        72111.025509           745000.0           815000.0  220.000000   27.838822     205.00     232.50         3       0          10000.0             70000.0       27.50         1.000000           100.000000
         American Indian or Alaska Native        Male     Hispanic or Latino          10    535000.000000    153550.570750        467500.0        687500.0                88.107000                16.026754                90.29025                95.00000                 42.500000                  5.319774                      NaN                      NaN       613000.000000       138708.327075           507500.0           735000.0  178.200000   71.674883     123.75     230.50         9       1         220000.0            227500.0      106.75         0.900000            90.000000
         American Indian or Alaska Native        Male Not Hispanic or Latino           5    339000.000000    283425.475214        155000.0        495000.0                70.576200                29.792649                71.03200                85.00000                 47.000000                  2.828427                      NaN                      NaN       501000.000000       312697.937313           255000.0           595000.0  112.800000   77.811953      56.00     156.00         5       0         340000.0            340000.0      100.00         1.000000           100.000000
                                    Asian      Female     Hispanic or Latino          11    460454.545455    121520.667902        395000.0        530000.0                72.464545                20.363040                59.26150                85.00000                 43.375000                  4.438066                      NaN                      NaN       723181.818182       375335.001880           465000.0          1025000.0  224.818182  306.392499      99.00     167.00        10       1         135000.0            560000.0       68.00         0.909091            90.909091
                                    Asian      Female Not Hispanic or Latino         251    564362.549801    224309.589701        395000.0        705000.0                71.523740                19.019576                61.59900                81.16600                 43.923913                  3.986956                      NaN                      NaN       843844.621514       374045.799015           580000.0          1030000.0  181.115538   92.656692     115.50     220.00       233      18         310000.0            450000.0      104.50         0.928287            92.828685
                                    Asian        Male     Hispanic or Latino           6    530000.000000    121449.578015        445000.0        625000.0                76.529000                21.077956                58.65875                92.82875                 44.800000                  2.489980                      NaN                      NaN       723333.333333       192397.158676           562500.0           847500.0  196.000000  112.820211     123.25     236.25         6       0         180000.0            285000.0      113.00         1.000000           100.000000
                                    Asian        Male Not Hispanic or Latino         342    624502.923977    225647.426284        475000.0        755000.0                72.820654                17.719023                65.00000                80.00000                 43.549180                  3.976479                      NaN                      NaN       907134.502924       390903.689501           655000.0          1055000.0  189.239766   85.066618     132.00     234.75       315      27         280000.0            400000.0      102.75         0.921053            92.105263
                Black or African American      Female     Hispanic or Latino           3    458333.333333    413077.878049        220000.0        585000.0                96.952333                 6.262510                94.42000               100.45350                 46.000000                  4.242641                      NaN                      NaN       495000.000000       468081.189539           225000.0           640000.0  142.333333  125.300971      70.00     179.50         1       2         365000.0            415000.0      109.50         0.333333            33.333333
                Black or African American      Female Not Hispanic or Latino          46    523478.260870    227888.543823        370000.0        635000.0                84.920652                14.142218                80.00000                91.98825                 44.176471                  3.680173                      NaN                      NaN       650869.565217       251374.674646           495000.0           810000.0  163.260870   97.840786     108.00     182.00        36      10         265000.0            315000.0       74.00         0.782609            78.260870
                Black or African American        Male Not Hispanic or Latino          36    511944.444444    229668.325379        372500.0        570000.0                80.808694                17.479526                75.00000                94.99250                 43.689655                  3.892332                      NaN                      NaN       671388.888889       310926.291475           417500.0           845000.0  161.666667  136.965689      87.50     197.25        31       5         197500.0            427500.0      109.75         0.861111            86.111111
Native Hawaiian or Other Pacific Islander      Female Not Hispanic or Latino           3    578333.333333    493288.286232        295000.0        745000.0                82.153333                16.873368                73.23000                90.00000                 42.500000                  3.535534                      NaN                      NaN       875000.000000       750199.973340           445000.0          1135000.0   44.666667   38.279673      29.00      66.00         2       1         450000.0            690000.0       37.00         0.666667            66.666667
Native Hawaiian or Other Pacific Islander        Male     Hispanic or Latino           2    435000.000000     84852.813742        405000.0        465000.0                93.500000                 4.949747                91.75000                95.25000                 46.000000                       NaN                      NaN                      NaN       475000.000000       113137.084990           435000.0           515000.0   95.500000   16.263456      89.75     101.25         1       1          60000.0             80000.0       11.50         0.500000            50.000000
Native Hawaiian or Other Pacific Islander        Male Not Hispanic or Latino           5    499000.000000    162573.060499        375000.0        595000.0                95.057200                 6.072426                95.00000                97.00000                 42.800000                  4.658326                     40.0                     47.0       537000.000000       179916.647368           395000.0           695000.0  209.400000  117.780728     135.00     255.00         4       1         220000.0            300000.0      120.00         0.800000            80.000000
                                    White      Female     Hispanic or Latino         162    444938.271605    201409.619123        297500.0        565000.0                83.830111                15.556352                79.22525                95.00000                 44.226562                  3.878499                      NaN                      NaN       563456.790123       275353.123901           387500.0           700000.0  166.604938  323.782965      79.25     166.50       143      19         267500.0            312500.0       87.25         0.882716            88.271605
                                    White      Female Not Hispanic or Latino         341    504941.348974    253984.707894        315000.0        655000.0                73.792862                20.625824                66.68400                90.00000                 43.814050                  4.085513                      NaN                      NaN       723797.653959       389491.399279           465000.0           885000.0  169.020528  113.370020      99.00     208.00       311      30         340000.0            420000.0      109.00         0.912023            91.202346
                                    White        Male     Hispanic or Latino         279    463853.046595    195544.186021        345000.0        575000.0                84.578265                28.844606                80.00000                95.00000                 44.149533                  3.972449                      NaN                      NaN       581666.666667       247983.232202           415000.0           710000.0  168.430108  182.956951      94.00     178.00       257      22         230000.0            295000.0       84.00         0.921147            92.114695
                                    White        Male Not Hispanic or Latino         482    552800.829876    264675.963499        355000.0        742500.0                74.368055                19.367952                65.87475                90.00000                 43.720257                  4.024386                      NaN                      NaN       789398.340249       437735.325528           495000.0           985000.0  238.385892  474.367714     115.25     244.75       449      33         387500.0            490000.0      129.50         0.931535            93.153527