                             derived_race derived_sex      derived_ethnicity  total_apps  avg_loan_amount  std_loan_amount  Q1_loan_amount  Q3_loan_amount  avg_loan_to_value_ratio  std_loan_to_value_ratio  Q1_loan_to_value_ratio  Q3_loan_to_value_ratio  avg_debt_to_income_ratio  std_debt_to_income_ratio  Q1_debt_to_income_ratio  Q3_debt_to_income_ratio  avg_property_value  std_property_value  Q1_property_value  Q3_property_value  avg_income  std_income  Q1_income  Q3_income  accepted  denied  iqr_loan_amount  iqr_property_value  iqr_income  acceptance_rate  acceptance_rate_pct
                 2 or more minority races      Female     Hispanic or Latino           1    355000.000000              NaN        355000.0        355000.0                97.000000                      NaN                97.00000                97.00000                 44.000000                       NaN                    44.00                    44.00       365000.000000                 NaN           365000.0           365000.0   97.000000         NaN      97.00      97.00         1       0              0.0                 0.0        0.00         1.000000           100.000000
                 2 or more minority races      Female Not Hispanic or Latino           2    450000.000000     91923.881554        417500.0        482500.0                83.500000                23.334524                75.25000                91.75000                 47.000000                       NaN                      NaN                      NaN       590000.000000       261629.509039           497500.0           682500.0  137.000000   21.213203     129.50     144.50         2       0          65000.0            185000.0       15.00         1.000000           100.000000
                 2 or more minority races        Male Not Hispanic or Latino           5    533000.000000    228626.332692        445000.0        715000.0                87.442200                15.644678                89.13000                96.08100                 43.200000                  4.207137                    41.00                    47.00       639000.000000       295093.205615           475000.0           865000.0  161.800000   75.410212     130.00     195.00         4       1         270000.0            390000.0       65.00         0.800000            80.000000
         American Indian or Alaska Native      Female     Hispanic or Latino           2    325000.000000    169705.627485        265000.0        385000.0                61.969000                39.641820                47.95350                75.98450                 49.000000                       NaN                      NaN                      NaN       550000.000000        91923.881554           517500.0           582500.0  168.500000   88.388348     137.25     199.75         1       1         120000.0             65000.0       62.50         0.500000            50.000000
         American Indian or Alaska Native      Female Not Hispanic or Latino           6    378333.333333    163054.183223        235000.0        485000.0                77.331333                21.382523                61.25000                93.75000                 42.000000                  7.071068                      NaN                      NaN       508333.333333       203240.415928           422500.0           632500.0  145.666667   64.852654      97.50     199.25         6       0         250000.0            210000.0      101.75         1.000000           100.000000
         American Indian or Alaska Native        Male     Hispanic or Latino           9    393888.888889    158069.956384        285000.0        585000.0                79.369000                11.486073                78.68100                80.00000                 47.800000                  1.095445                      NaN                      NaN       491666.666667       179094.946886           385000.0           605000.0   82.777778   20.939065      70.00      92.00         5       4         300000.0            220000.0       22.00         0.555556            55.555556
         American Indian or Alaska Native        Male Not Hispanic or Latino           6    520000.000000     92466.210045        450000.0        592500.0                76.761500                16.325182                72.50000                87.50000                 47.666667                  1.527525                      NaN                      NaN       741666.666667       162931.478440           712500.0           827500.0  203.666667  173.897288     101.25     216.75         6       0         142500.0            115000.0      115.50         1.000000           100.000000
                                    Asian      Female     Hispanic or Latino           7    530714.285714    315428.657695        320000.0        640000.0                68.376000                21.867604                68.69950                80.00000                 46.166667                  4.215052                      NaN                      NaN       817857.142857       412985.644856           550000.0          1030000.0  171.285714  117.995359      78.50     207.00         7       0         320000.0            480000.0      128.50         1.000000           100.000000
                                    Asian      Female Not Hispanic or Latino         227    580638.766520    234978.650686        405000.0        740000.0                71.570335                19.103052                60.00000                84.98450                 44.052941                  4.001866                      NaN                      NaN       855748.898678       345691.385508           605000.0          1050000.0  178.466960   97.674611     116.00     221.00       212      15         335000.0            445000.0      105.00         0.933921            93.392070
                                    Asian        Male     Hispanic or Latino          10    643000.000000    219382.973106        480000.0        735000.0                82.590200                 9.672177                80.00000                89.28025                 44.285714                  3.860669                      NaN                      NaN       800000.000000       330361.754580           567500.0           802500.0  177.400000   73.007153     123.00     195.75         9       1         255000.0            235000.0       72.75         0.900000            90.000000
                                    Asian        Male Not Hispanic or Latino         381    625314.960630    235686.914341        465000.0        765000.0                74.463795                17.137548                68.43000                85.00000                 43.647940                  4.078601                      NaN                      NaN       891692.913386       427919.179134           615000.0          1045000.0  199.165354  127.680508     127.00     234.00       347      34         300000.0            430000.0      107.00         0.910761            91.076115
                Black or African American      Female     Hispanic or Latino           2    630000.000000    176776.695297        567500.0        692500.0                82.500000                17.677670                76.25000                88.75000                 49.000000                       NaN                      NaN                      NaN       755000.000000        56568.542495           735000.0           775000.0  158.500000   74.246212     132.25     184.75         2       0         125000.0             40000.0       52.50         1.000000           100.000000
                Black or African American      Female Not Hispanic or Latino          45    484777.777778    228478.056325        315000.0        635000.0                84.236800                19.089394                79.00000                97.00000                 44.294118                  4.108597                      NaN                      NaN       642333.333333       271170.861937           465000.0           795000.0  234.355556  541.787956      88.00     185.00        38       7         320000.0            330000.0       97.00         0.844444            84.444444
                Black or African American        Male     Hispanic or Latino           3    495000.000000    103923.048454        465000.0        555000.0                83.314333                 5.789957                79.97150                84.98600                 45.000000                       NaN                      NaN                      NaN       601666.666667       161658.075373           555000.0           695000.0  213.666667   35.529331     193.50     227.00         3       0          90000.0            140000.0       33.50         1.000000           100.000000
                Black or African American        Male Not Hispanic or Latino          36    514722.222222    275903.566084        345000.0        602500.0                87.955611                10.198871                80.00000                95.00000                 43.896552                  4.458898                      NaN                      NaN       605277.777778       327993.781397           432500.0           707500.0  153.416667   93.868715      95.00     205.25        30       6         257500.0            275000.0      110.25         0.833333            83.333333
Native Hawaiian or Other Pacific Islander      Female     Hispanic or Latino           1    315000.000000              NaN        315000.0        315000.0                87.000000                      NaN                87.00000                87.00000                 47.000000                       NaN                    47.00                    47.00       365000.000000                 NaN           365000.0           365000.0   75.000000         NaN      75.00      75.00         1       0              0.0                 0.0        0.00         1.000000           100.000000
Native Hawaiian or Other Pacific Islander      Female Not Hispanic or Latino           2    390000.000000     49497.474683        372500.0        407500.0                55.440000                 4.864895                53.72000                57.16000                 45.500000                  4.949747                    43.75                    47.25       700000.000000        35355.339059           687500.0           712500.0  122.500000   23.334524     114.25     130.75         2       0          35000.0             25000.0       16.50         1.000000           100.000000
Native Hawaiian or Other Pacific Islander        Male     Hispanic or Latino           2    305000.000000    197989.898732        235000.0        375000.0                54.953500                35.421100                42.43025                67.47675                 40.500000                  3.535534                    39.25                    41.75       550000.000000        21213.203436           542500.0           557500.0  170.500000  181.726443     106.25     234.75         1       1         140000.0             15000.0      128.50         0.500000            50.000000
Native Hawaiian or Other Pacific Islander        Male Not Hispanic or Latino           4    577500.000000    112952.792499        520000.0        632500.0                97.110500                 3.257838                94.92300                98.18750                       NaN                       NaN                      NaN                      NaN       592500.000000        92511.260576           550000.0           642500.0  116.250000   60.522035      79.25     132.00         1       3         112500.0             92500.0       52.75         0.250000            25.000000
                                    White      Female     Hispanic or Latino         175    432142.857143    187097.789733        305000.0        550000.0                81.696954                16.149903                77.03850                95.00000                 44.595745                  3.931519                      NaN                      NaN       552428.571429       250371.480982           400000.0           695000.0  128.525714   64.892468      80.00     156.00       159      16         245000.0            295000.0       76.00         0.908571            90.857143
                                    White      Female Not Hispanic or Latino         358    480111.731844    237326.056194        305000.0        615000.0                71.477778                20.108193                59.98050                85.00000                 43.956710                  4.192938                      NaN                      NaN       714162.011173       388424.053565           455000.0           875000.0  166.751397  110.412429      96.00     199.00       328      30         310000.0            420000.0      103.00         0.916201            91.620112
                                    White        Male     Hispanic or Latino         274    451642.335766    190612.190426        315000.0        565000.0                81.134427                16.335666                78.14275                95.00000                 44.000000                  3.929377                      NaN                      NaN       575875.912409       243588.779921           405000.0           715000.0  158.448905  172.525263      92.50     172.00       246      28         250000.0            310000.0       79.50         0.897810            89.781022
                                    White        Male Not Hispanic or Latino         442    548733.031674    251721.242439        365000.0        725000.0                74.191070                20.098331                66.75250                90.00000                 43.346405                  4.081659                      NaN                      NaN       806493.212670       517153.412327           505000.0           955000.0  218.932127  296.991506     116.00     239.75       418      24         360000.0            450000.0      123.75         0.945701            94.570136