                             derived_race derived_sex      derived_ethnicity  total_apps  avg_loan_amount  std_loan_amount  Q1_loan_amount  Q3_loan_amount  avg_loan_to_value_ratio  std_loan_to_value_ratio  Q1_loan_to_value_ratio  Q3_loan_to_value_ratio  avg_debt_to_income_ratio  std_debt_to_income_ratio  Q1_debt_to_income_ratio  Q3_debt_to_income_ratio  avg_property_value  std_property_value  Q1_property_value  Q3_property_value  avg_income  std_income  Q1_income  Q3_income  accepted  denied  iqr_loan_amount  iqr_property_value  iqr_income  acceptance_rate  acceptance_rate_pct
                 2 or more minority races      Female Not Hispanic or Latino           3    415000.000000    121243.556530        360000.0        480000.0                90.500000                 0.866025                90.00000                90.75000                 45.666667                  5.773503                    44.00                    49.00        4.616667e+05        1.365040e+05           400000.0           535000.0  122.666667   38.630730     102.50     141.00         3       0         120000.0            135000.0       38.50         1.000000           100.000000
                 2 or more minority races        Male     Hispanic or Latino           2    440000.000000    473761.543395        272500.0        607500.0                71.562500                33.145630                59.84375                83.28125                 39.500000                  2.121320                    38.75                    40.25        8.550000e+05        1.060660e+06           480000.0          1230000.0  113.000000  115.965512      72.00     154.00         2       0         335000.0            750000.0       82.00         1.000000           100.000000
                 2 or more minority races        Male Not Hispanic or Latino           2    410000.000000      7071.067812        407500.0        412500.0                61.955000                49.561114                44.43250                79.47750                       NaN                       NaN                      NaN                      NaN        1.020000e+06        7.141778e+05           767500.0          1272500.0  223.500000   68.589358     199.25     247.75         2       0           5000.0            505000.0       48.50         1.000000           100.000000
         American Indian or Alaska Native      Female     Hispanic or Latino           9    436111.111111    155759.786566        355000.0        515000.0                83.821667                19.524633                80.00000                95.00000                 46.428571                  2.992053                      NaN                      NaN        5.283333e+05        1.656050e+05           405000.0           585000.0  126.111111   51.998665      81.00     160.00         8       1         160000.0            180000.0       79.00         0.888889            88.888889
         American Indian or Alaska Native      Female Not Hispanic or Latino           5    409000.000000    149264.865256        325000.0        505000.0                83.980600                 9.158132                78.00000                90.00000                 45.000000                  4.242641                      NaN                      NaN        4.910000e+05        1.960357e+05           335000.0           625000.0  163.200000  104.557161     112.00     195.00         5       0         180000.0            290000.0       83.00         1.000000           100.000000
         American Indian or Alaska Native        Male     Hispanic or Latino          12    405000.000000     92638.103294        335000.0        457500.0                85.617750                15.363654                80.00000                95.37025                 45.000000                  3.391165                      NaN                      NaN        5.025000e+05        2.037434e+05           355000.0           557500.0  151.416667  109.896198      87.00     156.75        10       2         122500.0            202500.0       69.75         0.833333            83.333333
         American Indian or Alaska Native        Male Not Hispanic or Latino           6    546666.666667    209324.309784        487500.0        690000.0                76.212000                22.523642                69.10700                90.82950                 44.000000                  1.414214                      NaN                      NaN        1.046667e+06        9.829225e+05           670000.0           855000.0  299.666667  215.309699     200.50     386.25         5       1         202500.0            185000.0      185.75         0.833333            83.333333
                                    Asian      Female     Hispanic or Latino           7    425000.000000    152424.844869        365000.0        550000.0                87.538571                 6.688015                81.50000                93.65500                 48.000000                  1.732051                      NaN                      NaN        4.907143e+05        1.610235e+05           425000.0           620000.0  129.285714   56.076478      90.50     166.00         7       0         185000.0            195000.0       75.50         1.000000           100.000000
                                    Asian      Female Not Hispanic or Latino         231    579761.904762    230733.819017        410000.0        730000.0                71.076515                18.401460                61.84000                80.00000                 43.789474                  4.103385                      NaN                      NaN        8.616667e+05        3.690041e+05           605000.0          1050000.0  188.238095  126.884746     114.00     217.50       215      16         320000.0            445000.0      103.50         0.930736            93.073593
                                    Asian        Male     Hispanic or Latino           8    565000.000000    163445.054114        457500.0        665000.0                81.286750                15.881029                78.75000                91.25000                 43.833333                  4.167333                      NaN                      NaN        7.287500e+05        2.463991e+05           622500.0           890000.0  191.500000   91.256311     111.75     257.50         7       1         207500.0            267500.0      145.75         0.875000            87.500000
                                    Asian        Male Not Hispanic or Latino         380    606842.105263    224605.843713        445000.0        755000.0                74.447687                20.343132                66.84775                85.00000                 43.575439                  4.075704                      NaN                      NaN        8.628684e+05        3.892648e+05           622500.0           995000.0  197.257895  141.239749     121.00     232.25       355      25         310000.0            372500.0      111.25         0.934211            93.421053
                Black or African American      Female Not Hispanic or Latino          52    500384.615385    221372.382025        332500.0        665000.0                87.946000                11.582400                80.00000                97.00000                 44.297297                  3.914821                      NaN                      NaN        6.046154e+05        2.389188e+05           465000.0           770000.0  150.557692   97.228740     104.75     183.25        42      10         332500.0            305000.0       78.50         0.807692            80.769231
                Black or African American        Male     Hispanic or Latino           4    580000.000000    325422.801905        375000.0        735000.0                77.980250                21.569915                71.83825                89.92600                 43.000000                  5.196152                      NaN                      NaN        9.125000e+05        8.317602e+05           452500.0          1090000.0  142.750000  109.916256      70.50     184.25         2       2         360000.0            637500.0      113.75         0.500000            50.000000
                Black or African American        Male Not Hispanic or Latino          29    470862.068966    208951.758639        375000.0        595000.0                87.470586                15.623595                85.00000                95.00000                 44.363636                  4.756404                      NaN                      NaN        5.501724e+05        2.225601e+05           435000.0           645000.0  141.931034   69.024805     100.00     194.00        25       4         220000.0            210000.0       94.00         0.862069            86.206897
Native Hawaiian or Other Pacific Islander      Female Not Hispanic or Latino           3    318333.333333    122202.018532        265000.0        385000.0                79.626667                20.562542                69.44000                90.00000                 47.000000                  2.828427                      NaN                      NaN        4.383333e+05        2.554082e+05           295000.0           540000.0  107.666667   31.501323      92.00     123.50         3       0         120000.0            245000.0       31.50         1.000000           100.000000
Native Hawaiian or Other Pacific Islander        Male     Hispanic or Latino           2    370000.000000    148492.424049        317500.0        422500.0                48.197000                12.449322                43.79550                52.59850                 38.000000                       NaN                      NaN                      NaN        7.450000e+05        1.131371e+05           705000.0           785000.0  347.500000  354.260497     222.25     472.75         2       0         105000.0             80000.0      250.50         1.000000           100.000000
Native Hawaiian or Other Pacific Islander        Male Not Hispanic or Latino           4    520000.000000    169410.743461        412500.0        607500.0                75.932000                24.494635                68.64750                91.25000                 46.500000                  2.516611                    46.00                    47.50        7.075000e+05        1.562850e+05           665000.0           792500.0  173.000000   16.753109     158.75     187.25         4       0         195000.0            127500.0       28.50         1.000000           100.000000
                                    White      Female     Hispanic or Latino         169    436065.088757    190510.096658        305000.0        545000.0                82.257361                17.445326                75.00000                95.00000                 44.846154                  3.773555                      NaN                      NaN        5.555917e+05        2.423194e+05           395000.0           645000.0  140.727811  141.155088      82.00     162.00       149      20         240000.0            250000.0       80.00         0.881657            88.165680
                                    White      Female Not Hispanic or Latino         370    479081.081081    247241.351903        295000.0        645000.0                68.427381                22.655300                52.53500                85.00000                 43.942748                  4.106877                      NaN                      NaN        7.371081e+05        3.648653e+05           475000.0           925000.0  165.248649  103.720062      95.25     205.00       347      23         350000.0            450000.0      109.75         0.937838            93.783784
                                    White        Male     Hispanic or Latino         263    455114.068441    197313.024625        305000.0        580000.0                83.986916                14.957085                80.00000                95.00000                 43.893401                  3.921917                      NaN                      NaN        5.603992e+05        2.339042e+05           395000.0           690000.0  154.471483  160.021725      92.50     164.00       231      32         275000.0            295000.0       71.50         0.878327            87.832700
                                    White        Male Not Hispanic or Latino         439    548029.612756    255962.105746        365000.0        705000.0                75.107800                22.311811                67.06800                87.87750                 43.771812                  3.724739                      NaN                      NaN        7.844533e+05        4.552421e+05           495000.0           960000.0  215.539863  294.931805     110.50     245.00       413      26         340000.0            465000.0      134.50         0.940774            94.077449