                             derived_race derived_sex      derived_ethnicity  total_apps  avg_loan_amount  std_loan_amount  Q1_loan_amount  Q3_loan_amount  avg_loan_to_value_ratio  std_loan_to_value_ratio  Q1_loan_to_value_ratio  Q3_loan_to_value_ratio  avg_debt_to_income_ratio  std_debt_to_income_ratio  Q1_debt_to_income_ratio  Q3_debt_to_income_ratio  avg_property_value  std_property_value  Q1_property_value  Q3_property_value  avg_income  std_income  Q1_income  Q3_income  accepted  denied  iqr_loan_amount  iqr_property_value  iqr_income  acceptance_rate  acceptance_rate_pct
                 2 or more minority races      Female Not Hispanic or Latino           4    510000.000000    187349.939952        382500.0        622500.0                75.722500                23.612609                69.10750                90.75150                 44.000000                  5.567764                      NaN                      NaN       687500.000000       172506.038542           667500.0           765000.0  143.500000   78.343262      85.75     183.75         4       0         240000.0             97500.0       98.00         1.000000           100.000000
                 2 or more minority races        Male     Hispanic or Latino           2    570000.000000    148492.424049        517500.0        622500.0                90.000000                 7.071068                87.50000                92.50000                 47.000000                       NaN                      NaN                      NaN       615000.000000        98994.949366           580000.0           650000.0  153.500000   71.417785     128.25     178.75         1       1         105000.0             70000.0       50.50         0.500000            50.000000
                 2 or more minority races        Male Not Hispanic or Latino           1    645000.000000              NaN        645000.0        645000.0                80.000000                      NaN                80.00000                80.00000                 46.000000                       NaN                     46.0                    46.00       805000.000000                 NaN           805000.0           805000.0  266.000000         NaN     266.00     266.00         1       0              0.0                 0.0        0.00         1.000000           100.000000
         American Indian or Alaska Native      Female     Hispanic or Latino           6    308333.333333    145693.742716        192500.0        402500.0                66.408833                27.593722                42.50925                91.25000                 46.666667                  2.516611                      NaN                      NaN       500000.000000       190236.694673           485000.0           610000.0  134.500000   41.524691     108.50     165.00         6       0         210000.0            125000.0       56.50         1.000000           100.000000
         American Indian or Alaska Native      Female Not Hispanic or Latino           6    413333.333333    238949.088022        377500.0        480000.0                75.105000                19.398097                62.97250                90.00000                 47.250000                  1.707825                      NaN                      NaN       690000.000000       415824.482204           505000.0           642500.0  145.333333   79.758803      97.50     168.00         6       0         102500.0            137500.0       70.50         1.000000           100.000000
         American Indian or Alaska Native        Male     Hispanic or Latino          11    406818.181818    204881.340381        295000.0        510000.0                67.397182                26.276768                44.93250                87.50000                 45.333333                  4.226898                      NaN                      NaN       689545.454545       556046.106656           465000.0           715000.0  121.090909   45.063188      82.50     158.50         5       6         215000.0            250000.0       76.00         0.454545            45.454545
         American Indian or Alaska Native        Male Not Hispanic or Latino           5    487000.000000    272341.697138        335000.0        525000.0                90.163200                10.798177                92.78400                95.00000                 47.666667                  2.309401                      NaN                      NaN       529000.000000       277812.886670           345000.0           555000.0  169.400000  103.859521      76.00     226.00         4       1         190000.0            210000.0      150.00         0.800000            80.000000
                                    Asian      Female     Hispanic or Latino           6    566666.666667    244247.142597        392500.0        665000.0                84.189000                 7.652222                80.00000                89.02775                 41.750000                  4.112988                      NaN                      NaN       683333.333333       317138.245355           497500.0           815000.0  191.500000  165.264334      94.25     191.75         6       0         272500.0            317500.0       97.50         1.000000           100.000000
                                    Asian      Female Not Hispanic or Latino         212    557311.320755    211594.795769        405000.0        665000.0                72.500939                17.057851                60.25875                80.00000                 43.461039                  4.172949                      NaN                      NaN       818160.377358       356064.471418           545000.0          1017500.0  171.033019   94.951142     109.75     204.25       198      14         260000.0            472500.0       94.50         0.933962            93.396226
                                    Asian        Male     Hispanic or Latino           4    455000.000000    120277.457018        387500.0        537500.0                71.550750                13.758626                69.04225                80.00000                 44.333333                  3.055050                      NaN                      NaN       675000.000000       281187.956120           490000.0           830000.0  145.250000   83.176018      84.25     188.00         4       0         150000.0            340000.0      103.75         1.000000           100.000000
                                    Asian        Male Not Hispanic or Latino         396    618661.616162    239119.644099        445000.0        765000.0                73.688735                18.336184                65.00000                85.00000                 43.534050                  4.186921                      NaN                      NaN       907954.545455       458250.506866           602500.0          1125000.0  201.674242  156.421202     124.00     235.00       362      34         320000.0            522500.0      111.00         0.914141            91.414141
                Black or African American      Female     Hispanic or Latino           1    555000.000000              NaN        555000.0        555000.0               100.000000                      NaN               100.00000               100.00000                 42.000000                       NaN                     42.0                    42.00       695000.000000                 NaN           695000.0           695000.0  154.000000         NaN     154.00     154.00         1       0              0.0                 0.0        0.00         1.000000           100.000000
                Black or African American      Female Not Hispanic or Latino          49    463979.591837    189024.302868        325000.0        595000.0                87.118429                15.097611                80.00000                95.72000                 44.050000                  4.187588                      NaN                      NaN       597244.897959       210359.467204           445000.0           745000.0  153.163265   85.169279      95.00     180.00        48       1         270000.0            300000.0       85.00         0.979592            97.959184
                Black or African American        Male     Hispanic or Latino           5    543000.000000    272891.919998        355000.0        575000.0                80.974000                21.660872                60.00000                95.00000                 42.500000                  2.121320                      NaN                      NaN       663000.000000       213705.404705           575000.0           655000.0  160.200000   53.658177     119.00     171.00         4       1         220000.0             80000.0       52.00         0.800000            80.000000
                Black or African American        Male Not Hispanic or Latino          43    499651.162791    202664.969102        390000.0        625000.0                81.774605                16.985244                80.00000                95.00000                 44.250000                  4.133199                      NaN                      NaN       649418.604651       227860.675117           540000.0           805000.0  183.046512  133.934411     114.00     210.50        40       3         235000.0            265000.0       96.50         0.930233            93.023256
Native Hawaiian or Other Pacific Islander      Female Not Hispanic or Latino           6    320000.000000    100945.529866        247500.0        392500.0                76.271667                13.518240                71.00000                78.75000                 44.666667                  5.859465                      NaN                      NaN       443333.333333       186592.247070           290000.0           530000.0  129.833333   27.073357     106.25     152.50         6       0         145000.0            240000.0       46.25         1.000000           100.000000
Native Hawaiian or Other Pacific Islander        Male Not Hispanic or Latino           4    570000.000000    170782.512766        430000.0        695000.0                97.259000                 3.091061                96.18750                98.07150                 43.750000                  4.787136                     41.0                    46.75       600000.000000       183757.086031           450000.0           730000.0  159.500000   81.226022      92.00     213.00         3       1         265000.0            280000.0      121.00         0.750000            75.000000
                                    White      Female     Hispanic or Latino         175    416085.714286    188671.911826        290000.0        530000.0                80.811057                17.921278                74.85100                95.00000                 44.201389                  4.135096                      NaN                      NaN       539000.000000       249967.814020           365000.0           660000.0  129.731429   78.204359      80.00     162.00       160      15         240000.0            295000.0       82.00         0.914286            91.428571
                                    White      Female Not Hispanic or Latino         357    471918.767507    236213.164563        305000.0        605000.0                70.974325                21.291501                59.35000                85.00000                 43.794776                  4.010152                      NaN                      NaN       708221.288515       395860.588324           455000.0           875000.0  165.633053  146.691212      96.00     189.00       335      22         300000.0            420000.0       93.00         0.938375            93.837535
                                    White        Male     Hispanic or Latino         257    475661.478599    207797.109850        335000.0        605000.0                83.798665                13.717995                80.00000                95.00000                 44.398907                  3.655404                      NaN                      NaN       592315.175097       270923.244080           415000.0           755000.0  160.665370  134.249960      95.00     176.00       223      34         270000.0            340000.0       81.00         0.867704            86.770428
                                    White        Male Not Hispanic or Latino         450    543066.666667    252457.930518        355000.0        725000.0                73.575397                19.972265                65.12900                88.10125                 42.971930                  4.144305                      NaN                      NaN       813888.888889       550171.960250           495000.0           975000.0  231.424444  505.147119     114.00     230.00       408      42         370000.0            480000.0      116.00         0.906667            90.666667