                             derived_race derived_sex      derived_ethnicity  total_apps  avg_loan_amount  std_loan_amount  Q1_loan_amount  Q3_loan_amount  avg_loan_to_value_ratio  std_loan_to_value_ratio  Q1_loan_to_value_ratio  Q3_loan_to_value_ratio  avg_debt_to_income_ratio  std_debt_to_income_ratio  Q1_debt_to_income_ratio  Q3_debt_to_income_ratio  avg_property_value  std_property_value  Q1_property_value  Q3_property_value  avg_income  std_income  Q1_income  Q3_income  accepted  denied  iqr_loan_amount  iqr_property_value  iqr_income  acceptance_rate  acceptance_rate_pct
                 2 or more minority races      Female     Hispanic or Latino           2    310000.000000    289913.780286        207500.0        412500.0                96.225000                 1.096016                95.83750                96.61250                 48.000000                       NaN                      NaN                      NaN       325000.000000       296984.848098           220000.0           430000.0   96.500000   36.062446      83.75     109.25         1       1         205000.0            210000.0       25.50         0.500000            50.000000
                 2 or more minority races      Female Not Hispanic or Latino           2    685000.000000     70710.678119        660000.0        710000.0                88.934500                12.635291                84.46725                93.40175                 45.000000                       NaN                      NaN                      NaN       950000.000000       219203.102168           872500.0          1027500.0  190.000000   41.012193     175.50     204.50         2       0          50000.0            155000.0       29.00         1.000000           100.000000
                 2 or more minority races        Male     Hispanic or Latino           1    635000.000000              NaN        635000.0        635000.0                64.796000                      NaN                64.79600                64.79600                 43.000000                       NaN                     43.0                    43.00       985000.000000                 NaN           985000.0           985000.0  172.000000         NaN     172.00     172.00         1       0              0.0                 0.0        0.00         1.000000           100.000000
                 2 or more minority races        Male Not Hispanic or Latino           4    617500.000000    202710.795634        520000.0        742500.0                73.803500                23.355878                66.22575                89.96025                 44.333333                  4.041452                      NaN                      NaN       890000.000000       196723.155729           807500.0           992500.0  171.750000   43.084220     144.50     183.75         4       0         222500.0            185000.0       39.25         1.000000           100.000000
         American Indian or Alaska Native      Female     Hispanic or Latino           6    490000.000000    238390.436050        365000.0        580000.0                82.767667                 8.360614                80.00000                87.50000                 45.500000                  5.686241                      NaN                      NaN       603333.333333       314669.138408           395000.0           787500.0  139.166667   48.532120     108.50     179.25         5       1         215000.0            392500.0       70.75         0.833333            83.333333
         American Indian or Alaska Native      Female Not Hispanic or Latino           2     80000.000000     35355.339059         67500.0         92500.0                37.350000                35.567471                24.77500                49.92500                 42.000000                       NaN                      NaN                      NaN       290000.000000       176776.695297           227500.0           352500.0   57.500000   33.234019      45.75      69.25         2       0          25000.0            125000.0       23.50         1.000000           100.000000
         American Indian or Alaska Native        Male     Hispanic or Latino           4    272500.000000    135246.688191        172500.0        335000.0                47.087750                29.888393                28.45675                55.87500                 44.250000                  3.774917                     41.0                    47.25       645000.000000       254558.441227           480000.0           760000.0  113.000000   59.637796      64.25     164.25         4       0         162500.0            280000.0      100.00         1.000000           100.000000
         American Indian or Alaska Native        Male Not Hispanic or Latino           3    335000.000000    219317.121995        210000.0        415000.0                86.010667                13.435786                80.51600                93.50000                 46.000000                  4.242641                      NaN                      NaN       388333.333333       230940.107676           255000.0           455000.0  109.333333   73.364387      67.50     136.00         3       0         205000.0            200000.0       68.50         1.000000           100.000000
                                    Asian      Female     Hispanic or Latino           7    446428.571429    134341.427146        350000.0        540000.0                70.008143                24.085785                49.46650                86.15500                 45.600000                  4.979960                      NaN                      NaN       739285.714286       369091.548845           435000.0           895000.0  132.285714   73.967818      76.50     158.50         7       0         190000.0            460000.0       82.00         1.000000           100.000000
                                    Asian      Female Not Hispanic or Latino         225    565844.444444    220108.937675        405000.0        695000.0                72.412862                18.672029                66.10200                84.62900                 43.993377                  3.894435                      NaN                      NaN       833088.888889       444564.786287           585000.0           935000.0  188.791111  128.710555     124.00     216.00       211      14         290000.0            350000.0       92.00         0.937778            93.777778
                                    Asian        Male     Hispanic or Latino          18    515000.000000    223264.548963        390000.0        587500.0                79.105778                16.590103                80.00000                88.73575                 44.230769                  4.399883                      NaN                      NaN       670555.555556       268047.893487           532500.0           745000.0  293.000000  532.661795     109.50     216.50        17       1         197500.0            212500.0      107.00         0.944444            94.444444
                                    Asian        Male Not Hispanic or Latino         360    629222.222222    225059.461176        465000.0        765000.0                73.572010                17.268220                68.92550                80.00000                 43.751908                  4.107219                      NaN                      NaN       907861.111111       373521.050391           645000.0          1085000.0  194.191667  102.248806     130.00     237.25       333      27         300000.0            440000.0      107.25         0.925000            92.500000
                Black or African American      Female     Hispanic or Latino           3    431666.666667     66583.281185        395000.0        460000.0                89.446667                 5.849661                86.67000                92.50000                 44.333333                  7.234178                     42.0                    48.50       485000.000000       104403.065089           425000.0           520000.0  108.000000   26.210685      93.50     119.00         3       0          65000.0             95000.0       25.50         1.000000           100.000000
                Black or African American      Female Not Hispanic or Latino          48    481041.666667    205827.231655        352500.0        625000.0                85.691292                17.997082                80.00000                97.17300                 45.000000                  3.727183                      NaN                      NaN       611458.333333       225251.533948           492500.0           767500.0  164.770833  103.648186     100.00     197.50        42       6         272500.0            275000.0       97.50         0.875000            87.500000
                Black or African American        Male     Hispanic or Latino           4    727500.000000    136473.440640        687500.0        785000.0                77.500000                14.433757                71.25000                83.75000                 42.500000                  6.363961                      NaN                      NaN       977500.000000       290330.271702           882500.0          1135000.0  289.750000  161.446328     172.00     360.75         4       0          97500.0            252500.0      188.75         1.000000           100.000000
                Black or African American        Male Not Hispanic or Latino          28    482142.857143    149415.085332        400000.0        580000.0                76.932000                22.773622                59.50775                95.00000                 45.363636                  3.552939                      NaN                      NaN       710000.000000       421465.696508           485000.0           707500.0  140.928571   73.075774      91.25     162.50        26       2         180000.0            222500.0       71.25         0.928571            92.857143
Native Hawaiian or Other Pacific Islander      Female     Hispanic or Latino           3    391666.666667     55075.705473        360000.0        410000.0                68.976667                33.810718                55.51500                87.95000                 47.500000                  0.707107                      NaN                      NaN       698333.333333       416333.199893           465000.0           865000.0  185.666667  137.783647     106.50     232.00         1       2          50000.0            400000.0      125.50         0.333333            33.333333
Native Hawaiian or Other Pacific Islander      Female Not Hispanic or Latino           1    495000.000000              NaN        495000.0        495000.0                85.000000                      NaN                85.00000                85.00000                       NaN                       NaN                      NaN                      NaN       575000.000000                 NaN           575000.0           575000.0  283.000000         NaN     283.00     283.00         1       0              0.0                 0.0        0.00         1.000000           100.000000
Native Hawaiian or Other Pacific Islander        Male     Hispanic or Latino           1    415000.000000              NaN        415000.0        415000.0                80.000000                      NaN                80.00000                80.00000                       NaN                       NaN                      NaN                      NaN       515000.000000                 NaN           515000.0           515000.0  139.000000         NaN     139.00     139.00         1       0              0.0                 0.0        0.00         1.000000           100.000000
Native Hawaiian or Other Pacific Islander        Male Not Hispanic or Latino           3    428333.333333     70237.691686        395000.0        465000.0                93.331667                 2.885309                92.49750                94.99750                 47.000000                       NaN                      NaN                      NaN       455000.000000        79372.539332           425000.0           500000.0  192.333333   17.897858     182.50     200.00         3       0          70000.0             75000.0       17.50         1.000000           100.000000
                                    White      Female     Hispanic or Latino         177    418785.310734    204980.096620        275000.0        545000.0                80.872350                19.287376                74.00000                95.00000                 44.895105                  3.958790                      NaN                      NaN       542966.101695       241219.296169           375000.0           675000.0  125.129944   70.102766      73.00     157.00       158      19         270000.0            300000.0       84.00         0.892655            89.265537
                                    White      Female Not Hispanic or Latino         354    483954.802260    236138.153235        315000.0        635000.0                71.855545                21.115121                58.99350                87.98275                 43.517787                  4.154348                      NaN                      NaN       733502.824859       422890.051601           455000.0           905000.0  175.070621  140.077854      97.25     207.00       336      18         320000.0            450000.0      109.75         0.949153            94.915254
                                    White        Male     Hispanic or Latino         257    475817.120623    195701.147367        345000.0        605000.0                84.885685                13.273192                80.00000                95.00000                 44.135000                  3.978179                      NaN                      NaN       575817.120623       233558.815571           405000.0           725000.0  167.027237  152.555072      94.00     183.00       234      23         260000.0            320000.0       89.00         0.910506            91.050584
                                    White        Male Not Hispanic or Latino         487    557197.125257    257440.508434        370000.0        725000.0                73.645996                18.833670                66.00700                85.00000                 43.595541                  4.101599                      NaN                      NaN       818141.683778       479425.009743           515000.0          1025000.0  223.858316  266.957130     118.00     252.50       460      27         355000.0            510000.0      134.50         0.944559            94.455852