                             derived_race derived_sex      derived_ethnicity  total_apps  avg_loan_amount  std_loan_amount  Q1_loan_amount  Q3_loan_amount  avg_loan_to_value_ratio  std_loan_to_value_ratio  Q1_loan_to_value_ratio  Q3_loan_to_value_ratio  avg_debt_to_income_ratio  std_debt_to_income_ratio  Q1_debt_to_income_ratio  Q3_debt_to_income_ratio  avg_property_value  std_property_value  Q1_property_value  Q3_property_value  avg_income  std_income  Q1_income  Q3_income  accepted  denied  iqr_loan_amount  iqr_property_value  iqr_income  acceptance_rate  acceptance_rate_pct
                 2 or more minority races      Female     Hispanic or Latino           1    515000.000000              NaN        515000.0        515000.0                97.000000                      NaN                97.00000                97.00000                 48.000000                       NaN                    48.00                    48.00       535000.000000                 NaN           535000.0           535000.0  122.000000         NaN     122.00     122.00         1       0              0.0                 0.0        0.00         1.000000           100.000000
                 2 or more minority races      Female Not Hispanic or Latino           2    715000.000000    494974.746831        540000.0        890000.0                86.511000                12.005259                82.26650                90.75550                 49.000000                       NaN                      NaN                      NaN       875000.000000       692964.645563           630000.0          1120000.0  180.500000  154.856385     125.75     235.25         1       1         350000.0            490000.0      109.50         0.500000            50.000000
                 2 or more minority races        Male     Hispanic or Latino           5    467000.000000    179220.534538        425000.0        545000.0                75.603200                 8.550751                66.67000                80.00000                 44.000000                  4.242641                      NaN                      NaN       623000.000000       272433.478119           535000.0           685000.0  116.800000   59.436521     103.00     162.00         4       1         120000.0            150000.0       59.00         0.800000            80.000000
                 2 or more minority races        Male Not Hispanic or Latino           2    630000.000000    120208.152802        587500.0        672500.0                78.040500                25.513120                69.02025                87.06075                 42.500000                  6.363961                    40.25                    44.75       825000.000000       113137.084990           785000.0           865000.0  176.000000   26.870058     166.50     185.50         1       1          85000.0             80000.0       19.00         0.500000            50.000000
         American Indian or Alaska Native      Female     Hispanic or Latino           5    285000.000000     57008.771255        265000.0        335000.0                54.613400                10.083339                53.26800                58.00000                 44.333333                  1.527525                      NaN                      NaN       523000.000000        69785.385289           485000.0           515000.0  118.600000   61.382408      68.00     180.00         5       0          70000.0             30000.0      112.00         1.000000           100.000000
         American Indian or Alaska Native      Female Not Hispanic or Latino           7    465000.000000    226495.033058        395000.0        560000.0                81.306429                31.801243                84.99500                93.56000                 44.833333                  2.316607                      NaN                      NaN       562142.857143       182182.535361           445000.0           655000.0  140.571429   58.337687     120.00     177.50         6       1         165000.0            210000.0       57.50         0.857143            85.714286
         American Indian or Alaska Native        Male     Hispanic or Latino           3    328333.333333    352751.092604        125000.0        440000.0                76.200333                25.745380                67.34550                90.96700                 44.000000                       NaN                      NaN                      NaN       418333.333333       373139.830805           210000.0           570000.0   78.333333   69.888006      38.00      99.50         1       2         315000.0            360000.0       61.50         0.333333            33.333333
         American Indian or Alaska Native        Male Not Hispanic or Latino           4    290000.000000    147309.198627        240000.0        345000.0                82.500000                11.902381                75.00000                85.00000                 46.500000                  3.535534                      NaN                      NaN       372500.000000       205324.945716           295000.0           457500.0  171.500000  119.360798      91.50     267.50         4       0         105000.0            162500.0      176.00         1.000000           100.000000
                                    Asian      Female     Hispanic or Latino           4    377500.000000    156923.548265        265000.0        502500.0                61.599000                26.754940                50.33375                72.01025                 42.666667                  5.131601                      NaN                      NaN       662500.000000       272197.844713           482500.0           850000.0  103.000000   24.873011      97.00     117.00         4       0         237500.0            367500.0       20.00         1.000000           100.000000
                                    Asian      Female Not Hispanic or Latino         205    553780.487805    209424.925970        405000.0        685000.0                71.379020                18.922982                63.15700                80.00000                 43.315789                  4.020512                      NaN                      NaN       825390.243902       415719.131124           575000.0           935000.0  164.897561   70.783460     114.00     200.00       188      17         280000.0            360000.0       86.00         0.917073            91.707317
                                    Asian        Male     Hispanic or Latino           9    606111.111111    240958.733212        455000.0        715000.0                80.445333                14.560033                69.99000                95.00000                 43.428571                  4.928054                      NaN                      NaN       778333.333333       329886.344064           535000.0           805000.0  165.444444   80.174982     125.00     160.00         8       1         260000.0            270000.0       35.00         0.888889            88.888889
                                    Asian        Male Not Hispanic or Latino         395    618898.734177    238093.079682        455000.0        765000.0                73.859977                21.945458                65.83850                82.70150                 43.333333                  4.203864                      NaN                      NaN       916012.658228       447179.528038           635000.0          1115000.0  198.493671  107.243529     134.00     243.50       368      27         310000.0            480000.0      109.50         0.931646            93.164557
                Black or African American      Female     Hispanic or Latino           2    600000.000000     77781.745931        572500.0        627500.0                71.994000                32.518427                60.49700                83.49100                 43.000000                       NaN                      NaN                      NaN       905000.000000       296984.848098           800000.0          1010000.0  161.500000   40.305087     147.25     175.75         2       0          55000.0            210000.0       28.50         1.000000           100.000000
                Black or African American      Female Not Hispanic or Latino          47    458191.489362    211794.674800        345000.0        535000.0                81.522191                19.978305                78.21000                95.00000                 45.058824                  3.190337                      NaN                      NaN       590957.446809       257147.052959           460000.0           730000.0  139.170213   85.663477      88.50     165.00        41       6         190000.0            270000.0       76.50         0.872340            87.234043
                Black or African American        Male     Hispanic or Latino           3    458333.333333    151767.365838        390000.0        540000.0                82.090667                21.499411                75.63600                94.50000                 45.500000                  4.949747                      NaN                      NaN       595000.000000       266270.539114           470000.0           735000.0  179.000000   96.969067     133.50     230.00         3       0         150000.0            265000.0       96.50         1.000000           100.000000
                Black or African American        Male Not Hispanic or Latino          41    484268.292683    220027.160186        345000.0        625000.0                82.683512                20.339964                80.00000                95.00000                 43.593750                  4.094523                      NaN                      NaN       614268.292683       254287.143245           435000.0           745000.0  152.780488   79.178442     107.00     195.00        33       8         280000.0            310000.0       88.00         0.804878            80.487805
Native Hawaiian or Other Pacific Islander      Female Not Hispanic or Latino           4    412500.000000    150194.318579        342500.0        425000.0                79.250000                21.654484                73.00000                86.25000                 42.000000                  4.320494                    39.50                    43.50       567500.000000       199895.806192           407500.0           705000.0  117.000000   33.316662     101.50     123.00         3       1          82500.0            297500.0       21.50         0.750000            75.000000
Native Hawaiian or Other Pacific Islander        Male     Hispanic or Latino           1    285000.000000              NaN        285000.0        285000.0                95.000000                      NaN                95.00000                95.00000                 49.000000                       NaN                    49.00                    49.00       315000.000000                 NaN           315000.0           315000.0   77.000000         NaN      77.00      77.00         1       0              0.0                 0.0        0.00         1.000000           100.000000
Native Hawaiian or Other Pacific Islander        Male Not Hispanic or Latino           3    501666.666667    170391.705588        420000.0        590000.0                88.333333                11.547005                85.00000                95.00000                 43.000000                       NaN                      NaN                      NaN       561666.666667       135769.412363           490000.0           625000.0  232.333333   26.025628     219.00     245.00         3       0         170000.0            135000.0       26.00         1.000000           100.000000
                                    White      Female     Hispanic or Latino         162    476358.024691    183781.892649        347500.0        575000.0                82.704648                15.827799                75.00000                95.00000                 44.283465                  4.144029                      NaN                      NaN       593827.160494       222876.134171           455000.0           725000.0  134.104938   63.564669      86.25     167.50       147      15         227500.0            270000.0       81.25         0.907407            90.740741
                                    White      Female Not Hispanic or Latino         353    464433.427762    236546.451122        275000.0        615000.0                70.937017                21.907651                56.00000                88.00000                 43.348178                  4.115239                      NaN                      NaN       707776.203966       425782.299128           455000.0           865000.0  156.702550   99.826608      96.00     188.00       333      20         340000.0            410000.0       92.00         0.943343            94.334278
                                    White        Male     Hispanic or Latino         260    468961.538462    198262.915956        322500.0        585000.0                84.194312                13.903543                80.00000                95.00000                 44.000000                  3.742980                      NaN                      NaN       571307.692308       247005.661578           395000.0           705000.0  158.688462  151.717500      86.00     180.00       246      14         262500.0            310000.0       94.00         0.946154            94.615385
                                    White        Male Not Hispanic or Latino         482    560248.962656    253719.196381        365000.0        735000.0                73.777927                18.861397                66.03750                86.35050                 43.562500                  4.036957                      NaN                      NaN       814232.365145       458292.083767           545000.0           990000.0  218.080913  398.523663     118.00     245.75       454      28         370000.0            445000.0      127.75         0.941909            94.190871