                             derived_race derived_sex      derived_ethnicity  total_apps  avg_loan_amount  std_loan_amount  Q1_loan_amount  Q3_loan_amount  avg_loan_to_value_ratio  std_loan_to_value_ratio  Q1_loan_to_value_ratio  Q3_loan_to_value_ratio  avg_debt_to_income_ratio  std_debt_to_income_ratio  Q1_debt_to_income_ratio  Q3_debt_to_income_ratio  avg_property_value  std_property_value  Q1_property_value  Q3_property_value  avg_income  std_income  Q1_income  Q3_income  accepted  denied  iqr_loan_amount  iqr_property_value  iqr_income  acceptance_rate  acceptance_rate_pct
                 2 or more minority races      Female     Hispanic or Latino           2    495000.000000     84852.813742        465000.0        525000.0                79.677000                21.669994                72.01550                87.33850                 42.000000                       NaN                      NaN                      NaN       625000.000000        56568.542495           605000.0           645000.0  123.500000   27.577164     113.75     133.25         1       1          60000.0             40000.0       19.50         0.500000            50.000000
                 2 or more minority races      Female Not Hispanic or Latino           3    571666.666667    434664.621672        325000.0        735000.0                83.676000                 8.140319                79.01100                86.50300                 46.500000                  3.535534                      NaN                      NaN       701666.666667       578129.166652           370000.0           900000.0  147.333333  124.234992      76.00     189.50         3       0         410000.0            530000.0      113.50         1.000000           100.000000
                 2 or more minority races        Male     Hispanic or Latino           1    355000.000000              NaN        355000.0        355000.0                41.793000                      NaN                41.79300                41.79300                       NaN                       NaN                      NaN                      NaN       855000.000000                 NaN           855000.0           855000.0  187.000000         NaN     187.00     187.00         1       0              0.0                 0.0        0.00         1.000000           100.000000
                 2 or more minority races        Male Not Hispanic or Latino           3    468333.333333    215715.862498        345000.0        545000.0                97.460667                11.909587                91.19100               103.04050                 47.000000                  1.000000                    46.50                     47.5       485000.000000       225388.553392           355000.0           555000.0  128.000000   62.984125      94.50     157.00         1       2         200000.0            200000.0       62.50         0.333333            33.333333
         American Indian or Alaska Native      Female     Hispanic or Latino           4    470000.000000    327159.492195        295000.0        540000.0                69.167500                24.478959                63.19850                82.44500                 45.000000                  4.242641                      NaN                      NaN       692500.000000       411531.691773           442500.0           785000.0  153.000000   75.064417      93.00     210.00         3       1         245000.0            342500.0      117.00         0.750000            75.000000
         American Indian or Alaska Native      Female Not Hispanic or Latino           4    250000.000000    178232.058471        142500.0        357500.0                74.722500                17.006117                72.50000                82.22250                 40.666667                  1.154701                      NaN                      NaN       372500.000000       290330.271702           172500.0           595000.0   91.750000   46.636002      59.50     125.75         3       1         215000.0            422500.0       66.25         0.750000            75.000000
         American Indian or Alaska Native        Male     Hispanic or Latino          12    392500.000000    191602.097161        302500.0        442500.0                79.916583                22.737446                80.00000                93.88550                 45.666667                  3.041381                      NaN                      NaN       495833.333333       189710.704799           370000.0           550000.0  125.083333   52.908941      94.00     142.00        10       2         140000.0            180000.0       48.00         0.833333            83.333333
         American Indian or Alaska Native        Male Not Hispanic or Latino           8    436250.000000    243160.000235        235000.0        597500.0                81.514250                16.005446                74.00800                93.56150                 44.800000                  3.563706                      NaN                      NaN       518750.000000       251278.871831           322500.0           630000.0  116.875000   53.244550      78.75     143.25         8       0         362500.0            307500.0       64.50         1.000000           100.000000
                                    Asian      Female     Hispanic or Latino           4    350000.000000    151547.572289        305000.0        405000.0                66.859000                25.330678                56.77675                79.26725                 45.250000                  2.061553                    43.75                     47.0       535000.000000       191311.264697           437500.0           567500.0   97.750000   18.209430      87.00     104.25         4       0         100000.0            130000.0       17.25         1.000000           100.000000
                                    Asian      Female Not Hispanic or Latino         248    557500.000000    215397.664440        405000.0        675000.0                72.457093                17.844148                62.56050                80.75750                 43.218579                  4.082431                      NaN                      NaN       802943.548387       317230.239953           595000.0           935000.0  167.842742   75.539969     120.00     202.25       235      13         270000.0            340000.0       82.25         0.947581            94.758065
                                    Asian        Male     Hispanic or Latino          10    536000.000000    143329.457312        432500.0        607500.0                80.814900                 8.451409                76.84250                88.47700                 45.000000                  4.503967                      NaN                      NaN       684000.000000       247316.711032           485000.0           845000.0  197.600000   85.898131     124.50     241.50        10       0         175000.0            360000.0      117.00         1.000000           100.000000
                                    Asian        Male Not Hispanic or Latino         361    622313.019391    227832.136237        465000.0        765000.0                72.648011                18.250803                65.00000                80.00000                 43.565217                  3.788126                      NaN                      NaN       921315.789474       445810.747091           625000.0          1095000.0  203.396122  122.133833     132.00     245.00       341      20         300000.0            470000.0      113.00         0.944598            94.459834
                Black or African American      Female     Hispanic or Latino           1    615000.000000              NaN        615000.0        615000.0                95.000000                      NaN                95.00000                95.00000                 47.000000                       NaN                    47.00                     47.0       655000.000000                 NaN           655000.0           655000.0  170.000000         NaN     170.00     170.00         1       0              0.0                 0.0        0.00         1.000000           100.000000
                Black or African American      Female Not Hispanic or Latino          36    548888.888889    248668.198642        370000.0        690000.0                86.611889                15.138139                80.00000                95.00000                 44.290323                  3.993274                      NaN                      NaN       644722.222222       260411.609475           502500.0           777500.0  163.805556   93.590237     103.00     180.25        32       4         320000.0            275000.0       77.25         0.888889            88.888889
                Black or African American        Male     Hispanic or Latino           4    440000.000000    150665.191733        362500.0        512500.0                65.953000                22.885898                49.86700                82.50000                 41.000000                  4.358899                      NaN                      NaN       792500.000000       524237.541578           520000.0           947500.0  189.500000  123.051480     100.00     276.00         4       0         150000.0            427500.0      176.00         1.000000           100.000000
                Black or African American        Male Not Hispanic or Latino          35    523285.714286    209838.673527        355000.0        680000.0                79.016857                18.803744                75.00000                93.78050                 45.538462                  3.557873                      NaN                      NaN       672142.857143       215878.116873           530000.0           815000.0  143.400000   56.806793     103.50     185.50        27       8         325000.0            285000.0       82.00         0.771429            77.142857
Native Hawaiian or Other Pacific Islander      Female Not Hispanic or Latino           2    220000.000000     49497.474683        202500.0        237500.0                70.000000                14.142136                65.00000                75.00000                       NaN                       NaN                      NaN                      NaN       335000.000000       141421.356237           285000.0           385000.0   88.500000   27.577164      78.75      98.25         2       0          35000.0            100000.0       19.50         1.000000           100.000000
Native Hawaiian or Other Pacific Islander        Male Not Hispanic or Latino           1    415000.000000              NaN        415000.0        415000.0                97.000000                      NaN                97.00000                97.00000                 49.000000                       NaN                    49.00                     49.0       435000.000000                 NaN           435000.0           435000.0   92.000000         NaN      92.00      92.00         1       0              0.0                 0.0        0.00         1.000000           100.000000
                                    White      Female     Hispanic or Latino         153    415000.000000    197387.542933        285000.0        485000.0                81.489451                16.674477                75.00000                95.00000                 44.379032                  4.051684                      NaN                      NaN       532058.823529       259376.485038           375000.0           675000.0  127.418301   98.018434      76.00     150.00       136      17         200000.0            300000.0       74.00         0.888889            88.888889
                                    White      Female Not Hispanic or Latino         360    460083.333333    243799.985947        285000.0        587500.0                70.771964                21.926673                59.73700                85.00000                 44.073171                  4.231410                      NaN                      NaN       684111.111111       352816.426087           435000.0           867500.0  161.519444  106.360346      91.00     195.50       330      30         302500.0            432500.0      104.50         0.916667            91.666667
                                    White        Male     Hispanic or Latino         278    459820.143885    201935.946230        325000.0        585000.0                83.489781                15.509296                79.96975                95.00000                 44.265000                  4.135248                      NaN                      NaN       574244.604317       254028.491018           395000.0           722500.0  160.082734  158.890275      89.25     180.00       243      35         260000.0            327500.0       90.75         0.874101            87.410072
                                    White        Male Not Hispanic or Latino         470    546297.872340    256821.261873        355000.0        725000.0                72.290057                23.053195                61.03600                85.00000                 43.725076                  4.099513                      NaN                      NaN       811106.382979       438379.878982           525000.0           972500.0  190.965957  283.513847     115.25     233.75       442      28         370000.0            447500.0      118.50         0.940426            94.042553