                             derived_race derived_sex      derived_ethnicity  total_apps  avg_loan_amount  std_loan_amount  Q1_loan_amount  Q3_loan_amount  avg_loan_to_value_ratio  std_loan_to_value_ratio  Q1_loan_to_value_ratio  Q3_loan_to_value_ratio  avg_debt_to_income_ratio  std_debt_to_income_ratio  Q1_debt_to_income_ratio  Q3_debt_to_income_ratio  avg_property_value  std_property_value  Q1_property_value  Q3_property_value  avg_income  std_income  Q1_income  Q3_income  accepted  denied  iqr_loan_amount  iqr_property_value  iqr_income  acceptance_rate  acceptance_rate_pct
                 2 or more minority races      Female Not Hispanic or Latino           2    630000.000000    190918.830920        562500.0        697500.0                71.500000                19.091883                64.75000                78.25000                       NaN                       NaN                      NaN                      NaN        8.800000e+05        35355.339059           867500.0           892500.0  280.000000  158.391919     224.00     336.00         2       0         135000.0             25000.0      112.00         1.000000           100.000000
                 2 or more minority races        Male Not Hispanic or Latino           4    642500.000000    303795.435559        580000.0        792500.0                64.330000                36.425785                60.33250                82.49750                 44.000000                  6.244998                      NaN                      NaN        1.207500e+06       509599.515960           865000.0          1372500.0  243.250000  130.044544     174.75     266.00         4       0         212500.0            507500.0       91.25         1.000000           100.000000
         American Indian or Alaska Native      Female     Hispanic or Latino           3    521666.666667    251064.400769        415000.0        660000.0                94.000000                 3.605551                92.50000                96.00000                 45.500000                  3.535534                      NaN                      NaN        5.616667e+05       283783.955384           435000.0           715000.0  193.000000   70.703607     154.50     224.00         3       0         245000.0            280000.0       69.50         1.000000           100.000000
         American Indian or Alaska Native      Female Not Hispanic or Latino           5    461000.000000     96591.925128        365000.0        535000.0                87.743600                13.127784                80.00000                89.90000                 45.500000                  0.707107                      NaN                      NaN        5.390000e+05       155338.340406           445000.0           675000.0  228.600000  178.789821     127.00     216.00         4       1         170000.0            230000.0       89.00         0.800000            80.000000
         American Indian or Alaska Native        Male     Hispanic or Latino          14    385714.285714    120029.758215        310000.0        480000.0                86.718714                 8.544210                80.00000                93.34350                 45.666667                  3.339388                      NaN                      NaN        4.535714e+05       154713.489187           377500.0           530000.0  115.428571   45.454482      74.50     139.00        13       1         170000.0            152500.0       64.50         0.928571            92.857143
         American Indian or Alaska Native        Male Not Hispanic or Latino           2    650000.000000     63639.610307        627500.0        672500.0                83.599000                35.443020                71.06800                96.13000                 38.000000                       NaN                      NaN                      NaN        8.300000e+05       275771.644663           732500.0           927500.0  218.500000    3.535534     217.25     219.75         1       1          45000.0            195000.0        2.50         0.500000            50.000000
                                    Asian      Female     Hispanic or Latino           5    591000.000000    275553.987451        555000.0        725000.0                67.533000                21.446414                55.00000                87.46000                 43.500000                  6.403124                      NaN                      NaN        9.170000e+05       473201.859675           635000.0          1385000.0  187.000000  100.910852     111.00     270.00         5       0         170000.0            750000.0      159.00         1.000000           100.000000
                                    Asian      Female Not Hispanic or Latino         249    551184.738956    203854.742541        405000.0        685000.0                72.676224                17.462128                64.15100                80.00000                 44.179775                  3.759919                      NaN                      NaN        7.943173e+05       321913.281850           585000.0           955000.0  175.698795  115.529887     120.00     206.00       231      18         280000.0            370000.0       86.00         0.927711            92.771084
                                    Asian        Male     Hispanic or Latino           5    507000.000000    169469.761315        425000.0        575000.0                78.873000                11.384318                74.98300                85.00000                 45.200000                  3.271085                    44.00                    47.00        6.750000e+05       317962.261912           475000.0           765000.0  127.600000   53.682399      97.00     166.00         5       0         150000.0            290000.0       69.00         1.000000           100.000000
                                    Asian        Male Not Hispanic or Latino         378    641216.931217    236389.117527        465000.0        765000.0                75.545156                16.085317                69.30375                87.23800                 43.681319                  3.999667                      NaN                      NaN        8.976984e+05       408420.804277           605000.0          1105000.0  199.494709  139.646812     132.25     231.00       351      27         300000.0            500000.0       98.75         0.928571            92.857143
                Black or African American      Female     Hispanic or Latino           2    505000.000000     56568.542495        485000.0        525000.0                85.000000                 7.071068                82.50000                87.50000                 48.000000                  1.414214                    47.50                    48.50        5.950000e+05        14142.135624           590000.0           600000.0  133.000000   42.426407     118.00     148.00         2       0          40000.0             10000.0       30.00         1.000000           100.000000
                Black or African American      Female Not Hispanic or Latino          39    495769.230769    201277.297794        380000.0        630000.0                86.307308                13.700113                80.00000                96.00000                 44.076923                  4.426494                      NaN                      NaN        6.498718e+05       311134.357463           465000.0           790000.0  170.666667  108.673420     104.50     223.50        34       5         250000.0            325000.0      119.00         0.871795            87.179487
                Black or African American        Male     Hispanic or Latino           6    673333.333333    161172.785130        592500.0        787500.0                82.978167                14.255101                79.66700                89.99500                 41.250000                  4.425306                      NaN                      NaN        8.466667e+05       329752.432389           635000.0           870000.0  572.833333 1007.445565     128.75     284.50         5       1         195000.0            235000.0      155.75         0.833333            83.333333
                Black or African American        Male Not Hispanic or Latino          32    549062.500000    262431.058535        327500.0        712500.0                83.346031                17.662089                80.00000                95.00000                 44.250000                  4.570701                      NaN                      NaN        6.762500e+05       321014.018385           490000.0           815000.0  178.093750  105.069673     104.25     226.75        24       8         385000.0            325000.0      122.50         0.750000            75.000000
Native Hawaiian or Other Pacific Islander      Female     Hispanic or Latino           1    445000.000000              NaN        445000.0        445000.0               100.000000                      NaN               100.00000               100.00000                 48.000000                       NaN                    48.00                    48.00        4.550000e+05                 NaN           455000.0           455000.0   87.000000         NaN      87.00      87.00         1       0              0.0                 0.0        0.00         1.000000           100.000000
Native Hawaiian or Other Pacific Islander      Female Not Hispanic or Latino           2    400000.000000     63639.610307        377500.0        422500.0                91.044500                19.736057                84.06675                98.02225                 43.500000                  7.778175                    40.75                    46.25        4.950000e+05       113137.084990           455000.0           535000.0  107.000000    2.828427     106.00     108.00         1       1          45000.0             80000.0        2.00         0.500000            50.000000
Native Hawaiian or Other Pacific Islander        Male     Hispanic or Latino           2    740000.000000    289913.780286        637500.0        842500.0                93.636500                 5.142788                91.81825                95.45475                 48.500000                  0.707107                    48.25                    48.75        8.050000e+05       353553.390593           680000.0           930000.0  179.500000   94.045202     146.25     212.75         2       0         205000.0            250000.0       66.50         1.000000           100.000000
Native Hawaiian or Other Pacific Islander        Male Not Hispanic or Latino           4    377500.000000     18929.694486        365000.0        382500.0                65.059250                21.711604                53.41525                68.76250                 42.333333                  2.081666                      NaN                      NaN        6.250000e+05       177576.274692           560000.0           705000.0  143.250000   67.153431     106.00     161.75         4       0          17500.0            145000.0       55.75         1.000000           100.000000
                                    White      Female     Hispanic or Latino         156    437179.487179    207253.296396        285000.0        565000.0                77.829038                20.906500                68.96000                95.00000                 44.677165                  3.696592                      NaN                      NaN        5.878846e+05       250581.284514           422500.0           745000.0  130.641026   74.137009      79.50     161.25       146      10         280000.0            322500.0       81.75         0.935897            93.589744
                                    White      Female Not Hispanic or Latino         344    505261.627907    246055.034574        325000.0        645000.0                73.727730                18.864032                64.00000                89.03250                 44.103306                  3.851183                      NaN                      NaN        7.303198e+05       396874.688588           475000.0           875000.0  180.834302  181.725368      99.00     211.00       320      24         320000.0            400000.0      112.00         0.930233            93.023256
                                    White        Male     Hispanic or Latino         266    452406.015038    203465.357029        315000.0        565000.0                82.242518                17.574321                80.00000                95.00000                 44.387255                  3.919389                      NaN                      NaN        5.725188e+05       267193.396187           397500.0           715000.0  149.428571  145.186453      84.25     170.25       236      30         250000.0            317500.0       86.00         0.887218            88.721805
                                    White        Male Not Hispanic or Latino         479    545542.797495    254237.142916        345000.0        725000.0                74.830618                18.478135                66.63900                89.99000                 43.688474                  3.925417                      NaN                      NaN        7.835386e+05       465806.937029           485000.0           975000.0  216.974948  209.138248     115.50     249.50       446      33         380000.0            490000.0      134.00         0.931106            93.110647