                             derived_race derived_sex      derived_ethnicity  total_apps  avg_loan_amount  std_loan_amount  Q1_loan_amount  Q3_loan_amount  avg_loan_to_value_ratio  std_loan_to_value_ratio  Q1_loan_to_value_ratio  Q3_loan_to_value_ratio  avg_debt_to_income_ratio  std_debt_to_income_ratio  Q1_debt_to_income_ratio  Q3_debt_to_income_ratio  avg_property_value  std_property_value  Q1_property_value  Q3_property_value  avg_income  std_income  Q1_income  Q3_income  accepted  denied  iqr_loan_amount  iqr_property_value  iqr_income  acceptance_rate  acceptance_rate_pct
                 2 or more minority races      Female     Hispanic or Latino           2    335000.000000         0.000000        335000.0        335000.0                96.000000                 1.414214                95.50000                 96.5000                 45.000000                  4.242641                     43.5                     46.5       350000.000000         7071.067812           347500.0           352500.0   78.500000   14.849242      73.25      83.75         2       0              0.0              5000.0       10.50         1.000000           100.000000
                 2 or more minority races      Female Not Hispanic or Latino           3    768333.333333    260256.283946        635000.0        895000.0                77.675333                12.555562                71.51800                 84.0670                 47.500000                  2.121320                      NaN                      NaN       965000.000000       185202.591775           870000.0          1055000.0  246.666667   25.658007     232.50     257.50         3       0         260000.0            185000.0       25.00         1.000000           100.000000
                 2 or more minority races        Male     Hispanic or Latino           1    465000.000000              NaN        465000.0        465000.0                85.000000                      NaN                85.00000                 85.0000                 47.000000                       NaN                     47.0                     47.0       545000.000000                 NaN           545000.0           545000.0  103.000000         NaN     103.00     103.00         1       0              0.0                 0.0        0.00         1.000000           100.000000
                 2 or more minority races        Male Not Hispanic or Latino           2    455000.000000    141421.356237        405000.0        505000.0                67.132000                18.198100                60.69800                 73.5660                 43.000000                  1.414214                     42.5                     43.5       670000.000000        35355.339059           657500.0           682500.0  218.500000  156.270599     163.25     273.75         2       0         100000.0             25000.0      110.50         1.000000           100.000000
         American Indian or Alaska Native      Female     Hispanic or Latino           5    523000.000000    207533.129885        395000.0        735000.0                90.881800                 7.071312                90.00000                 96.9900                 43.333333                  5.507571                      NaN                      NaN       567000.000000       210047.613650           435000.0           775000.0  123.400000   33.997059     109.00     126.00         4       1         340000.0            340000.0       17.00         0.800000            80.000000
         American Indian or Alaska Native      Female Not Hispanic or Latino           6    475000.000000    236981.011898        340000.0        677500.0                87.380000                10.915591                78.74250                 95.0000                 47.250000                  1.707825                      NaN                      NaN       633333.333333       415038.150857           360000.0           937500.0  208.666667  195.394643     122.00     172.25         6       0         337500.0            577500.0       50.25         1.000000           100.000000
         American Indian or Alaska Native        Male     Hispanic or Latino          10    480000.000000    189868.375460        337500.0        600000.0                82.546600                19.342310                80.00000                 95.0000                 42.571429                  4.035556                      NaN                      NaN       586000.000000       180089.483930           452500.0           757500.0  153.200000   67.873739     108.25     170.25         7       3         262500.0            305000.0       62.00         0.700000            70.000000
         American Indian or Alaska Native        Male Not Hispanic or Latino          10    583000.000000    174915.852785        472500.0        720000.0                80.946200                 8.948911                76.24975                 85.7000                 42.625000                  5.449443                      NaN                      NaN       721000.000000       207107.057662           585000.0           882500.0  233.900000  150.240141     140.25     276.25        10       0         247500.0            297500.0      136.00         1.000000           100.000000
                                    Asian      Female     Hispanic or Latino           7    339285.714286    201317.091745        215000.0        435000.0                57.926143                21.255245                51.55100                 74.1905                 45.250000                  4.272002                      NaN                      NaN       567857.142857       173562.120072           440000.0           660000.0  128.428571   42.785734      94.00     163.00         7       0         220000.0            220000.0       69.00         1.000000           100.000000
                                    Asian      Female Not Hispanic or Latino         197    608756.345178    251891.014501        415000.0        765000.0                71.893010                16.957081                63.49000                 80.0000                 43.165563                  4.291745                      NaN                      NaN       903883.248731       437174.102027           625000.0          1055000.0  198.639594  118.510083     126.00     243.00       188       9         350000.0            430000.0      117.00         0.954315            95.431472
                                    Asian        Male     Hispanic or Latino           8    478750.000000    130377.200023        392500.0        542500.0                79.619500                10.090182                72.27525                 82.5000                 43.400000                  3.781534                      NaN                      NaN       617500.000000       204433.013828           435000.0           785000.0  175.500000   89.696313     133.75     177.75         8       0         150000.0            350000.0       44.00         1.000000           100.000000
                                    Asian        Male Not Hispanic or Latino         351    615284.900285    239939.108406        435000.0        760000.0                73.065541                17.377926                62.56650                 84.2235                 43.928571                  4.038024                      NaN                      NaN       910498.575499       485217.735364           610000.0          1060000.0  211.324786  242.668575     130.00     235.00       327      24         325000.0            450000.0      105.00         0.931624            93.162393
                Black or African American      Female     Hispanic or Latino           5    555000.000000    136381.816970        495000.0        545000.0                79.081600                22.200759                66.10200                 98.0000                 46.750000                  1.707825                      NaN                      NaN       965000.000000       231084.400166           855000.0          1115000.0  137.200000   33.722396     118.00     140.00         5       0          50000.0            260000.0       22.00         1.000000           100.000000
                Black or African American      Female Not Hispanic or Latino          47    492659.574468    200913.270992        355000.0        600000.0                86.067468                14.364044                80.00000                 96.4900                 44.218750                  3.118461                      NaN                      NaN       614574.468085       204917.347567           500000.0           690000.0  146.765957   61.346561     112.00     173.50        38       9         245000.0            190000.0       61.50         0.808511            80.851064
                Black or African American        Male     Hispanic or Latino           2    470000.000000     21213.203436        462500.0        477500.0                81.500000                 2.121320                80.75000                 82.2500                 45.000000                       NaN                      NaN                      NaN       580000.000000        35355.339059           567500.0           592500.0  157.500000   48.790368     140.25     174.75         2       0          15000.0             25000.0       34.50         1.000000           100.000000
                Black or African American        Male Not Hispanic or Latino          44    584545.454545    280787.551449        392500.0        717500.0                83.134564                19.406985                78.50000                 95.0000                 44.000000                  3.501152                      NaN                      NaN       775454.545455       616150.670736           535000.0           802500.0  188.431818  103.762788     111.50     231.25        40       4         325000.0            267500.0      119.75         0.909091            90.909091
Native Hawaiian or Other Pacific Islander      Female     Hispanic or Latino           1    515000.000000              NaN        515000.0        515000.0                90.430000                      NaN                90.43000                 90.4300                 46.000000                       NaN                     46.0                     46.0       585000.000000                 NaN           585000.0           585000.0  129.000000         NaN     129.00     129.00         1       0              0.0                 0.0        0.00         1.000000           100.000000
Native Hawaiian or Other Pacific Islander      Female Not Hispanic or Latino           3    338333.333333     66583.281185        310000.0        375000.0                68.285667                15.388919                62.42850                 77.0000                 46.000000                  4.242641                      NaN                      NaN       501666.666667        49328.828623           485000.0           530000.0  121.000000   41.243181     103.00     143.50         3       0          65000.0             45000.0       40.50         1.000000           100.000000
Native Hawaiian or Other Pacific Islander        Male Not Hispanic or Latino           1    345000.000000              NaN        345000.0        345000.0                40.797000                      NaN                40.79700                 40.7970                 49.000000                       NaN                     49.0                     49.0       845000.000000                 NaN           845000.0           845000.0  158.000000         NaN     158.00     158.00         1       0              0.0                 0.0        0.00         1.000000           100.000000
                                    White      Female     Hispanic or Latino         179    432877.094972    202115.125944        295000.0        560000.0                82.596162                16.868094                75.84550                 95.0000                 44.366197                  3.798990                      NaN                      NaN       533268.156425       231879.995219           375000.0           660000.0  135.368715   85.094385      81.00     158.00       160      19         265000.0            285000.0       77.00         0.893855            89.385475
                                    White      Female Not Hispanic or Latino         378    490105.820106    251869.644231        307500.0        625000.0                71.860926                20.334526                61.01225                 85.0000                 43.770073                  3.968980                      NaN                      NaN       730238.095238       416210.097207           467500.0           885000.0  164.978836  111.388105      95.25     198.25       349      29         317500.0            417500.0      103.00         0.923280            92.328042
                                    White        Male     Hispanic or Latino         262    482251.908397    214893.909262        317500.0        632500.0                82.677382                15.687088                80.00000                 95.0000                 44.226131                  3.921467                      NaN                      NaN       606145.038168       304759.540213           405000.0           755000.0  189.122137  420.664099      89.50     187.00       239      23         315000.0            350000.0       97.50         0.912214            91.221374
                                    White        Male Not Hispanic or Latino         476    536155.462185    248050.353529        345000.0        725000.0                74.153931                18.316424                65.65825                 89.0385                 43.731392                  4.106815                      NaN                      NaN       766407.563025       414412.347237           495000.0           955000.0  224.476891  372.496688     113.00     232.25       454      22         380000.0            460000.0      119.25         0.953782            95.378151