                             derived_race derived_sex      derived_ethnicity  total_apps  avg_loan_amount  std_loan_amount  Q1_loan_amount  Q3_loan_amount  avg_loan_to_value_ratio  std_loan_to_value_ratio  Q1_loan_to_value_ratio  Q3_loan_to_value_ratio  avg_debt_to_income_ratio  std_debt_to_income_ratio  Q1_debt_to_income_ratio  Q3_debt_to_income_ratio  avg_property_value  std_property_value  Q1_property_value  Q3_property_value  avg_income  std_income  Q1_income  Q3_income  accepted  denied  iqr_loan_amount  iqr_property_value  iqr_income  acceptance_rate  acceptance_rate_pct
                 2 or more minority races      Female     Hispanic or Latino           1    335000.000000              NaN        335000.0        335000.0                97.000000                      NaN                97.00000                97.00000                 42.000000                       NaN                    42.00                     42.0        3.450000e+05                 NaN           345000.0           345000.0   89.000000         NaN      89.00      89.00         1       0              0.0                 0.0        0.00         1.000000           100.000000
                 2 or more minority races      Female Not Hispanic or Latino           6    598333.333333    329828.238128        385000.0        792500.0                88.315000                12.860146                89.00000                95.00000                 47.500000                  2.509980                    46.75                     49.0        6.716667e+05       340861.653265           460000.0           902500.0  156.500000   94.981577      81.75     239.00         3       3         407500.0            442500.0      157.25         0.500000            50.000000
                 2 or more minority races        Male     Hispanic or Latino           1    435000.000000              NaN        435000.0        435000.0                87.001000                      NaN                87.00100                87.00100                 44.000000                       NaN                    44.00                     44.0        4.950000e+05                 NaN           495000.0           495000.0  259.000000         NaN     259.00     259.00         1       0              0.0                 0.0        0.00         1.000000           100.000000
                 2 or more minority races        Male Not Hispanic or Latino           5    703000.000000    254204.641972        585000.0        705000.0                86.400000                 7.231874                80.00000                90.00000                 41.500000                  4.795832                      NaN                      NaN        8.490000e+05       328146.308832           645000.0           875000.0  226.200000   73.104035     180.00     272.00         5       0         120000.0            230000.0       92.00         1.000000           100.000000
         American Indian or Alaska Native      Female     Hispanic or Latino           9    562777.777778    279050.971051        365000.0        725000.0                83.747778                13.856034                79.00000                90.00000                 45.625000                  3.997767                      NaN                      NaN        6.850000e+05       318904.374382           405000.0           925000.0  151.444444   83.378821      84.00     185.00         8       1         360000.0            520000.0      101.00         0.888889            88.888889
         American Indian or Alaska Native      Female Not Hispanic or Latino           3    625000.000000    131148.770486        555000.0        685000.0                56.960000                27.169188                45.44000                71.94000                 38.000000                       NaN                      NaN                      NaN        1.288333e+06       579511.288357           980000.0          1555000.0  255.000000  271.247120     112.50     382.50         2       1         130000.0            575000.0      270.00         0.666667            66.666667
         American Indian or Alaska Native        Male     Hispanic or Latino           7    292142.857143    149745.816382        165000.0        420000.0                71.370571                26.724935                48.65850                95.00000                 42.000000                  7.071068                      NaN                      NaN        4.664286e+05       290369.223084           310000.0           510000.0  146.428571   75.050776      81.00     215.50         5       2         255000.0            200000.0      134.50         0.714286            71.428571
         American Indian or Alaska Native        Male Not Hispanic or Latino           4    585000.000000    336848.135911        415000.0        765000.0                84.284500                10.883328                77.75800                92.07950                 47.000000                       NaN                      NaN                      NaN        6.900000e+05       407308.237088           457500.0           877500.0  199.500000  156.679078      95.75     269.75         4       0         350000.0            420000.0      174.00         1.000000           100.000000
                                    Asian      Female     Hispanic or Latino          12    615833.333333    160649.722481        522500.0        692500.0                85.215833                11.223580                78.75000                95.00000                 44.125000                  3.181981                      NaN                      NaN        7.408333e+05       235891.282098           560000.0           882500.0  186.500000   69.437349     143.75     202.00        12       0         170000.0            322500.0       58.25         1.000000           100.000000
                                    Asian      Female Not Hispanic or Latino         220    571318.181818    229732.003159        405000.0        715000.0                71.139089                18.173505                60.00000                80.00000                 43.884615                  4.402289                      NaN                      NaN        8.471818e+05       380456.063306           572500.0          1007500.0  213.513636  587.607171     123.00     208.50       207      13         310000.0            435000.0       85.50         0.940909            94.090909
                                    Asian        Male     Hispanic or Latino           9    598333.333333    221076.909694        405000.0        725000.0                82.361111                12.190616                80.00000                95.00000                 43.125000                  4.421942                      NaN                      NaN        7.372222e+05       276123.965719           475000.0           905000.0  187.111111   54.448242     151.00     242.00         9       0         320000.0            430000.0       91.00         1.000000           100.000000
                                    Asian        Male Not Hispanic or Latino         375    638600.000000    235720.762927        465000.0        765000.0                73.554663                21.262738                65.00000                80.00000                 43.232283                  4.105956                      NaN                      NaN        9.245200e+05       420686.711331           650000.0          1110000.0  205.450667  151.290057     136.00     240.00       343      32         300000.0            460000.0      104.00         0.914667            91.466667
                Black or African American      Female     Hispanic or Latino           4    707500.000000    386210.219095        567500.0        810000.0                86.250000                11.086779                78.75000                92.50000                 43.666667                  4.041452                      NaN                      NaN        8.550000e+05       417292.862787           710000.0          1010000.0  390.250000  431.326926     167.50     451.75         4       0         242500.0            300000.0      284.25         1.000000           100.000000
                Black or African American      Female Not Hispanic or Latino          50    485000.000000    217452.786337        310000.0        640000.0                80.315700                17.500213                71.83500                91.08975                 44.131579                  3.946747                      NaN                      NaN        6.440000e+05       294225.028417           437500.0           812500.0  150.220000   75.713825      95.75     189.75        45       5         330000.0            375000.0       94.00         0.900000            90.000000
                Black or African American        Male     Hispanic or Latino           1    415000.000000              NaN        415000.0        415000.0                80.000000                      NaN                80.00000                80.00000                       NaN                       NaN                      NaN                      NaN        5.150000e+05                 NaN           515000.0           515000.0   51.000000         NaN      51.00      51.00         0       1              0.0                 0.0        0.00         0.000000             0.000000
                Black or African American        Male Not Hispanic or Latino          29    563965.517241    232045.944151        385000.0        665000.0                85.215103                13.540525                75.00000                95.00000                 42.150000                  4.295346                      NaN                      NaN        6.646552e+05       270548.157301           515000.0           775000.0  179.379310   94.780353     118.00     211.00        23       6         280000.0            260000.0       93.00         0.793103            79.310345
Native Hawaiian or Other Pacific Islander      Female     Hispanic or Latino           1    445000.000000              NaN        445000.0        445000.0                80.000000                      NaN                80.00000                80.00000                 40.000000                       NaN                    40.00                     40.0        5.550000e+05                 NaN           555000.0           555000.0   98.000000         NaN      98.00      98.00         1       0              0.0                 0.0        0.00         1.000000           100.000000
Native Hawaiian or Other Pacific Islander      Female Not Hispanic or Latino           6    595000.000000    290929.544735        425000.0        642500.0                75.956667                14.625011                65.66500                87.50000                 46.000000                  5.612486                      NaN                      NaN        8.133333e+05       461450.611297           592500.0           725000.0  121.833333   66.592542     107.50     152.00         5       1         217500.0            132500.0       44.50         0.833333            83.333333
Native Hawaiian or Other Pacific Islander        Male     Hispanic or Latino           1    525000.000000              NaN        525000.0        525000.0                94.960000                      NaN                94.96000                94.96000                 49.000000                       NaN                    49.00                     49.0        5.550000e+05                 NaN           555000.0           555000.0  114.000000         NaN     114.00     114.00         1       0              0.0                 0.0        0.00         1.000000           100.000000
Native Hawaiian or Other Pacific Islander        Male Not Hispanic or Latino           2    350000.000000    219203.102168        272500.0        427500.0                53.609500                32.970268                41.95275                65.26625                 49.000000                       NaN                      NaN                      NaN        6.500000e+05         7071.067812           647500.0           652500.0  105.000000   72.124892      79.50     130.50         1       1         155000.0              5000.0       51.00         0.500000            50.000000
                                    White      Female     Hispanic or Latino         169    432218.934911    189645.548129        305000.0        565000.0                80.822343                18.332638                78.04600                95.00000                 44.447761                  3.869229                      NaN                      NaN        5.678994e+05       241952.367532           425000.0           705000.0  134.047337  102.221329      82.00     163.00       155      14         260000.0            280000.0       81.00         0.917160            91.715976
                                    White      Female Not Hispanic or Latino         359    490041.782730    240414.994869        310000.0        625000.0                71.514184                20.874176                60.00000                89.43850                 44.291498                  3.944231                      NaN                      NaN        7.336908e+05       411253.312223           460000.0           885000.0  167.222841  115.562097     101.50     200.00       331      28         315000.0            425000.0       98.50         0.922006            92.200557
                                    White        Male     Hispanic or Latino         255    465470.588235    214385.622180        315000.0        605000.0                81.715948                16.630624                79.79500                95.00000                 44.446328                  4.096659                      NaN                      NaN        6.105294e+05       329711.777792           395000.0           750000.0  182.756863  261.003522      95.00     185.00       235      20         290000.0            355000.0       90.00         0.921569            92.156863
                                    White        Male Not Hispanic or Latino         471    539819.532909    249036.268658        355000.0        720000.0                75.485380                18.381201                70.00000                90.00000                 43.863636                  4.063131                      NaN                      NaN        7.647877e+05       400904.240619           475000.0           945000.0  215.966030  234.316777     113.00     237.50       434      37         365000.0            470000.0      124.50         0.921444            92.144374