                             derived_race derived_sex      derived_ethnicity  total_apps  avg_loan_amount  std_loan_amount  Q1_loan_amount  Q3_loan_amount  avg_loan_to_value_ratio  std_loan_to_value_ratio  Q1_loan_to_value_ratio  Q3_loan_to_value_ratio  avg_debt_to_income_ratio  std_debt_to_income_ratio  Q1_debt_to_income_ratio  Q3_debt_to_income_ratio  avg_property_value  std_property_value  Q1_property_value  Q3_property_value  avg_income  std_income  Q1_income  Q3_income  accepted  denied  iqr_loan_amount  iqr_property_value  iqr_income  acceptance_rate  acceptance_rate_pct
                 2 or more minority races      Female     Hispanic or Latino           2    655000.000000     42426.406871        640000.0        670000.0                79.747000                 0.357796                79.62050                79.87350                 44.500000                  6.363961                    42.25                    46.75       825000.000000        42426.406871           810000.0           840000.0  201.000000   62.225397     179.00     223.00         2       0          30000.0             30000.0       44.00         1.000000           100.000000
                 2 or more minority races      Female Not Hispanic or Latino           5    351000.000000    106677.082825        265000.0        405000.0                83.140000                 3.687547                80.00000                83.70000                 43.500000                  4.123106                      NaN                      NaN       437000.000000       119874.934828           355000.0           505000.0   89.600000   25.500980      71.00      98.00         5       0         140000.0            150000.0       27.00         1.000000           100.000000
                 2 or more minority races        Male     Hispanic or Latino           1    205000.000000              NaN        205000.0        205000.0                66.670000                      NaN                66.67000                66.67000                       NaN                       NaN                      NaN                      NaN       305000.000000                 NaN           305000.0           305000.0   23.000000         NaN      23.00      23.00         0       1              0.0                 0.0        0.00         0.000000             0.000000
                 2 or more minority races        Male Not Hispanic or Latino           3    428333.333333    257746.645630        290000.0        545000.0                84.712333                10.737283                78.56850                88.50000                 44.666667                  6.658328                    42.50                    48.50       528333.333333       335608.899366           355000.0           690000.0  116.333333   81.463693      69.50     143.50         3       0         255000.0            335000.0       74.00         1.000000           100.000000
         American Indian or Alaska Native      Female     Hispanic or Latino           4    502500.000000    233862.495212        332500.0        600000.0                95.272500                 8.766434                92.02250               100.75000                 44.000000                  4.582576                      NaN                      NaN       560000.000000       240346.971411           387500.0           692500.0  139.750000   63.955062      98.50     168.75         4       0         267500.0            305000.0       70.25         1.000000           100.000000
         American Indian or Alaska Native      Female Not Hispanic or Latino           4    395000.000000    272885.812505        227500.0        477500.0                74.426250                13.674859                66.67625                82.50000                 45.333333                  3.055050                      NaN                      NaN       522500.000000       295451.631687           320000.0           702500.0  126.500000   72.099468      86.50     169.00         4       0         250000.0            382500.0       82.50         1.000000           100.000000
         American Indian or Alaska Native        Male     Hispanic or Latino          14    524285.714286    193210.299364        367500.0        662500.0                81.552714                19.291058                79.99250                94.48325                 44.000000                  3.116775                      NaN                      NaN       637142.857143       192200.959392           492500.0           802500.0  168.214286   88.985028     108.00     188.25        12       2         295000.0            310000.0       80.25         0.857143            85.714286
         American Indian or Alaska Native        Male Not Hispanic or Latino           2    325000.000000    325269.119346        210000.0        440000.0                72.500000                31.819805                61.25000                83.75000                       NaN                       NaN                      NaN                      NaN       385000.000000       282842.712475           285000.0           485000.0  137.000000   74.953319     110.50     163.50         2       0         230000.0            200000.0       53.00         1.000000           100.000000
                                    Asian      Female     Hispanic or Latino           3    355000.000000    183303.027798        275000.0        455000.0                61.686000                30.863479                45.02900                75.49600                 42.333333                  4.509250                    40.00                    44.50       568333.333333       133166.562370           495000.0           625000.0  118.666667   43.981057      94.50     137.50         3       0         180000.0            130000.0       43.00         1.000000           100.000000
                                    Asian      Female Not Hispanic or Latino         213    559131.455399    232666.701439        405000.0        705000.0                71.905869                18.165058                62.96300                80.00000                 43.524691                  4.121148                      NaN                      NaN       807676.056338       339201.160942           575000.0           955000.0  174.751174  100.415406     118.00     205.00       198      15         300000.0            380000.0       87.00         0.929577            92.957746
                                    Asian        Male     Hispanic or Latino           8    486250.000000    223634.746853        282500.0        600000.0                85.393875                11.122040                79.75750                92.75000                 42.571429                  3.823486                      NaN                      NaN       577500.000000       275512.509439           347500.0           730000.0  145.875000   72.524749     105.75     166.50         8       0         317500.0            382500.0       60.75         1.000000           100.000000
                                    Asian        Male Not Hispanic or Latino         403    629913.151365    236616.237149        455000.0        775000.0                74.594523                20.621714                68.01500                84.02600                 43.631944                  3.992583                      NaN                      NaN       896042.183623       380729.733613           615000.0          1105000.0  195.602978   95.881281     128.50     236.00       364      39         320000.0            490000.0      107.50         0.903226            90.322581
                Black or African American      Female     Hispanic or Latino           3    261666.666667    156311.654503        190000.0        345000.0                71.580000                30.763114                59.87000                89.00000                 42.000000                       NaN                      NaN                      NaN       358333.333333       128582.010147           285000.0           405000.0   62.000000   31.432467      51.00      80.00         3       0         155000.0            120000.0       29.00         1.000000           100.000000
                Black or African American      Female Not Hispanic or Latino          48    530208.333333    165477.897005        432500.0        612500.0                84.852729                14.286047                80.00000                95.00000                 44.804878                  3.655267                      NaN                      NaN       648125.000000       185508.573524           525000.0           747500.0  153.958333   83.732339      95.50     174.25        44       4         180000.0            222500.0       78.75         0.916667            91.666667
                Black or African American        Male     Hispanic or Latino           3    691666.666667    270061.721340        555000.0        825000.0                91.666667                 5.773503                90.00000                95.00000                 45.000000                  2.828427                      NaN                      NaN       771666.666667       277548.794509           645000.0           920000.0  153.666667   26.312228     139.50     165.50         2       1         270000.0            275000.0       26.00         0.666667            66.666667
                Black or African American        Male Not Hispanic or Latino          35    573285.714286    239220.372365        385000.0        715000.0                83.862743                15.659164                77.50000                95.00000                 45.066667                  3.341828                      NaN                      NaN       766714.285714       681155.962595           435000.0           785000.0  178.742857  116.594406     100.00     194.50        30       5         330000.0            350000.0       94.50         0.857143            85.714286
Native Hawaiian or Other Pacific Islander      Female     Hispanic or Latino           2    400000.000000     49497.474683        382500.0        417500.0                55.515000                34.627019                43.27250                67.75750                 46.000000                  1.414214                    45.50                    46.50       855000.000000       438406.204336           700000.0          1010000.0  222.000000  172.534055     161.00     283.00         1       1          35000.0            310000.0      122.00         0.500000            50.000000
Native Hawaiian or Other Pacific Islander      Female Not Hispanic or Latino           4    552500.000000    175000.000000        430000.0        647500.0                83.778000                 9.055004                76.56675                90.75575                 44.500000                  4.203173                    41.50                    47.50       650000.000000       152861.593171           560000.0           700000.0  142.000000   38.270964     113.25     166.75         4       0         217500.0            140000.0       53.50         1.000000           100.000000
Native Hawaiian or Other Pacific Islander        Male Not Hispanic or Latino           3    681666.666667    153079.500043        635000.0        770000.0                73.974333                 2.602110                72.50000                74.96150                 45.000000                       NaN                      NaN                      NaN       931666.666667       239652.526240           860000.0          1070000.0  211.333333   48.294237     194.50     239.00         1       2         135000.0            210000.0       44.50         0.333333            33.333333
                                    White      Female     Hispanic or Latino         155    409193.548387    192029.052752        285000.0        510000.0                79.568310                20.375375                72.54600                95.00000                 44.512605                  3.883615                      NaN                      NaN       541903.225806       269652.416342           370000.0           665000.0  128.754839   85.848730      77.50     149.00       137      18         225000.0            295000.0       71.50         0.883871            88.387097
                                    White      Female Not Hispanic or Latino         364    474752.747253    234263.853428        295000.0        625000.0                71.416901                20.632771                59.47750                89.96675                 43.991736                  4.066860                      NaN                      NaN       701291.208791       351841.644867           455000.0           877500.0  160.195055   94.261508      94.75     200.25       339      25         330000.0            422500.0      105.50         0.931319            93.131868
                                    White        Male     Hispanic or Latino         262    488702.290076    219278.761847        345000.0        612500.0                83.468389                15.059021                80.00000                95.00000                 44.310000                  3.962627                      NaN                      NaN       611870.229008       292701.995536           425000.0           772500.0  157.515267  129.646136      95.00     174.00       242      20         267500.0            347500.0       79.00         0.923664            92.366412
                                    White        Male Not Hispanic or Latino         459    544847.494553    252086.876464        345000.0        735000.0                73.674402                18.649452                64.58500                85.14700                 43.778912                  3.936626                      NaN                      NaN       781753.812636       400956.997065           495000.0           995000.0  212.766885  203.797153     114.00     249.00       433      26         390000.0            500000.0      135.00         0.943355            94.335512