                             derived_race derived_sex      derived_ethnicity  total_apps  avg_loan_amount  std_loan_amount  Q1_loan_amount  Q3_loan_amount  avg_loan_to_value_ratio  std_loan_to_value_ratio  Q1_loan_to_value_ratio  Q3_loan_to_value_ratio  avg_debt_to_income_ratio  std_debt_to_income_ratio  Q1_debt_to_income_ratio  Q3_debt_to_income_ratio  avg_property_value  std_property_value  Q1_property_value  Q3_property_value  avg_income  std_income  Q1_income  Q3_income  accepted  denied  iqr_loan_amount  iqr_property_value  iqr_income  acceptance_rate  acceptance_rate_pct
                 2 or more minority races      Female     Hispanic or Latino           4    417500.000000    230560.910246        257500.0        565000.0                92.442500                 8.492610                 91.2500                 96.5075                 42.500000                  1.914854                    41.50                    44.00        5.825000e+05       209344.214155           502500.0           645000.0  143.000000   80.775409      87.25     187.25         4       0         307500.0            142500.0      100.00         1.000000           100.000000
                 2 or more minority races      Female Not Hispanic or Latino           2    850000.000000    346482.322781        727500.0        972500.0                56.740000                20.873792                 49.3600                 64.1200                 46.500000                  2.121320                    45.75                    47.25        1.475000e+06        70710.678119          1450000.0          1500000.0  217.000000   43.840620     201.50     232.50         2       0         245000.0             50000.0       31.00         1.000000           100.000000
                 2 or more minority races        Male     Hispanic or Latino           2    540000.000000    134350.288425        492500.0        587500.0                89.981000                 0.026870                 89.9715                 89.9905                 41.000000                       NaN                      NaN                      NaN        6.050000e+05       155563.491861           550000.0           660000.0  153.000000    5.656854     151.00     155.00         2       0          95000.0            110000.0        4.00         1.000000           100.000000
                 2 or more minority races        Male Not Hispanic or Latino           3    505000.000000     95393.920142        475000.0        560000.0                80.000000                 0.000000                 80.0000                 80.0000                 45.500000                  4.949747                      NaN                      NaN        6.316667e+05       118462.370959           595000.0           700000.0  251.333333  147.703532     205.00     336.50         3       0          85000.0            105000.0      131.50         1.000000           100.000000
         American Indian or Alaska Native      Female     Hispanic or Latino           4    380000.000000    131782.649338        365000.0        445000.0                83.106000                30.979110                 76.7605                101.2500                 47.000000                  2.449490                    45.50                    49.00        4.950000e+05        55976.185412           467500.0           507500.0   99.000000   23.818760      85.75     113.75         4       0          80000.0             40000.0       28.00         1.000000           100.000000
         American Indian or Alaska Native        Male     Hispanic or Latino          15    418333.333333    201447.145378        285000.0        505000.0                78.999000                16.936595                 73.0435                 93.4375                 42.857143                  5.336309                      NaN                      NaN        5.510000e+05       286176.768549           325000.0           745000.0  165.200000  114.918107     108.00     186.50        12       3         220000.0            420000.0       78.50         0.800000            80.000000
                                    Asian      Female     Hispanic or Latino           5    517000.000000    211352.785645        385000.0        495000.0                74.595600                24.319671                 69.0000                 92.1950                 44.000000                  5.291503                      NaN                      NaN        7.770000e+05       409230.986119           555000.0           965000.0  168.000000   91.046691      92.00     177.00         5       0         110000.0            410000.0       85.00         1.000000           100.000000
                                    Asian      Female Not Hispanic or Latino         220    556772.727273    206552.575332        415000.0        685000.0                73.879809                18.089912                 66.6645                 85.0000                 44.271084                  4.048794                      NaN                      NaN        7.990909e+05       319119.208641           582500.0           957500.0  176.540909  125.781768     120.00     202.00       204      16         270000.0            375000.0       82.00         0.927273            92.727273
                                    Asian        Male     Hispanic or Latino           8    572500.000000    135198.267106        502500.0        647500.0                86.061500                 7.569958                 80.0000                 90.7500                 42.833333                  4.622409                      NaN                      NaN        6.687500e+05       174760.039564           572500.0           720000.0  170.125000   32.135594     162.00     187.00         8       0         145000.0            147500.0       25.00         1.000000           100.000000
                                    Asian        Male Not Hispanic or Latino         378    625476.190476    242433.038067        455000.0        765000.0                72.737619                18.317623                 66.6670                 85.0000                 43.767273                  3.964765                      NaN                      NaN        9.156349e+05       416783.972372           645000.0          1125000.0  208.378307  132.782754     127.00     252.50       359      19         310000.0            480000.0      125.50         0.949735            94.973545
                Black or African American      Female     Hispanic or Latino           1    165000.000000              NaN        165000.0        165000.0                32.157000                      NaN                 32.1570                 32.1570                 49.000000                       NaN                    49.00                    49.00        5.150000e+05                 NaN           515000.0           515000.0   64.000000         NaN      64.00      64.00         1       0              0.0                 0.0        0.00         1.000000           100.000000
                Black or African American      Female Not Hispanic or Latino          39    508333.333333    232303.491753        345000.0        640000.0                86.640385                14.034940                 80.0000                 96.0000                 43.740741                  3.654214                      NaN                      NaN        6.273077e+05       234290.210709           475000.0           750000.0  272.564103  582.331737      99.00     212.50        34       5         295000.0            275000.0      113.50         0.871795            87.179487
                Black or African American        Male     Hispanic or Latino           3    545000.000000    408411.557133        385000.0        775000.0                63.330000                46.185135                 49.9950                 89.9950                 44.000000                       NaN                      NaN                      NaN        8.416667e+05       109696.551146           780000.0           885000.0  180.666667  153.637018      96.50     247.00         3       0         390000.0            105000.0      150.50         1.000000           100.000000
                Black or African American        Male Not Hispanic or Latino          31    562096.774194    219091.967727        430000.0        690000.0                89.423742                 8.421950                 80.0000                 95.0000                 45.050000                  3.379115                      NaN                      NaN        6.504839e+05       265579.099450           515000.0           795000.0  177.774194   91.634677     117.00     230.00        27       4         260000.0            280000.0      113.00         0.870968            87.096774
Native Hawaiian or Other Pacific Islander      Female     Hispanic or Latino           1    645000.000000              NaN        645000.0        645000.0                90.000000                      NaN                 90.0000                 90.0000                 46.000000                       NaN                    46.00                    46.00        7.150000e+05                 NaN           715000.0           715000.0  161.000000         NaN     161.00     161.00         1       0              0.0                 0.0        0.00         1.000000           100.000000
Native Hawaiian or Other Pacific Islander      Female Not Hispanic or Latino           1    565000.000000              NaN        565000.0        565000.0                94.980000                      NaN                 94.9800                 94.9800                 49.000000                       NaN                    49.00                    49.00        6.050000e+05                 NaN           605000.0           605000.0  167.000000         NaN     167.00     167.00         1       0              0.0                 0.0        0.00         1.000000           100.000000
Native Hawaiian or Other Pacific Islander        Male     Hispanic or Latino           2    570000.000000    403050.865276        427500.0        712500.0                87.240000                10.974297                 83.3600                 91.1200                 49.000000                       NaN                      NaN                      NaN        6.950000e+05       537401.153702           505000.0           885000.0  222.000000  205.060967     149.50     294.50         2       0         285000.0            380000.0      145.00         1.000000           100.000000
Native Hawaiian or Other Pacific Islander        Male Not Hispanic or Latino           6    478333.333333    176257.387552        375000.0        582500.0                83.336667                19.057179                 81.2500                 95.7500                 40.666667                  4.718757                    37.25                    44.50        5.966667e+05       209037.476704           512500.0           740000.0  182.666667  129.345532      93.25     243.50         6       0         207500.0            227500.0      150.25         1.000000           100.000000
                                    White      Female     Hispanic or Latino         144    428125.000000    198767.069461        285000.0        525000.0                79.209157                18.949138                 70.0000                 95.0000                 44.690909                  3.948628                      NaN                      NaN        5.677778e+05       260210.900059           385000.0           687500.0  141.236111  106.382407      82.00     159.00       132      12         240000.0            302500.0       77.00         0.916667            91.666667
                                    White      Female Not Hispanic or Latino         349    466633.237822    238748.948691        305000.0        615000.0                72.364208                21.401306                 56.2040                 89.8800                 44.120172                  3.859960                      NaN                      NaN        6.935960e+05       377181.821587           445000.0           865000.0  169.000000  145.144953      95.00     193.00       323      26         310000.0            420000.0       98.00         0.925501            92.550143
                                    White        Male     Hispanic or Latino         289    475761.245675    191507.474886        335000.0        605000.0                83.806730                15.687026                 80.0000                 95.0000                 44.445545                  3.881261                      NaN                      NaN        5.940311e+05       245221.900076           415000.0           725000.0  180.401384  308.869306      97.00     175.00       257      32         270000.0            310000.0       78.00         0.889273            88.927336
                                    White        Male Not Hispanic or Latino         493    550111.561866    253752.803918        375000.0        705000.0                74.698964                18.383071                 65.5170                 87.4100                 43.674121                  4.040960                      NaN                      NaN        7.908215e+05       462913.608272           505000.0           955000.0  219.951318  317.589565     120.00     239.00       463      30         330000.0            450000.0      119.00         0.939148            93.914807