                             derived_race derived_sex      derived_ethnicity  total_apps  avg_loan_amount  std_loan_amount  Q1_loan_amount  Q3_loan_amount  avg_loan_to_value_ratio  std_loan_to_value_ratio  Q1_loan_to_value_ratio  Q3_loan_to_value_ratio  avg_debt_to_income_ratio  std_debt_to_income_ratio  Q1_debt_to_income_ratio  Q3_debt_to_income_ratio  avg_property_value  std_property_value  Q1_property_value  Q3_property_value  avg_income  std_income  Q1_income  Q3_income  accepted  denied  iqr_loan_amount  iqr_property_value  iqr_income  acceptance_rate  acceptance_rate_pct
                 2 or more minority races      Female Not Hispanic or Latino           3    608333.333333    179257.728797        505000.0        665000.0                79.000000                14.422205                71.00000                85.00000                 47.000000                       NaN                      NaN                      NaN       821666.666667       243378.991150           690000.0           930000.0   93.000000   33.719431      78.50     111.50         1       2         160000.0            240000.0       33.00         0.333333            33.333333
                 2 or more minority races        Male     Hispanic or Latino           2    645000.000000    410121.933088        500000.0        790000.0                93.500000                 4.949747                91.75000                95.25000                 49.000000                       NaN                      NaN                      NaN       805000.000000       622253.967444           585000.0          1025000.0  318.500000  341.532575     197.75     439.25         2       0         290000.0            440000.0      241.50         1.000000           100.000000
         American Indian or Alaska Native      Female     Hispanic or Latino           8    441250.000000    161770.339856        315000.0        527500.0                75.702375                23.626452                72.31925                92.40050                 45.200000                  3.962323                      NaN                      NaN       613750.000000       190370.878625           480000.0           760000.0  144.375000   61.469940     104.00     156.50         7       1         212500.0            280000.0       52.50         0.875000            87.500000
         American Indian or Alaska Native      Female Not Hispanic or Latino           3    521666.666667     90737.717259        470000.0        555000.0                74.333333                22.052967                65.00000                86.50000                 43.000000                       NaN                      NaN                      NaN       741666.666667       188767.935130           660000.0           845000.0  290.333333  217.095217     165.50     362.50         3       0          85000.0            185000.0      197.00         1.000000           100.000000
         American Indian or Alaska Native        Male     Hispanic or Latino          12    563333.333333    263571.047290        395000.0        622500.0                86.086417                 9.920238                79.41750                95.50000                 45.000000                  3.207135                      NaN                      NaN       677500.000000       335833.427325           480000.0           767500.0  245.083333  222.422390     116.25     289.25        11       1         227500.0            287500.0      173.00         0.916667            91.666667
         American Indian or Alaska Native        Male Not Hispanic or Latino           3    461666.666667    215019.378972        355000.0        570000.0                96.553333                 4.802263                93.86000                98.47000                 49.000000                       NaN                      NaN                      NaN       558333.333333       262741.951986           480000.0           710000.0  133.666667   87.374672      85.00     169.50         3       0         215000.0            230000.0       84.50         1.000000           100.000000
                                    Asian      Female     Hispanic or Latino           9    496111.111111    171860.731731        385000.0        655000.0                80.338889                13.640933                69.00000                90.00000                 43.888889                  3.333333                     41.0                     47.0       626111.111111       222847.730774           515000.0           725000.0  151.333333   73.482991      93.00     196.00         9       0         270000.0            210000.0      103.00         1.000000           100.000000
                                    Asian      Female Not Hispanic or Latino         223    536031.390135    220622.203479        380000.0        640000.0                72.026865                17.576106                62.37400                80.00000                 43.730061                  4.024710                      NaN                      NaN       782130.044843       342495.894818           555000.0           930000.0  168.479821   84.934942     112.50     202.00       209      14         260000.0            375000.0       89.50         0.937220            93.721973
                                    Asian        Male     Hispanic or Latino          10    528000.000000    145682.302746        440000.0        655000.0                73.432600                17.533653                60.69825                87.49250                 45.285714                  4.855042                      NaN                      NaN       726000.000000       145560.220451           682500.0           827500.0  170.900000   81.768576     135.25     162.25         8       2         215000.0            145000.0       27.00         0.800000            80.000000
                                    Asian        Male Not Hispanic or Latino         391    637199.488491    236719.613651        460000.0        765000.0                73.344647                17.754505                66.66350                82.53600                 43.567857                  4.059906                      NaN                      NaN       924437.340153       429183.112600           655000.0          1105000.0  218.196931  195.015896     133.00     250.50       364      27         305000.0            450000.0      117.50         0.930946            93.094629
                Black or African American      Female Not Hispanic or Latino          53    483113.207547    192204.384443        355000.0        595000.0                81.202830                18.318831                77.57800                95.00000                 44.615385                  3.675061                      NaN                      NaN       614056.603774       238442.576146           445000.0           735000.0  145.849057   62.867503     101.00     172.00        48       5         240000.0            290000.0       71.00         0.905660            90.566038
                Black or African American        Male     Hispanic or Latino           4    380000.000000    169016.764454        335000.0        445000.0                83.707000                21.582016                76.95700                97.75000                 38.500000                  2.081666                     37.5                     39.5       500000.000000       271968.135388           350000.0           695000.0  167.000000  119.437571     103.00     216.00         3       1         110000.0            345000.0      113.00         0.750000            75.000000
                Black or African American        Male Not Hispanic or Latino          43    514767.441860    208777.488890        360000.0        605000.0                79.715116                19.961492                75.14200                95.00000                 44.870968                  4.271939                      NaN                      NaN       678720.930233       302245.747190           525000.0           745000.0  148.860465   68.695873     100.00     187.00        40       3         245000.0            220000.0       87.00         0.930233            93.023256
Native Hawaiian or Other Pacific Islander      Female Not Hispanic or Latino           7    532142.857143    121889.880044        450000.0        605000.0                72.338857                22.116997                64.99950                85.00000                 44.750000                  3.947573                      NaN                      NaN       847857.142857       483449.903841           525000.0          1000000.0  225.428571   86.602265     167.50     285.00         7       0         155000.0            475000.0      117.50         1.000000           100.000000
Native Hawaiian or Other Pacific Islander        Male     Hispanic or Latino           1    605000.000000              NaN        605000.0        605000.0                80.000000                      NaN                80.00000                80.00000                 46.000000                       NaN                     46.0                     46.0       765000.000000                 NaN           765000.0           765000.0  139.000000         NaN     139.00     139.00         1       0              0.0                 0.0        0.00         1.000000           100.000000
Native Hawaiian or Other Pacific Islander        Male Not Hispanic or Latino           2    395000.000000     56568.542495        375000.0        415000.0                72.010000                35.341197                59.51500                84.50500                 43.000000                  4.242641                     41.5                     44.5       605000.000000       212132.034356           530000.0           680000.0   94.500000    3.535534      93.25      95.75         2       0          40000.0            150000.0        2.50         1.000000           100.000000
                                    White      Female     Hispanic or Latino         173    450433.526012    212699.871606        305000.0        555000.0                81.532786                16.762364                77.82200                95.00000                 44.690647                  3.968808                      NaN                      NaN       574710.982659       275753.571622           405000.0           685000.0  141.618497  111.148832      82.00     165.00       151      22         250000.0            280000.0       83.00         0.872832            87.283237
                                    White      Female Not Hispanic or Latino         328    475457.317073    244117.529488        305000.0        615000.0                69.618619                22.034343                56.10350                84.12775                 44.049774                  4.019528                      NaN                      NaN       725457.317073       401265.701637           465000.0           895000.0  181.448171  205.271157      90.75     200.00       303      25         310000.0            430000.0      109.25         0.923780            92.378049
                                    White        Male     Hispanic or Latino         266    495714.285714    223180.815820        335000.0        645000.0                82.045617                15.127985                76.58875                95.00000                 44.122340                  4.058520                      NaN                      NaN       617857.142857       269518.288464           425000.0           772500.0  171.203008  135.526827      97.00     184.00       236      30         310000.0            347500.0       87.00         0.887218            88.721805
                                    White        Male Not Hispanic or Latino         459    556416.122004    255923.618521        365000.0        725000.0                74.127194                18.244297                65.60750                85.00000                 43.556270                  3.954077                      NaN                      NaN       809618.736383       483755.794519           505000.0           970000.0  199.342048  145.256206     115.00     238.50       424      35         360000.0            465000.0      123.50         0.923747            92.374728