                             derived_race derived_sex      derived_ethnicity  total_apps  avg_loan_amount  std_loan_amount  Q1_loan_amount  Q3_loan_amount  avg_loan_to_value_ratio  std_loan_to_value_ratio  Q1_loan_to_value_ratio  Q3_loan_to_value_ratio  avg_debt_to_income_ratio  std_debt_to_income_ratio  Q1_debt_to_income_ratio  Q3_debt_to_income_ratio  avg_property_value  std_property_value  Q1_property_value  Q3_property_value  avg_income  std_income  Q1_income  Q3_income  accepted  denied  iqr_loan_amount  iqr_property_value  iqr_income  acceptance_rate  acceptance_rate_pct
                 2 or more minority races      Female Not Hispanic or Latino           2    290000.000000    247487.373415        202500.0        377500.0                67.500000                17.677670                61.25000                73.75000                 49.000000                       NaN                      NaN                      NaN        3.900000e+05       261629.509039           297500.0           482500.0   67.500000   27.577164      57.75      77.25         2       0         175000.0            185000.0       19.50         1.000000           100.000000
                 2 or more minority races        Male     Hispanic or Latino           2    465000.000000    240416.305603        380000.0        550000.0                77.398000                17.821919                71.09700                83.69900                 41.500000                  2.121320                    40.75                    42.25        6.600000e+05       459619.407771           497500.0           822500.0  128.000000   62.225397     106.00     150.00         2       0         170000.0            325000.0       44.00         1.000000           100.000000
                 2 or more minority races        Male Not Hispanic or Latino           3    551666.666667    323161.466350        415000.0        730000.0                82.272667                12.754569                74.90900                86.00000                 48.500000                  0.707107                      NaN                      NaN        7.150000e+05       468721.665810           520000.0           975000.0  155.333333   91.062250     113.00     203.50         2       1         315000.0            455000.0       90.50         0.666667            66.666667
         American Indian or Alaska Native      Female     Hispanic or Latino           2    250000.000000    134350.288425        202500.0        297500.0                68.077000                31.003804                57.11550                79.03850                 45.000000                  4.242641                    43.50                    46.50        3.550000e+05        42426.406871           340000.0           370000.0   72.500000   16.263456      66.75      78.25         1       1          95000.0             30000.0       11.50         0.500000            50.000000
         American Indian or Alaska Native      Female Not Hispanic or Latino           3    565000.000000    337786.915081        465000.0        760000.0                78.314000                24.647859                69.98500                92.47100                       NaN                       NaN                      NaN                      NaN        9.683333e+05       701165.696061           700000.0          1365000.0  328.333333  253.914027     192.50     444.00         3       0         295000.0            665000.0      251.50         1.000000           100.000000
         American Indian or Alaska Native        Male     Hispanic or Latino          10    473000.000000    163964.765863        355000.0        560000.0                85.367400                 7.367421                80.00000                93.74825                 44.428571                  5.028490                      NaN                      NaN        5.590000e+05       203971.675594           437500.0           685000.0  134.500000   61.326539      96.25     155.00         8       2         205000.0            247500.0       58.75         0.800000            80.000000
         American Indian or Alaska Native        Male Not Hispanic or Latino           4    377500.000000     88459.030065        327500.0        400000.0                86.250000                10.307764                78.75000                95.00000                 47.000000                  2.160247                    46.25                    48.25        4.375000e+05        81394.102980           390000.0           482500.0  148.500000   94.327444      79.75     188.75         4       0          72500.0             92500.0      109.00         1.000000           100.000000
                                    Asian      Female     Hispanic or Latino           5    241000.000000    118448.300959        145000.0        355000.0                78.236400                30.416044                80.00000                93.90000                 47.666667                  2.309401                      NaN                      NaN        4.090000e+05       312537.997690           215000.0           395000.0   71.200000   24.893774      64.00      93.00         4       1         210000.0            180000.0       29.00         0.800000            80.000000
                                    Asian      Female Not Hispanic or Latino         232    559094.827586    231047.023135        395000.0        695000.0                71.561931                17.874889                60.00000                80.00000                 44.060606                  4.174103                      NaN                      NaN        8.128017e+05       338552.935871           555000.0           977500.0  165.431034   75.157177     115.75     204.50       208      24         300000.0            422500.0       88.75         0.896552            89.655172
                                    Asian        Male     Hispanic or Latino          10    691000.000000    261499.946888        450000.0        867500.0                75.986800                12.438042                70.48050                80.00000                 43.750000                  3.105295                      NaN                      NaN        9.280000e+05       387815.821120           632500.0          1235000.0  253.500000  118.891407     222.00     281.50        10       0         417500.0            602500.0       59.50         1.000000           100.000000
                                    Asian        Male Not Hispanic or Latino         404    629801.980198    231186.840525        455000.0        765000.0                73.162851                17.135250                65.00000                80.00000                 43.356436                  3.989018                      NaN                      NaN        9.063119e+05       406870.293813           635000.0          1117500.0  197.408416  100.544690     136.00     235.00       372      32         310000.0            482500.0       99.00         0.920792            92.079208
                Black or African American      Female     Hispanic or Latino           2    440000.000000     91923.881554        407500.0        472500.0                80.000000                14.142136                75.00000                85.00000                 49.000000                  0.000000                    49.00                    49.00        5.650000e+05       212132.034356           490000.0           640000.0  103.500000    3.535534     102.25     104.75         2       0          65000.0            150000.0        2.50         1.000000           100.000000
                Black or African American      Female Not Hispanic or Latino          25    475400.000000    231813.143142        295000.0        575000.0                83.099520                19.511677                80.00000                95.00000                 44.190476                  3.868062                      NaN                      NaN        6.034000e+05       204484.718255           525000.0           645000.0  152.200000   63.110353     103.00     189.00        23       2         280000.0            120000.0       86.00         0.920000            92.000000
                Black or African American        Male     Hispanic or Latino           4    692500.000000    286050.694808        565000.0        847500.0                78.549750                21.920128                71.83825                91.70150                 37.000000                       NaN                      NaN                      NaN        1.035000e+06       765201.498517           687500.0          1187500.0  270.000000   48.242443     229.75     303.25         3       1         282500.0            500000.0       73.50         0.750000            75.000000
                Black or African American        Male Not Hispanic or Latino          21    563095.238095    251030.258089        395000.0        745000.0                83.546238                18.409022                80.00000                95.00000                 44.727273                  3.068906                      NaN                      NaN        7.030952e+05       328962.293396           515000.0           835000.0  204.761905  145.151612     105.00     303.00        18       3         350000.0            320000.0      198.00         0.857143            85.714286
Native Hawaiian or Other Pacific Islander      Female     Hispanic or Latino           1    515000.000000              NaN        515000.0        515000.0                90.430000                      NaN                90.43000                90.43000                 46.000000                       NaN                    46.00                    46.00        5.850000e+05                 NaN           585000.0           585000.0  129.000000         NaN     129.00     129.00         1       0              0.0                 0.0        0.00         1.000000           100.000000
Native Hawaiian or Other Pacific Islander      Female Not Hispanic or Latino           2    525000.000000    113137.084990        485000.0        565000.0                55.219500                30.928144                44.28475                66.15425                 48.500000                  0.707107                    48.25                    48.75        1.185000e+06       862670.273048           880000.0          1490000.0  189.500000  119.501046     147.25     231.75         2       0          80000.0            610000.0       84.50         1.000000           100.000000
Native Hawaiian or Other Pacific Islander        Male Not Hispanic or Latino           3    595000.000000    207846.096908        535000.0        715000.0                99.500000                 3.897114                98.37500               101.75000                 41.000000                       NaN                      NaN                      NaN        5.883333e+05       193476.958146           530000.0           700000.0  152.666667   73.104947     123.00     193.50         2       1         180000.0            170000.0       70.50         0.666667            66.666667
                                    White      Female     Hispanic or Latino         164    415609.756098    203938.806899        272500.0        505000.0                79.163762                20.733198                73.82575                95.00000                 44.817460                  4.020748                      NaN                      NaN        5.573780e+05       281906.007929           375000.0           677500.0  128.768293  118.656725      72.00     136.00       142      22         232500.0            302500.0       64.00         0.865854            86.585366
                                    White      Female Not Hispanic or Latino         340    490352.941176    241275.235720        322500.0        655000.0                73.030947                19.369761                63.81875                86.64175                 43.888430                  4.057669                      NaN                      NaN        7.088529e+05       364539.765796           445000.0           897500.0  163.347059   95.208249      98.00     197.25       328      12         332500.0            452500.0       99.25         0.964706            96.470588
                                    White        Male     Hispanic or Latino         293    466433.447099    210140.184393        335000.0        575000.0                82.645549                15.803697                79.59000                95.00000                 44.608295                  4.168725                      NaN                      NaN        5.848635e+05       271970.199687           415000.0           695000.0  154.887372  113.349975      92.00     181.00       277      16         240000.0            280000.0       89.00         0.945392            94.539249
                                    White        Male Not Hispanic or Latino         468    551431.623932    253033.589581        355000.0        725000.0                73.888059                19.098887                66.40500                89.17500                 43.568627                  4.075943                      NaN                      NaN        7.826709e+05       394601.040829           522500.0           955000.0  210.831197  207.050448     118.00     245.25       440      28         370000.0            432500.0      127.25         0.940171            94.017094