                             derived_race derived_sex      derived_ethnicity  total_apps  avg_loan_amount  std_loan_amount  Q1_loan_amount  Q3_loan_amount  avg_loan_to_value_ratio  std_loan_to_value_ratio  Q1_loan_to_value_ratio  Q3_loan_to_value_ratio  avg_debt_to_income_ratio  std_debt_to_income_ratio  Q1_debt_to_income_ratio  Q3_debt_to_income_ratio  avg_property_value  std_property_value  Q1_property_value  Q3_property_value  avg_income  std_income  Q1_income  Q3_income  accepted  denied  iqr_loan_amount  iqr_property_value  iqr_income  acceptance_rate  acceptance_rate_pct
                 2 or more minority races      Female Not Hispanic or Latino           1    895000.000000              NaN        895000.0        895000.0                86.932000                      NaN                86.93200                86.93200                 46.000000                       NaN                    46.00                     46.0        1.035000e+06                 NaN          1035000.0          1035000.0  277.000000         NaN     277.00     277.00         1       0              0.0                 0.0        0.00         1.000000           100.000000
                 2 or more minority races        Male Not Hispanic or Latino           4    510000.000000     53229.064742        470000.0        550000.0                77.500000                12.583057                75.00000                82.50000                 39.000000                  2.645751                      NaN                      NaN        6.775000e+05       172312.700248           572500.0           755000.0  219.250000   95.258858     151.25     267.50         4       0          80000.0            182500.0      116.25         1.000000           100.000000
         American Indian or Alaska Native      Female     Hispanic or Latino           4    420000.000000     79372.539332        380000.0        450000.0                87.257500                10.193731                79.26000                95.49750                 44.666667                  5.859465                      NaN                      NaN        4.850000e+05       139283.882772           412500.0           532500.0  106.750000   10.045729      99.75     113.50         3       1          70000.0            120000.0       13.75         0.750000            75.000000
         American Indian or Alaska Native      Female Not Hispanic or Latino           2    620000.000000    205060.966544        547500.0        692500.0                93.485000                 4.970961                91.72750                95.24250                 37.000000                       NaN                      NaN                      NaN        8.550000e+05       523259.018078           670000.0          1040000.0  365.500000  331.633080     248.25     482.75         2       0         145000.0            370000.0      234.50         1.000000           100.000000
         American Indian or Alaska Native        Male     Hispanic or Latino           6    448333.333333    114658.914467        347500.0        522500.0                81.308167                26.035936                66.16925                97.11250                 41.250000                  3.500000                      NaN                      NaN        5.983333e+05       219605.707273           510000.0           705000.0  131.666667   25.943528     111.00     146.50         5       1         175000.0            195000.0       35.50         0.833333            83.333333
         American Indian or Alaska Native        Male Not Hispanic or Latino           9    599444.444444    225782.589625        485000.0        765000.0                81.962667                11.546079                75.00000                90.00000                 46.000000                  2.828427                      NaN                      NaN        7.516667e+05       343729.544846           645000.0           875000.0  182.666667   69.839101     156.00     216.00         9       0         280000.0            230000.0       60.00         1.000000           100.000000
                                    Asian      Female     Hispanic or Latino           3    388333.333333    156311.654503        305000.0        460000.0                74.981667                18.048561                67.47750                84.99500                 42.666667                  4.163332                    41.00                     45.0        5.083333e+05       101159.939370           450000.0           540000.0  122.333333   47.289886     102.50     148.50         3       0         155000.0             90000.0       46.00         1.000000           100.000000
                                    Asian      Female Not Hispanic or Latino         225    549577.777778    212711.920473        405000.0        705000.0                71.626196                18.770409                61.90000                80.00000                 44.449367                  3.716973                      NaN                      NaN        8.093556e+05       339638.276303           595000.0           935000.0  173.982222   91.467450     118.00     212.00       207      18         300000.0            340000.0       94.00         0.920000            92.000000
                                    Asian        Male     Hispanic or Latino           9    503888.888889    196751.394178        395000.0        555000.0                76.971333                12.313253                74.99800                80.00000                 44.000000                  4.140393                      NaN                      NaN        6.727778e+05       270960.226684           445000.0           885000.0  158.333333   55.921820     114.00     202.00         9       0         160000.0            440000.0       88.00         1.000000           100.000000
                                    Asian        Male Not Hispanic or Latino         368    650733.695652    242157.659715        475000.0        787500.0                74.775048                17.535770                66.38850                87.37800                 44.144444                  3.883703                      NaN                      NaN        9.194565e+05       401574.188871           635000.0          1155000.0  217.584239  168.887443     138.00     243.00       341      27         312500.0            520000.0      105.00         0.926630            92.663043
                Black or African American      Female     Hispanic or Latino           4    592500.000000    183371.208209        480000.0        717500.0                79.711500                13.604301                69.02550                90.68600                 46.750000                  2.872281                    45.25                     49.0        7.875000e+05       362341.919555           520000.0          1042500.0  164.000000   58.634461     130.25     191.75         4       0         237500.0            522500.0       61.50         1.000000           100.000000
                Black or African American      Female Not Hispanic or Latino          52    474230.769231    195577.036162        325000.0        597500.0                85.078577                21.041765                80.00000                98.43000                 44.288889                  4.087799                      NaN                      NaN        6.007692e+05       219449.812511           485000.0           745000.0  143.865385   57.270952     107.75     168.75        48       4         272500.0            260000.0       61.00         0.923077            92.307692
                Black or African American        Male     Hispanic or Latino           4    510000.000000    200748.598999        377500.0        577500.0                79.745250                17.130651                77.46750                87.27775                 47.000000                       NaN                      NaN                      NaN        6.350000e+05       162685.791225           552500.0           702500.0  153.250000   71.922991     124.50     175.75         3       1         200000.0            150000.0       51.25         0.750000            75.000000
                Black or African American        Male Not Hispanic or Latino          30    480000.000000    185746.397375        347500.0        595000.0                81.483600                19.604825                76.00000                95.00000                 45.739130                  3.792545                      NaN                      NaN        6.163333e+05       243618.318395           460000.0           742500.0  131.366667   61.625388      78.50     161.00        26       4         247500.0            282500.0       82.50         0.866667            86.666667
Native Hawaiian or Other Pacific Islander      Female     Hispanic or Latino           1    445000.000000              NaN        445000.0        445000.0                80.000000                      NaN                80.00000                80.00000                 40.000000                       NaN                    40.00                     40.0        5.550000e+05                 NaN           555000.0           555000.0   98.000000         NaN      98.00      98.00         1       0              0.0                 0.0        0.00         1.000000           100.000000
Native Hawaiian or Other Pacific Islander      Female Not Hispanic or Latino           2    860000.000000    403050.865276        717500.0       1002500.0                58.230000                11.638978                54.11500                62.34500                       NaN                       NaN                      NaN                      NaN        1.440000e+06       417193.000900          1292500.0          1587500.0  183.500000  256.679762      92.75     274.25         1       1         285000.0            295000.0      181.50         0.500000            50.000000
Native Hawaiian or Other Pacific Islander        Male     Hispanic or Latino           2    515000.000000    197989.898732        445000.0        585000.0                76.108500                 4.316887                74.58225                77.63475                 41.000000                  7.071068                    38.50                     43.5        6.900000e+05       304055.915910           582500.0           797500.0  122.000000   38.183766     108.50     135.50         2       0         140000.0            215000.0       27.00         1.000000           100.000000
Native Hawaiian or Other Pacific Islander        Male Not Hispanic or Latino           1    645000.000000              NaN        645000.0        645000.0                95.000000                      NaN                95.00000                95.00000                 42.000000                       NaN                    42.00                     42.0        6.750000e+05                 NaN           675000.0           675000.0  285.000000         NaN     285.00     285.00         1       0              0.0                 0.0        0.00         1.000000           100.000000
                                    White      Female     Hispanic or Latino         178    412022.471910    180387.560016        285000.0        500000.0                80.239663                23.413015                70.08625                95.00000                 44.387755                  4.063619                      NaN                      NaN        5.406180e+05       223497.899009           395000.0           645000.0  128.938202   98.556082      77.25     151.50       161      17         215000.0            250000.0       74.25         0.904494            90.449438
                                    White      Female Not Hispanic or Latino         346    482109.826590    257751.199137        287500.0        642500.0                69.973243                20.586184                56.07950                80.00000                 43.580913                  4.237075                      NaN                      NaN        7.132659e+05       362982.650352           465000.0           935000.0  167.812139  136.335188      96.25     200.75       323      23         355000.0            470000.0      104.50         0.933526            93.352601
                                    White        Male     Hispanic or Latino         266    452293.233083    212363.617747        305000.0        572500.0                84.790034                14.936139                80.00000                95.00000                 43.895604                  4.018614                      NaN                      NaN        5.584962e+05       275033.092323           367500.0           705000.0  142.845865   97.029050      88.25     166.50       230      36         267500.0            337500.0       78.25         0.864662            86.466165
                                    White        Male Not Hispanic or Latino         483    550051.759834    262172.038580        365000.0        725000.0                74.044222                19.761753                63.45050                89.99000                 43.459119                  4.175552                      NaN                      NaN        8.053934e+05       474483.832365           515000.0           975000.0  217.691511  212.553674     113.00     246.00       460      23         360000.0            460000.0      133.00         0.952381            95.238095