                             derived_race derived_sex      derived_ethnicity  total_apps  avg_loan_amount  std_loan_amount  Q1_loan_amount  Q3_loan_amount  avg_loan_to_value_ratio  std_loan_to_value_ratio  Q1_loan_to_value_ratio  Q3_loan_to_value_ratio  avg_debt_to_income_ratio  std_debt_to_income_ratio  Q1_debt_to_income_ratio  Q3_debt_to_income_ratio  avg_property_value  std_property_value  Q1_property_value  Q3_property_value  avg_income  std_income  Q1_income  Q3_income  accepted  denied  iqr_loan_amount  iqr_property_value  iqr_income  acceptance_rate  acceptance_rate_pct
                 2 or more minority races      Female     Hispanic or Latino           2    660000.000000    459619.407771        497500.0        822500.0                88.500000                12.020815                84.25000                 92.7500                 41.500000                  0.707107                    41.25                    41.75        7.850000e+05       622253.967444           565000.0          1005000.0  169.000000  113.137085     129.00     209.00         2       0         325000.0            440000.0       80.00         1.000000           100.000000
                 2 or more minority races      Female Not Hispanic or Latino           3    471666.666667    229419.557434        340000.0        550000.0                71.993667                19.682457                62.99050                 82.5000                 48.000000                       NaN                      NaN                      NaN        6.550000e+05       206639.783198           570000.0           770000.0  153.000000   80.888813     106.50     180.00         3       0         210000.0            200000.0       73.50         1.000000           100.000000
                 2 or more minority races        Male     Hispanic or Latino           2    695000.000000     42426.406871        680000.0        710000.0                88.500000                12.020815                84.25000                 92.7500                 49.000000                  0.000000                    49.00                    49.00        7.950000e+05        56568.542495           775000.0           815000.0  166.000000   19.798990     159.00     173.00         2       0          30000.0             40000.0       14.00         1.000000           100.000000
                 2 or more minority races        Male Not Hispanic or Latino           4    467500.000000    443499.342352        125000.0        742500.0                85.210000                 4.595150                82.13750                 88.4975                 43.000000                  2.645751                      NaN                      NaN        5.425000e+05       494730.566403           180000.0           832500.0  139.500000  125.561406      42.75     201.75         3       1         617500.0            652500.0      159.00         0.750000            75.000000
         American Indian or Alaska Native      Female     Hispanic or Latino           7    557857.142857    210769.564985        405000.0        685000.0                89.571429                 8.141604                82.50000                 96.0000                 44.857143                  3.670993                    43.00                    48.00        6.392857e+05       272326.834451           470000.0           740000.0  233.142857  228.321724     130.00     188.00         7       0         280000.0            270000.0       58.00         1.000000           100.000000
         American Indian or Alaska Native      Female Not Hispanic or Latino           2    415000.000000    127279.220614        370000.0        460000.0                87.500000                10.606602                83.75000                 91.2500                       NaN                       NaN                      NaN                      NaN        4.850000e+05       197989.898732           415000.0           555000.0  174.500000   28.991378     164.25     184.75         2       0          90000.0            140000.0       20.50         1.000000           100.000000
         American Indian or Alaska Native        Male     Hispanic or Latino          13    404230.769231    190064.091754        335000.0        455000.0                75.294462                24.167590                50.76900                 97.0000                 44.090909                  4.011348                      NaN                      NaN        5.396154e+05       185724.499578           435000.0           655000.0  103.769231   48.466748      81.00     113.00        11       2         120000.0            220000.0       32.00         0.846154            84.615385
         American Indian or Alaska Native        Male Not Hispanic or Latino           4    427500.000000    232862.620444        285000.0        532500.0                80.405750                22.880496                75.47575                 93.7900                 43.500000                  2.121320                      NaN                      NaN        6.125000e+05       284180.107209           557500.0           745000.0  121.250000   49.378639      96.00     149.75         4       0         247500.0            187500.0       53.75         1.000000           100.000000
                                    Asian      Female     Hispanic or Latino           7    477857.142857    181173.423889        415000.0        560000.0                76.170000                19.454937                70.70950                 87.4780                 46.400000                  2.509980                      NaN                      NaN        6.721429e+05       275542.754439           620000.0           775000.0  135.571429   92.059505     103.00     152.50         6       1         145000.0            155000.0       49.50         0.857143            85.714286
                                    Asian      Female Not Hispanic or Latino         250    571120.000000    237305.290298        395000.0        705000.0                71.713943                18.241651                60.00000                 80.0000                 44.351955                  4.094959                      NaN                      NaN        8.346400e+05       343136.183112           597500.0           982500.0  177.432000   94.282821     115.00     214.75       235      15         310000.0            385000.0       99.75         0.940000            94.000000
                                    Asian        Male     Hispanic or Latino           9    537222.222222    308778.957257        275000.0        765000.0                79.651444                21.209488                80.00000                 90.0000                 45.571429                  3.457222                      NaN                      NaN        6.827778e+05       349598.976607           505000.0           855000.0  147.000000   58.898217     102.00     191.00         9       0         490000.0            350000.0       89.00         1.000000           100.000000
                                    Asian        Male Not Hispanic or Latino         362    627900.552486    240753.977366        445000.0        765000.0                74.050362                17.906858                67.78525                 85.0000                 43.863813                  4.125111                      NaN                      NaN        9.044199e+05       423471.925166           625000.0          1095000.0  210.030387  206.986829     125.25     243.00       334      28         320000.0            470000.0      117.75         0.922652            92.265193
                Black or African American      Female     Hispanic or Latino           2    640000.000000    134350.288425        592500.0        687500.0                69.500000                28.991378                59.25000                 79.7500                 49.000000                       NaN                      NaN                      NaN        9.650000e+05       212132.034356           890000.0          1040000.0  180.000000   14.142136     175.00     185.00         2       0          95000.0            150000.0       10.00         1.000000           100.000000
                Black or African American      Female Not Hispanic or Latino          54    529444.444444    221960.957528        385000.0        640000.0                83.461444                15.736139                80.00000                 95.0000                 43.953488                  4.347706                      NaN                      NaN        6.655556e+05       285375.731582           480000.0           855000.0  164.185185   80.260443     107.50     207.25        46       8         255000.0            375000.0       99.75         0.851852            85.185185
                Black or African American        Male     Hispanic or Latino           7    522142.857143    236058.911130        475000.0        595000.0                76.424571                29.680282                82.48600                 90.0000                 42.750000                  4.031129                      NaN                      NaN        7.021429e+05       177549.456557           615000.0           750000.0  162.428571   68.051101     142.50     183.50         7       0         120000.0            135000.0       41.00         1.000000           100.000000
                Black or African American        Male Not Hispanic or Latino          33    586818.181818    258365.711558        455000.0        765000.0                85.195212                15.982432                80.00000                 95.0000                 43.695652                  4.236581                      NaN                      NaN        7.392424e+05       418524.419113           505000.0           825000.0  179.939394  105.515680     122.00     214.00        28       5         310000.0            320000.0       92.00         0.848485            84.848485
Native Hawaiian or Other Pacific Islander      Female     Hispanic or Latino           1    335000.000000              NaN        335000.0        335000.0                90.000000                      NaN                90.00000                 90.0000                 49.000000                       NaN                    49.00                    49.00        3.650000e+05                 NaN           365000.0           365000.0  143.000000         NaN     143.00     143.00         1       0              0.0                 0.0        0.00         1.000000           100.000000
Native Hawaiian or Other Pacific Islander      Female Not Hispanic or Latino           1    685000.000000              NaN        685000.0        685000.0                95.000000                      NaN                95.00000                 95.0000                 48.000000                       NaN                    48.00                    48.00        7.250000e+05                 NaN           725000.0           725000.0  143.000000         NaN     143.00     143.00         1       0              0.0                 0.0        0.00         1.000000           100.000000
Native Hawaiian or Other Pacific Islander        Male     Hispanic or Latino           2    750000.000000    148492.424049        697500.0        802500.0                64.740000                20.845508                57.37000                 72.1100                       NaN                       NaN                      NaN                      NaN        1.180000e+06       148492.424049          1127500.0          1232500.0 1283.000000 1295.419623     825.00    1741.00         2       0         105000.0            105000.0      916.00         1.000000           100.000000
Native Hawaiian or Other Pacific Islander        Male Not Hispanic or Latino           6    548333.333333    140949.163412        485000.0        612500.0                82.434833                 9.306518                76.25000                 87.5000                 40.666667                  4.618802                      NaN                      NaN        6.600000e+05       132778.010228           627500.0           745000.0  271.166667   93.251095     217.75     268.25         6       0         127500.0            117500.0       50.50         1.000000           100.000000
                                    White      Female     Hispanic or Latino         158    433797.468354    206497.505714        285000.0        565000.0                81.862101                18.105258                75.73450                 95.0000                 44.483607                  4.122572                      NaN                      NaN        5.627848e+05       299299.869691           377500.0           682500.0  141.405063  138.513171      80.75     159.50       148      10         280000.0            305000.0       78.75         0.936709            93.670886
                                    White      Female Not Hispanic or Latino         338    492071.005917    254842.712275        305000.0        655000.0                72.083426                19.267907                62.04525                 84.5865                 43.767635                  4.038867                      NaN                      NaN        7.039941e+05       336993.417982           455000.0           895000.0  165.931953  105.742611      95.00     200.00       317      21         350000.0            440000.0      105.00         0.937870            93.786982
                                    White        Male     Hispanic or Latino         294    487244.897959    220564.884213        327500.0        605000.0                82.848153                14.521977                79.89650                 95.0000                 44.167401                  4.068897                      NaN                      NaN        6.060884e+05       287813.053782           415000.0           725000.0  150.367347   96.930965      87.25     176.00       260      34         277500.0            310000.0       88.75         0.884354            88.435374
                                    White        Male Not Hispanic or Latino         439    541742.596811    248128.345018        365000.0        695000.0                74.231426                18.370833                65.25850                 88.0475                 43.378840                  4.124330                      NaN                      NaN        7.770957e+05       411876.959899           505000.0           935000.0  222.835991  283.966693     108.00     238.50       416      23         330000.0            430000.0      130.50         0.947608            94.760820