                             derived_race derived_sex      derived_ethnicity  total_apps  avg_loan_amount  std_loan_amount  Q1_loan_amount  Q3_loan_amount  avg_loan_to_value_ratio  std_loan_to_value_ratio  Q1_loan_to_value_ratio  Q3_loan_to_value_ratio  avg_debt_to_income_ratio  std_debt_to_income_ratio  Q1_debt_to_income_ratio  Q3_debt_to_income_ratio  avg_property_value  std_property_value  Q1_property_value  Q3_property_value  avg_income  std_income  Q1_income  Q3_income  accepted  denied  iqr_loan_amount  iqr_property_value  iqr_income  acceptance_rate  acceptance_rate_pct
                 2 or more minority races      Female     Hispanic or Latino           2     3.150000e+05    212132.034356        240000.0        390000.0                99.988500                 1.826457                99.34275               100.63425                       NaN                       NaN                      NaN                      NaN        3.200000e+05       219203.102168           242500.0           397500.0   27.000000   38.183766      13.50      40.50         0       2         150000.0            155000.0       27.00         0.000000             0.000000
                 2 or more minority races      Female Not Hispanic or Latino           1     1.095000e+06              NaN       1095000.0       1095000.0                71.500000                      NaN                71.50000                71.50000                 45.000000                       NaN                     45.0                     45.0        1.525000e+06                 NaN          1525000.0          1525000.0  248.000000         NaN     248.00     248.00         1       0              0.0                 0.0        0.00         1.000000           100.000000
                 2 or more minority races        Male     Hispanic or Latino           4     4.750000e+05    178699.002049        367500.0        612500.0                78.620500                20.402093                72.37050                91.25000                 42.666667                  4.725816                      NaN                      NaN        6.775000e+05       400863.650967           447500.0           840000.0  133.500000   55.800239     108.25     161.25         3       1         245000.0            392500.0       53.00         0.750000            75.000000
                 2 or more minority races        Male Not Hispanic or Latino           3     5.216667e+05    213853.532431        405000.0        615000.0                74.330000                19.135744                66.50000                84.99500                       NaN                       NaN                      NaN                      NaN        6.883333e+05       128582.010147           615000.0           735000.0  303.000000  129.526059     237.50     367.00         3       0         210000.0            120000.0      129.50         1.000000           100.000000
         American Indian or Alaska Native      Female     Hispanic or Latino           5     4.790000e+05    261208.728797        435000.0        505000.0                83.777800                18.504374                80.00000                95.00000                 45.250000                  3.403430                      NaN                      NaN        6.130000e+05       359888.871737           455000.0           825000.0  250.400000  276.563374     114.00     159.00         5       0          70000.0            370000.0       45.00         1.000000           100.000000
         American Indian or Alaska Native      Female Not Hispanic or Latino           1     4.650000e+05              NaN        465000.0        465000.0                90.000000                      NaN                90.00000                90.00000                       NaN                       NaN                      NaN                      NaN        5.250000e+05                 NaN           525000.0           525000.0  212.000000         NaN     212.00     212.00         1       0              0.0                 0.0        0.00         1.000000           100.000000
         American Indian or Alaska Native        Male     Hispanic or Latino           6     3.683333e+05    170723.948720        257500.0        490000.0                92.146667                 7.736189                87.50000                96.99750                 45.500000                  3.000000                      NaN                      NaN        4.000000e+05       174441.967428           267500.0           537500.0   77.333333   27.947570      73.00      90.00         4       2         232500.0            270000.0       17.00         0.666667            66.666667
         American Indian or Alaska Native        Male Not Hispanic or Latino           3     6.716667e+05    223009.715782        545000.0        755000.0                84.000000                11.532563                77.50000                88.50000                 48.500000                  0.707107                      NaN                      NaN        8.250000e+05       355387.112878           620000.0           935000.0  212.666667  141.877882     131.00     259.00         3       0         210000.0            315000.0      128.00         1.000000           100.000000
                                    Asian      Female     Hispanic or Latino           2     3.700000e+05    106066.017178        332500.0        407500.0                64.070000                22.374273                56.15950                71.98050                 48.000000                       NaN                      NaN                      NaN        5.850000e+05        28284.271247           575000.0           595000.0  114.000000   36.769553     101.00     127.00         2       0          75000.0             20000.0       26.00         1.000000           100.000000
                                    Asian      Female Not Hispanic or Latino         200     5.695500e+05    238006.371056        392500.0        725000.0                72.070060                18.975715                60.83425                84.93975                 43.626667                  4.110139                      NaN                      NaN        8.284500e+05       335044.581898           595000.0          1005000.0  178.425000   95.686908     116.50     211.50       186      14         332500.0            410000.0       95.00         0.930000            93.000000
                                    Asian        Male     Hispanic or Latino          11     6.250000e+05    190525.588833        505000.0        715000.0                81.996545                12.763829                75.39500                90.00000                 42.272727                  3.165151                     39.5                     44.0        7.704545e+05       237375.804848           640000.0           860000.0  183.909091   74.955259     148.50     247.00        11       0         210000.0            220000.0       98.50         1.000000           100.000000
                                    Asian        Male Not Hispanic or Latino         413     6.222881e+05    237030.387589        465000.0        765000.0                73.272593                17.761448                66.66000                82.47400                 43.759857                  4.121758                      NaN                      NaN        9.069370e+05       396846.337320           635000.0          1125000.0  211.905569  161.195016     136.00     240.00       381      32         300000.0            490000.0      104.00         0.922518            92.251816
                Black or African American      Female     Hispanic or Latino           3     4.516667e+05     75055.534995        430000.0        495000.0                77.468667                13.970073                71.20300                85.00000                 44.000000                  2.645751                     43.0                     45.5        6.050000e+05       195192.212959           510000.0           705000.0  184.000000  118.861264     116.00     226.00         3       0          65000.0            195000.0      110.00         1.000000           100.000000
                Black or African American      Female Not Hispanic or Latino          42     5.314286e+05    226703.001460        347500.0        702500.0                83.030190                19.639294                80.00000                94.99750                 43.740741                  3.426061                      NaN                      NaN        7.004762e+05       276980.252716           495000.0           815000.0  209.023810  269.847607     106.00     214.00        34       8         355000.0            320000.0      108.00         0.809524            80.952381
                Black or African American        Male     Hispanic or Latino           2     7.000000e+05    304055.915910        592500.0        807500.0                79.000000                 1.414214                78.50000                79.50000                 47.000000                       NaN                      NaN                      NaN        8.900000e+05       403050.865276           747500.0          1032500.0  194.500000   77.074639     167.25     221.75         2       0         215000.0            285000.0       54.50         1.000000           100.000000
                Black or African American        Male Not Hispanic or Latino          33     5.374242e+05    265283.224863        355000.0        665000.0                79.081727                20.425758                75.28400                94.30100                 43.863636                  3.313687                      NaN                      NaN        7.246970e+05       440649.271307           475000.0           895000.0  202.969697  224.037034     104.00     240.00        26       7         310000.0            420000.0      136.00         0.787879            78.787879
Native Hawaiian or Other Pacific Islander      Female Not Hispanic or Latino           3     4.383333e+05    212210.587232        320000.0        525000.0                76.376667                34.745092                62.65500                95.91000                 43.500000                  4.949747                      NaN                      NaN        6.550000e+05       185202.591775           585000.0           760000.0  148.000000   44.192760     124.00     167.50         3       0         205000.0            175000.0       43.50         1.000000           100.000000
Native Hawaiian or Other Pacific Islander        Male     Hispanic or Latino           1     5.350000e+05              NaN        535000.0        535000.0                97.273000                      NaN                97.27300                97.27300                 49.000000                       NaN                     49.0                     49.0        5.550000e+05                 NaN           555000.0           555000.0  113.000000         NaN     113.00     113.00         1       0              0.0                 0.0        0.00         1.000000           100.000000
Native Hawaiian or Other Pacific Islander        Male Not Hispanic or Latino           4     5.500000e+05    173108.828968        430000.0        685000.0                87.821500                18.782885                86.25000                96.57150                 39.666667                  3.214550                      NaN                      NaN        6.450000e+05       188148.877222           620000.0           755000.0  199.000000   49.752722     179.25     222.75         3       1         255000.0            135000.0       43.50         0.750000            75.000000
                                    White      Female     Hispanic or Latino         162     4.469136e+05    215070.503970        295000.0        562500.0                82.896109                15.498062                78.12875                95.00000                 44.507576                  3.906339                      NaN                      NaN        5.634568e+05       282129.372086           377500.0           692500.0  132.740741  107.812383      83.00     153.00       144      18         267500.0            315000.0       70.00         0.888889            88.888889
                                    White      Female Not Hispanic or Latino         354     4.647458e+05    248820.885774        285000.0        605000.0                72.253641                20.792505                60.39550                89.99250                 43.785425                  4.053317                      NaN                      NaN        6.787288e+05       368928.768416           445000.0           855000.0  164.449153  151.535929      94.25     189.00       325      29         320000.0            410000.0       94.75         0.918079            91.807910
                                    White        Male     Hispanic or Latino         270     4.503704e+05    199507.879329        315000.0        585000.0                81.865319                17.407505                77.58300                95.00000                 44.227723                  4.004677                      NaN                      NaN        5.771852e+05       274772.029474           397500.0           722500.0  168.555556  401.560611      94.00     175.00       251      19         270000.0            325000.0       81.00         0.929630            92.962963
                                    White        Male Not Hispanic or Latino         475     5.474421e+05    248645.983735        350000.0        705000.0                75.033825                17.531849                67.13150                85.01350                 43.142857                  4.050100                      NaN                      NaN        7.722632e+05       420202.990190           505000.0           945000.0  240.077895  464.991117     115.00     243.50       443      32         355000.0            440000.0      128.50         0.932632            93.263158