                             derived_race derived_sex      derived_ethnicity  total_apps  avg_loan_amount  std_loan_amount  Q1_loan_amount  Q3_loan_amount  avg_loan_to_value_ratio  std_loan_to_value_ratio  Q1_loan_to_value_ratio  Q3_loan_to_value_ratio  avg_debt_to_income_ratio  std_debt_to_income_ratio  Q1_debt_to_income_ratio  Q3_debt_to_income_ratio  avg_property_value  std_property_value  Q1_property_value  Q3_property_value  avg_income  std_income  Q1_income  Q3_income  accepted  denied  iqr_loan_amount  iqr_property_value  iqr_income  acceptance_rate  acceptance_rate_pct
                 2 or more minority races      Female     Hispanic or Latino           3    525000.000000    164620.776332        475000.0        620000.0                84.831333                 8.809957                79.74700                87.50000                 48.500000                  0.707107                      NaN                      NaN       638333.333333       245831.920900           560000.0           780000.0  117.000000   45.177428      97.00     141.50         3       0         145000.0            220000.0       44.50         1.000000           100.000000
                 2 or more minority races      Female Not Hispanic or Latino           3    431666.666667    240069.434400        295000.0        520000.0                70.303333                16.795119                65.45500                80.00000                 44.000000                  2.000000                     43.0                     45.0       701666.666667       585263.473432           365000.0           895000.0  110.666667   54.647354      79.50     130.50         3       0         225000.0            530000.0       51.00         1.000000           100.000000
                 2 or more minority races        Male Not Hispanic or Latino           2    520000.000000    190918.830920        452500.0        587500.0                78.568500                 2.024447                77.85275                79.28425                 49.000000                       NaN                      NaN                      NaN       660000.000000       219203.102168           582500.0           737500.0  531.000000  642.052957     304.00     758.00         2       0         135000.0            155000.0      454.00         1.000000           100.000000
         American Indian or Alaska Native      Female     Hispanic or Latino           3    398333.333333    150443.787952        320000.0        470000.0                71.608333                36.954502                57.41250                92.50000                 39.500000                  4.949747                      NaN                      NaN       635000.000000       230651.251893           525000.0           755000.0  156.666667   43.661577     136.00     179.50         3       0         150000.0            230000.0       43.50         1.000000           100.000000
         American Indian or Alaska Native      Female Not Hispanic or Latino           4    422500.000000    180623.918682        355000.0        527500.0                89.280000                 9.976987                86.25000                95.53000                 47.000000                  1.414214                     46.0                     47.5       475000.000000       191311.264697           442500.0           572500.0  127.250000   55.667914     111.25     156.50         4       0         172500.0            130000.0       45.25         1.000000           100.000000
         American Indian or Alaska Native        Male     Hispanic or Latino          12    438333.333333    171799.742477        302500.0        525000.0                80.565750                19.504737                73.66250                95.00000                 43.777778                  1.855921                      NaN                      NaN       571666.666667       251480.464932           377500.0           652500.0  133.000000   53.161846      89.00     177.00         9       3         222500.0            275000.0       88.00         0.750000            75.000000
         American Indian or Alaska Native        Male Not Hispanic or Latino           5    597000.000000    197661.326516        495000.0        725000.0                86.162400                 8.236136                80.00000                93.08200                 44.666667                  6.658328                      NaN                      NaN       699000.000000       241412.510032           515000.0           895000.0  186.800000   74.784357     153.00     226.00         5       0         230000.0            380000.0       73.00         1.000000           100.000000
                                    Asian      Female     Hispanic or Latino           6    535000.000000    332866.339542        370000.0        787500.0                72.032500                31.361861                76.25000                89.14625                 43.000000                  4.618802                      NaN                      NaN       785000.000000       330877.620881           520000.0           995000.0  228.333333  159.275443     128.50     275.50         5       1         417500.0            475000.0      147.00         0.833333            83.333333
                                    Asian      Female Not Hispanic or Latino         278    563453.237410    219627.473343        405000.0        685000.0                70.823336                18.948635                59.82675                80.00000                 43.859296                  4.057703                      NaN                      NaN       853669.064748       418811.312356           597500.0          1002500.0  191.726619  177.410853     120.50     211.00       265      13         280000.0            405000.0       90.50         0.953237            95.323741
                                    Asian        Male     Hispanic or Latino           9    592777.777778    283450.955977        415000.0        665000.0                82.257889                10.590127                80.00000                85.00000                 44.714286                  3.903600                      NaN                      NaN       765000.000000       468321.470787           525000.0           825000.0  145.444444   62.859190     104.00     161.00         8       1         250000.0            300000.0       57.00         0.888889            88.888889
                                    Asian        Male Not Hispanic or Latino         369    639905.149051    249732.583500        455000.0        785000.0                74.140512                17.296116                68.03000                85.00000                 43.592453                  4.198658                      NaN                      NaN       919661.246612       440319.741334           635000.0          1175000.0  207.490515  131.324195     136.00     245.00       346      23         330000.0            540000.0      109.00         0.937669            93.766938
                Black or African American      Female     Hispanic or Latino           5    519000.000000    103826.778819        465000.0        505000.0                86.129200                12.707063                80.00000                95.00000                 43.800000                  4.438468                     45.0                     46.0       715000.000000       199624.647777           585000.0           855000.0  145.200000   53.964803     118.00     137.00         5       0          40000.0            270000.0       19.00         1.000000           100.000000
                Black or African American      Female Not Hispanic or Latino          34    477352.941176    181041.746793        345000.0        595000.0                84.481353                17.579246                80.00000                95.00000                 44.838710                  3.813107                      NaN                      NaN       596764.705882       172529.674009           505000.0           682500.0  142.058824   64.265048      96.25     179.25        32       2         250000.0            177500.0       83.00         0.941176            94.117647
                Black or African American        Male     Hispanic or Latino           2    420000.000000     49497.474683        402500.0        437500.0                88.500000                12.020815                84.25000                92.75000                 45.000000                  5.656854                     43.0                     47.0       475000.000000        14142.135624           470000.0           480000.0  102.500000   16.263456      96.75     108.25         1       1          35000.0             10000.0       11.50         0.500000            50.000000
                Black or African American        Male Not Hispanic or Latino          39    506538.461538    283433.260143        325000.0        645000.0                83.256846                18.477878                80.00000                95.00000                 44.290323                  3.883242                      NaN                      NaN       679358.974359       318522.864352           540000.0           745000.0  190.128205  136.359660      93.50     248.50        33       6         320000.0            205000.0      155.00         0.846154            84.615385
Native Hawaiian or Other Pacific Islander      Female     Hispanic or Latino           1    445000.000000              NaN        445000.0        445000.0                90.000000                      NaN                90.00000                90.00000                 39.000000                       NaN                     39.0                     39.0       495000.000000                 NaN           495000.0           495000.0  207.000000         NaN     207.00     207.00         1       0              0.0                 0.0        0.00         1.000000           100.000000
Native Hawaiian or Other Pacific Islander      Female Not Hispanic or Latino           1    465000.000000              NaN        465000.0        465000.0                82.163000                      NaN                82.16300                82.16300                       NaN                       NaN                      NaN                      NaN       565000.000000                 NaN           565000.0           565000.0  160.000000         NaN     160.00     160.00         1       0              0.0                 0.0        0.00         1.000000           100.000000
                                    White      Female     Hispanic or Latino         154    422922.077922    187357.528703        295000.0        542500.0                83.223942                15.290116                80.00000                95.00000                 44.572650                  4.037147                      NaN                      NaN       521623.376623       212206.647279           367500.0           642500.0  136.649351  143.961938      78.25     158.25       143      11         247500.0            275000.0       80.00         0.928571            92.857143
                                    White      Female Not Hispanic or Latino         360    454861.111111    222749.925707        305000.0        585000.0                69.439431                21.273342                54.91550                84.99250                 44.225092                  4.038367                      NaN                      NaN       702666.666667       382458.110292           465000.0           845000.0  169.583333  162.877464      93.75     188.00       334      26         280000.0            380000.0       94.25         0.927778            92.777778
                                    White        Male     Hispanic or Latino         261    458333.333333    205441.363523        325000.0        565000.0                82.873031                17.983859                80.00000                95.00000                 44.580000                  3.788849                      NaN                      NaN       581743.295019       278094.697490           405000.0           705000.0  144.670498  150.390845      87.00     175.00       229      32         240000.0            300000.0       88.00         0.877395            87.739464
                                    White        Male Not Hispanic or Latino         449    569654.788419    255871.983775        375000.0        735000.0                75.002356                17.697490                67.74200                88.14900                 43.537705                  4.046529                      NaN                      NaN       800389.755011       404278.338505           535000.0          1005000.0  252.946548  639.515945     113.00     256.00       426      23         360000.0            470000.0      143.00         0.948775            94.877506