                             derived_race derived_sex      derived_ethnicity  total_apps  avg_loan_amount  std_loan_amount  Q1_loan_amount  Q3_loan_amount  avg_loan_to_value_ratio  std_loan_to_value_ratio  Q1_loan_to_value_ratio  Q3_loan_to_value_ratio  avg_debt_to_income_ratio  std_debt_to_income_ratio  Q1_debt_to_income_ratio  Q3_debt_to_income_ratio  avg_property_value  std_property_value  Q1_property_value  Q3_property_value  avg_income  std_income  Q1_income  Q3_income  accepted  denied  iqr_loan_amount  iqr_property_value  iqr_income  acceptance_rate  acceptance_rate_pct
                 2 or more minority races      Female     Hispanic or Latino           2    620000.000000     21213.203436        612500.0        627500.0                82.687000                 3.799992                81.34350                 84.0305                 47.000000                  2.828427                     46.0                     48.0        7.450000e+05        56568.542495           725000.0           765000.0  137.000000    1.414214     136.50     137.50         2       0          15000.0             40000.0        1.00         1.000000           100.000000
                 2 or more minority races      Female Not Hispanic or Latino           7    543571.428571    176958.429339        405000.0        715000.0                82.040714                19.667188                67.50000                 97.4345                 44.800000                  2.774887                      NaN                      NaN        8.121429e+05       326890.108228           625000.0           940000.0  149.285714   46.287919     113.50     178.50         7       0         310000.0            315000.0       65.00         1.000000           100.000000
                 2 or more minority races        Male     Hispanic or Latino           1    205000.000000              NaN        205000.0        205000.0                66.670000                      NaN                66.67000                 66.6700                       NaN                       NaN                      NaN                      NaN        3.050000e+05                 NaN           305000.0           305000.0   23.000000         NaN      23.00      23.00         0       1              0.0                 0.0        0.00         0.000000             0.000000
                 2 or more minority races        Male Not Hispanic or Latino           1    195000.000000              NaN        195000.0        195000.0                97.000000                      NaN                97.00000                 97.0000                 46.000000                       NaN                     46.0                     46.0        2.050000e+05                 NaN           205000.0           205000.0   60.000000         NaN      60.00      60.00         0       1              0.0                 0.0        0.00         0.000000             0.000000
         American Indian or Alaska Native      Female     Hispanic or Latino           4    347500.000000    116153.633894        267500.0        445000.0                61.308000                29.704260                43.72150                 82.5865                 46.000000                  0.000000                      NaN                      NaN        6.625000e+05       280401.497856           495000.0           887500.0  112.000000   29.810513      94.75     119.75         4       0         177500.0            392500.0       25.00         1.000000           100.000000
         American Indian or Alaska Native        Male     Hispanic or Latino           9    345000.000000    138383.525031        275000.0        405000.0                86.461222                 9.184045                80.00000                 95.0000                 45.800000                  3.114482                      NaN                      NaN        4.016667e+05       148744.747806           305000.0           505000.0  101.333333   28.827071      76.00     110.00         8       1         130000.0            200000.0       34.00         0.888889            88.888889
         American Indian or Alaska Native        Male Not Hispanic or Latino           2    680000.000000    219203.102168        602500.0        757500.0                92.500000                 3.535534                91.25000                 93.7500                 49.000000                  0.000000                     49.0                     49.0        7.400000e+05       261629.509039           647500.0           832500.0  226.000000   57.982756     205.50     246.50         2       0         155000.0            185000.0       41.00         1.000000           100.000000
                                    Asian      Female     Hispanic or Latino           7    580714.285714    125147.531985        485000.0        640000.0                74.956571                18.671719                68.94050                 85.0000                 45.200000                  3.033150                      NaN                      NaN        7.992857e+05       167118.435334           730000.0           860000.0  181.285714   62.264796     155.50     206.00         7       0         155000.0            130000.0       50.50         1.000000           100.000000
                                    Asian      Female Not Hispanic or Latino         235    544914.893617    226581.793102        375000.0        665000.0                71.516906                19.215018                61.08250                 80.0000                 44.207317                  4.085701                      NaN                      NaN        8.227021e+05       393267.916925           545000.0           985000.0  186.344681  140.354482     111.50     218.00       216      19         290000.0            440000.0      106.50         0.919149            91.914894
                                    Asian        Male     Hispanic or Latino           9    427222.222222    188067.659220        275000.0        575000.0                81.993556                13.341672                74.98300                 95.0000                 43.600000                  3.781534                      NaN                      NaN        5.250000e+05       213658.606192           395000.0           645000.0  394.000000  754.388163     111.00     210.00         9       0         300000.0            250000.0       99.00         1.000000           100.000000
                                    Asian        Male Not Hispanic or Latino         393    643549.618321    241834.365660        455000.0        805000.0                73.945722                17.501988                66.65700                 85.0000                 43.437276                  3.900126                      NaN                      NaN        9.147455e+05       388356.606041           635000.0          1105000.0  199.137405  105.634533     130.00     242.00       357      36         350000.0            470000.0      112.00         0.908397            90.839695
                Black or African American      Female     Hispanic or Latino           1    905000.000000              NaN        905000.0        905000.0                75.000000                      NaN                75.00000                 75.0000                 42.000000                       NaN                     42.0                     42.0        1.205000e+06                 NaN          1205000.0          1205000.0  230.000000         NaN     230.00     230.00         1       0              0.0                 0.0        0.00         1.000000           100.000000
                Black or African American      Female Not Hispanic or Latino          34    516470.588235    261848.121060        345000.0        742500.0                85.380706                15.391491                80.00000                 95.0000                 45.086957                  3.579145                      NaN                      NaN        6.564706e+05       256847.229124           487500.0           882500.0  172.500000   84.707786     113.00     219.50        30       4         397500.0            395000.0      106.50         0.882353            88.235294
                Black or African American        Male     Hispanic or Latino           3    611666.666667    227449.628123        485000.0        705000.0                86.666667                10.408330                82.50000                 92.5000                 45.000000                  2.645751                     43.5                     46.0        7.216667e+05       245017.006212           600000.0           845000.0  214.333333  121.763432     147.00     265.50         3       0         220000.0            245000.0      118.50         1.000000           100.000000
                Black or African American        Male Not Hispanic or Latino          37    558783.783784    217643.328909        345000.0        755000.0                78.996730                19.974435                73.00500                 94.0000                 43.000000                  4.784233                      NaN                      NaN        7.179730e+05       229224.112374           545000.0           845000.0  172.216216   82.596790     122.00     184.00        32       5         410000.0            300000.0       62.00         0.864865            86.486486
Native Hawaiian or Other Pacific Islander      Female     Hispanic or Latino           1    355000.000000              NaN        355000.0        355000.0                95.900000                      NaN                95.90000                 95.9000                       NaN                       NaN                      NaN                      NaN        3.650000e+05                 NaN           365000.0           365000.0  120.000000         NaN     120.00     120.00         0       1              0.0                 0.0        0.00         0.000000             0.000000
Native Hawaiian or Other Pacific Islander      Female Not Hispanic or Latino           1    515000.000000              NaN        515000.0        515000.0                90.000000                      NaN                90.00000                 90.0000                 48.000000                       NaN                     48.0                     48.0        5.750000e+05                 NaN           575000.0           575000.0  175.000000         NaN     175.00     175.00         1       0              0.0                 0.0        0.00         1.000000           100.000000
Native Hawaiian or Other Pacific Islander        Male     Hispanic or Latino           4    335000.000000     80829.037687        280000.0        370000.0                91.250000                 8.539126                87.50000                 96.2500                 43.500000                  7.778175                      NaN                      NaN        3.825000e+05       131244.047484           302500.0           430000.0  127.750000  114.342687      70.25     132.50         2       2          90000.0            127500.0       62.25         0.500000            50.000000
Native Hawaiian or Other Pacific Islander        Male Not Hispanic or Latino           2    405000.000000    424264.068712        255000.0        555000.0                91.000000                 8.485281                88.00000                 94.0000                 40.000000                       NaN                      NaN                      NaN        4.250000e+05       424264.068712           275000.0           575000.0  159.000000   53.740115     140.00     178.00         1       1         300000.0            300000.0       38.00         0.500000            50.000000
                                    White      Female     Hispanic or Latino         183    423087.431694    195639.703058        295000.0        565000.0                80.816066                19.528616                75.32000                 95.0000                 44.335821                  3.922068                      NaN                      NaN        5.600273e+05       262196.709808           395000.0           690000.0  140.071038  143.252449      80.50     168.50       157      26         270000.0            295000.0       88.00         0.857923            85.792350
                                    White      Female Not Hispanic or Latino         336    470625.000000    239979.282377        285000.0        617500.0                70.836890                21.025359                57.78575                 85.0000                 43.936255                  4.022427                      NaN                      NaN        6.936012e+05       334709.687348           455000.0           855000.0  164.029762  107.270946      91.75     206.25       313      23         332500.0            400000.0      114.50         0.931548            93.154762
                                    White        Male     Hispanic or Latino         277    465252.707581    218998.728658        315000.0        585000.0                82.374462                16.318618                80.00000                 95.0000                 44.304569                  3.900370                      NaN                      NaN        5.950361e+05       288158.192005           395000.0           745000.0  146.787004  117.504061      90.00     165.00       256      21         270000.0            350000.0       75.00         0.924188            92.418773
                                    White        Male Not Hispanic or Latino         451    553492.239468    235165.070738        370000.0        710000.0                74.893142                18.024896                67.99500                 89.9240                 43.335664                  3.830522                      NaN                      NaN        7.809424e+05       374095.871554           525000.0           965000.0  219.860310  226.440555     124.50     249.00       425      26         340000.0            440000.0      124.50         0.942350            94.235033