                             derived_race derived_sex      derived_ethnicity  total_apps  avg_loan_amount  std_loan_amount  Q1_loan_amount  Q3_loan_amount  avg_loan_to_value_ratio  std_loan_to_value_ratio  Q1_loan_to_value_ratio  Q3_loan_to_value_ratio  avg_debt_to_income_ratio  std_debt_to_income_ratio  Q1_debt_to_income_ratio  Q3_debt_to_income_ratio  avg_property_value  std_property_value  Q1_property_value  Q3_property_value  avg_income  std_income  Q1_income  Q3_income  accepted  denied  iqr_loan_amount  iqr_property_value  iqr_income  acceptance_rate  acceptance_rate_pct
                 2 or more minority races      Female     Hispanic or Latino           1    335000.000000              NaN        335000.0        335000.0                95.000000                      NaN                95.00000                95.00000                 48.000000                       NaN                    48.00                    48.00        3.550000e+05                 NaN           355000.0           355000.0   68.000000         NaN      68.00      68.00         1       0              0.0                 0.0        0.00         1.000000           100.000000
                 2 or more minority races      Female Not Hispanic or Latino           2    435000.000000     56568.542495        415000.0        455000.0                73.651000                10.675898                69.87650                77.42550                 47.000000                       NaN                      NaN                      NaN        8.900000e+05       417193.000900           742500.0          1037500.0  168.500000  109.601551     129.75     207.25         1       1          40000.0            295000.0       77.50         0.500000            50.000000
                 2 or more minority races        Male     Hispanic or Latino           1    555000.000000              NaN        555000.0        555000.0                95.000000                      NaN                95.00000                95.00000                 43.000000                       NaN                    43.00                    43.00        5.850000e+05                 NaN           585000.0           585000.0  132.000000         NaN     132.00     132.00         1       0              0.0                 0.0        0.00         1.000000           100.000000
                 2 or more minority races        Male Not Hispanic or Latino           6    443333.333333    264077.008970        247500.0        632500.0                87.222833                 9.521923                79.42800                95.06075                 46.666667                  3.011091                    46.25                    48.75        5.283333e+05       344247.972640           282500.0           685000.0  106.333333   58.793424      70.00     144.50         4       2         385000.0            402500.0       74.50         0.666667            66.666667
         American Indian or Alaska Native      Female     Hispanic or Latino           1    875000.000000              NaN        875000.0        875000.0                80.000000                      NaN                80.00000                80.00000                 44.000000                       NaN                    44.00                    44.00        1.095000e+06                 NaN          1095000.0          1095000.0  744.000000         NaN     744.00     744.00         1       0              0.0                 0.0        0.00         1.000000           100.000000
         American Indian or Alaska Native      Female Not Hispanic or Latino           3    315000.000000    185202.591775        245000.0        420000.0                79.166667                16.266018                71.25000                87.50000                 44.000000                  5.656854                      NaN                      NaN        3.816667e+05       205993.527406           285000.0           490000.0  120.333333   34.063666     110.50     140.00         3       0         175000.0            205000.0       29.50         1.000000           100.000000
         American Indian or Alaska Native        Male     Hispanic or Latino          11    410454.545455    168188.206267        300000.0        555000.0                80.999727                17.677604                80.00000                93.96650                 43.250000                  3.882194                      NaN                      NaN        5.122727e+05       174303.810004           410000.0           640000.0  127.090909   36.311030      93.50     156.00        11       0         255000.0            230000.0       62.50         1.000000           100.000000
         American Indian or Alaska Native        Male Not Hispanic or Latino           5    591000.000000    258031.005889        385000.0        765000.0                75.542600                24.386745                75.00000                93.81200                 43.333333                  4.041452                      NaN                      NaN        8.510000e+05       317064.662175           875000.0           995000.0  211.400000  193.722224      79.00     204.00         4       1         380000.0            120000.0      125.00         0.800000            80.000000
                                    Asian      Female     Hispanic or Latino           6    480000.000000    126134.848476        410000.0        537500.0                82.743333                 8.734945                80.00000                86.84500                 44.600000                  3.361547                      NaN                      NaN        5.850000e+05       148593.404968           527500.0           620000.0  113.500000   40.381927      89.50     117.00         6       0         127500.0             92500.0       27.50         1.000000           100.000000
                                    Asian      Female Not Hispanic or Latino         208    584230.769231    218383.133197        415000.0        725000.0                70.932904                19.082421                59.71250                85.00000                 43.637500                  4.151968                      NaN                      NaN        8.972596e+05       479340.519089           592500.0          1075000.0  176.990385   93.153916     117.00     218.25       198      10         310000.0            482500.0      101.25         0.951923            95.192308
                                    Asian        Male     Hispanic or Latino          11    563181.818182    165095.013966        425000.0        720000.0                79.416727                 8.361445                75.39500                80.00000                 42.666667                  2.828427                      NaN                      NaN        7.268182e+05       263242.024830           550000.0           925000.0  178.818182   78.776669     128.00     228.50        11       0         295000.0            375000.0      100.50         1.000000           100.000000
                                    Asian        Male Not Hispanic or Latino         376    633005.319149    236136.706108        455000.0        765000.0                72.950574                18.368674                65.00000                85.00000                 43.655303                  4.030130                      NaN                      NaN        9.334574e+05       450768.544656           655000.0          1125000.0  207.936170  158.027006     129.75     236.00       337      39         310000.0            470000.0      106.25         0.896277            89.627660
                Black or African American      Female     Hispanic or Latino           5    499000.000000    104307.238483        465000.0        505000.0                85.244000                15.146909                84.70600                95.00000                 46.600000                  4.277850                    48.00                    49.00        6.010000e+05       176861.527755           485000.0           725000.0  162.800000   80.871503     134.00     153.00         5       0          40000.0            240000.0       19.00         1.000000           100.000000
                Black or African American      Female Not Hispanic or Latino          45    474111.111111    206252.517585        315000.0        595000.0                84.930333                16.066256                80.00000                95.00000                 43.777778                  4.542568                      NaN                      NaN        6.074444e+05       213021.078295           435000.0           715000.0  149.022222   73.885196      98.00     180.00        39       6         280000.0            280000.0       82.00         0.866667            86.666667
                Black or African American        Male     Hispanic or Latino           2    585000.000000    296984.848098        480000.0        690000.0                92.055500                 2.906916                91.02775                93.08325                 45.000000                       NaN                      NaN                      NaN        6.300000e+05       304055.915910           522500.0           737500.0  198.000000   79.195959     170.00     226.00         1       1         210000.0            215000.0       56.00         0.500000            50.000000
                Black or African American        Male Not Hispanic or Latino          27    523148.148148    228204.311916        365000.0        655000.0                83.630222                19.243197                80.00000                95.99200                 44.458333                  4.032252                      NaN                      NaN        7.368519e+05       746066.799634           465000.0           765000.0  137.407407   74.023000      85.50     145.50        25       2         290000.0            300000.0       60.00         0.925926            92.592593
Native Hawaiian or Other Pacific Islander      Female Not Hispanic or Latino           3    565000.000000    104403.065089        505000.0        600000.0                81.176667                13.273740                74.26500                87.49950                 43.000000                       NaN                      NaN                      NaN        7.050000e+05       155241.746963           630000.0           785000.0  195.666667   86.904162     145.50     221.50         3       0          95000.0            155000.0       76.00         1.000000           100.000000
Native Hawaiian or Other Pacific Islander        Male     Hispanic or Latino           2    305000.000000     56568.542495        285000.0        325000.0                59.697000                28.712778                49.54550                69.84850                 38.000000                       NaN                      NaN                      NaN        5.500000e+05       162634.559673           492500.0           607500.0  125.000000   39.597980     111.00     139.00         2       0          40000.0            115000.0       28.00         1.000000           100.000000
Native Hawaiian or Other Pacific Islander        Male Not Hispanic or Latino           3    571666.666667    106926.766216        510000.0        605000.0                67.486333                19.071702                61.22950                78.46150                 39.000000                       NaN                      NaN                      NaN        8.850000e+05       235159.520326           765000.0          1000000.0  158.333333    4.932883     155.50     160.00         2       1          95000.0            235000.0        4.50         0.666667            66.666667
                                    White      Female     Hispanic or Latino         162    428395.061728    206563.612930        295000.0        532500.0                81.041190                17.755143                75.00000                95.00000                 44.398438                  4.070907                      NaN                      NaN        5.486420e+05       244499.123378           385000.0           665000.0  133.864198   77.348651      80.25     161.00       152      10         237500.0            280000.0       80.75         0.938272            93.827160
                                    White      Female Not Hispanic or Latino         362    472790.055249    255924.980591        295000.0        625000.0                68.999424                21.893321                53.80875                85.00000                 44.038911                  3.769538                      NaN                      NaN        7.274033e+05       398492.342631           485000.0           882500.0  162.154696  125.994342      91.00     200.00       336      26         330000.0            397500.0      109.00         0.928177            92.817680
                                    White        Male     Hispanic or Latino         280    461785.714286    182545.787872        345000.0        585000.0                82.674882                16.032047                77.31325                95.00000                 43.942584                  3.836384                      NaN                      NaN        5.805714e+05       249418.740558           425000.0           705000.0  158.132143  223.212229      88.75     168.00       250      30         240000.0            280000.0       79.25         0.892857            89.285714
                                    White        Male Not Hispanic or Latino         478    553577.405858    254663.145930        375000.0        712500.0                73.767366                18.288323                65.26175                85.00000                 43.753247                  3.931517                      NaN                      NaN        8.030962e+05       444925.187628           535000.0           975000.0  209.757322  165.811137     116.00     247.75       449      29         337500.0            440000.0      131.75         0.939331            93.933054