                             derived_race derived_sex      derived_ethnicity  total_apps  avg_loan_amount  std_loan_amount  Q1_loan_amount  Q3_loan_amount  avg_loan_to_value_ratio  std_loan_to_value_ratio  Q1_loan_to_value_ratio  Q3_loan_to_value_ratio  avg_debt_to_income_ratio  std_debt_to_income_ratio  Q1_debt_to_income_ratio  Q3_debt_to_income_ratio  avg_property_value  std_property_value  Q1_property_value  Q3_property_value  avg_income  std_income  Q1_income  Q3_income  accepted  denied  iqr_loan_amount  iqr_property_value  iqr_income  acceptance_rate  acceptance_rate_pct
                 2 or more minority races      Female     Hispanic or Latino           2    340000.000000    247487.373415        252500.0        427500.0                99.140000                 3.026417                98.07000               100.21000                 48.000000                       NaN                      NaN                      NaN        3.500000e+05       261629.509039           257500.0           442500.0   88.000000   48.083261      71.00     105.00         1       1         175000.0            185000.0       34.00         0.500000            50.000000
                 2 or more minority races      Female Not Hispanic or Latino           4    490000.000000    233595.091273        370000.0        560000.0                82.050000                 5.762812                79.65000                84.50000                 43.000000                  7.071068                      NaN                      NaN        7.825000e+05       413632.284362           467500.0          1110000.0  122.000000   84.585263      80.00     135.00         2       2         190000.0            642500.0       55.00         0.500000            50.000000
                 2 or more minority races        Male     Hispanic or Latino           3    305000.000000    229128.784748        205000.0        430000.0                60.829667                17.551652                53.05950                70.34800                 40.500000                  4.949747                      NaN                      NaN        5.683333e+05       437302.336300           425000.0           820000.0  111.000000   73.627441      73.00     146.50         3       0         225000.0            395000.0       73.50         1.000000           100.000000
                 2 or more minority races        Male Not Hispanic or Latino           3    378333.333333    208406.653765        265000.0        470000.0                76.666667                22.188586                66.50000                88.50000                 42.500000                  4.949747                      NaN                      NaN        5.316667e+05       289194.283023           420000.0           695000.0  130.000000   61.441029     107.50     165.00         2       1         205000.0            275000.0       57.50         0.666667            66.666667
         American Indian or Alaska Native      Female     Hispanic or Latino           7    442142.857143    164287.784666        340000.0        510000.0                80.812571                18.920345                71.39950                92.50000                 44.500000                  2.588436                      NaN                      NaN        5.592857e+05       197556.501864           420000.0           715000.0  137.428571   69.195031      94.50     160.50         7       0         170000.0            295000.0       66.00         1.000000           100.000000
         American Indian or Alaska Native      Female Not Hispanic or Latino           5    491000.000000    182016.482770        435000.0        595000.0                86.000000                12.449900                75.00000                95.00000                 47.000000                  1.825742                      NaN                      NaN        5.810000e+05       253239.017531           465000.0           625000.0  167.200000   91.737124     114.00     232.00         5       0         160000.0            160000.0      118.00         1.000000           100.000000
         American Indian or Alaska Native        Male     Hispanic or Latino          12    395000.000000    199362.620733        265000.0        515000.0                88.933250                11.930202                88.75000                95.00000                 44.625000                  4.867898                      NaN                      NaN        4.433333e+05       206698.433531           330000.0           565000.0  119.000000   62.701312      79.00     149.25        11       1         250000.0            235000.0       70.25         0.916667            91.666667
         American Indian or Alaska Native        Male Not Hispanic or Latino           7    337857.142857    135611.489891        230000.0        440000.0                57.358429                22.628966                35.18750                77.36500                 48.000000                  1.414214                      NaN                      NaN        9.164286e+05       960684.279935           430000.0           880000.0  193.714286  217.371966      67.50     214.50         4       3         210000.0            450000.0      147.00         0.571429            57.142857
                                    Asian      Female     Hispanic or Latino           8    533750.000000    277047.571985        345000.0        597500.0                77.003875                15.735385                74.08025                84.75000                 44.333333                  4.718757                      NaN                      NaN        6.975000e+05       353502.879358           497500.0           730000.0  151.625000  106.731890      97.75     153.00         8       0         252500.0            232500.0       55.25         1.000000           100.000000
                                    Asian      Female Not Hispanic or Latino         215    578023.255814    224648.582096        415000.0        710000.0                72.839316                17.936988                64.39050                83.80000                 43.682119                  4.205347                      NaN                      NaN        8.366744e+05       392469.995337           605000.0           995000.0  186.976744  102.016053     122.50     223.50       194      21         295000.0            390000.0      101.00         0.902326            90.232558
                                    Asian        Male     Hispanic or Latino          11    545000.000000    142758.537398        435000.0        625000.0                85.642818                 5.884436                80.00000                90.00000                 44.333333                  4.358899                      NaN                      NaN        6.531818e+05       183946.632577           540000.0           735000.0  176.818182   78.410227     125.00     209.00        11       0         190000.0            195000.0       84.00         1.000000           100.000000
                                    Asian        Male Not Hispanic or Latino         415    644951.807229    242858.376237        465000.0        785000.0                73.636853                16.718555                65.00000                80.91800                 43.731707                  3.729649                      NaN                      NaN        9.268795e+05       418538.791211           635000.0          1175000.0  210.130120  158.049119     129.00     242.50       377      38         320000.0            540000.0      113.50         0.908434            90.843373
                Black or African American      Female     Hispanic or Latino           2    555000.000000    212132.034356        480000.0        630000.0                86.505500                 4.941969                84.75825                88.25275                 41.000000                  4.242641                     39.5                     42.5        6.450000e+05       282842.712475           545000.0           745000.0  189.000000   25.455844     180.00     198.00         2       0         150000.0            200000.0       18.00         1.000000           100.000000
                Black or African American      Female Not Hispanic or Latino          46    465217.391304    262521.864744        280000.0        592500.0                88.190500                37.164807                80.00000                97.00000                 43.714286                  4.250117                      NaN                      NaN        6.239130e+05       311720.874151           427500.0           797500.0  181.478261  257.261194      89.75     184.75        39       7         312500.0            370000.0       95.00         0.847826            84.782609
                Black or African American        Male     Hispanic or Latino           2    355000.000000    127279.220614        310000.0        400000.0                82.500000                10.606602                78.75000                86.25000                 43.000000                       NaN                      NaN                      NaN        4.450000e+05       212132.034356           370000.0           520000.0   99.500000   54.447222      80.25     118.75         2       0          90000.0            150000.0       38.50         1.000000           100.000000
                Black or African American        Male Not Hispanic or Latino          30    503333.333333    234154.139232        345000.0        622500.0                82.720167                17.037459                76.25000                95.00000                 45.157895                  4.219836                      NaN                      NaN        6.240000e+05       247405.154241           507500.0           745000.0  246.866667  324.184040      97.50     242.75        25       5         277500.0            237500.0      145.25         0.833333            83.333333
Native Hawaiian or Other Pacific Islander      Female     Hispanic or Latino           1    365000.000000              NaN        365000.0        365000.0                31.030000                      NaN                31.03000                31.03000                 47.000000                       NaN                     47.0                     47.0        1.165000e+06                 NaN          1165000.0          1165000.0  344.000000         NaN     344.00     344.00         0       1              0.0                 0.0        0.00         0.000000             0.000000
Native Hawaiian or Other Pacific Islander      Female Not Hispanic or Latino           6    660000.000000    322722.791262        402500.0        795000.0                74.866167                19.575513                69.84500                87.24125                 43.000000                  4.163332                      NaN                      NaN        9.166667e+05       465335.004773           797500.0           967500.0  119.500000   79.620977      74.50     170.25         4       2         392500.0            170000.0       95.75         0.666667            66.666667
                                    White      Female     Hispanic or Latino         149    469228.187919    191230.656001        335000.0        585000.0                79.717329                18.483512                72.48000                95.00000                 44.544643                  3.755808                      NaN                      NaN        6.179530e+05       231156.035272           445000.0           755000.0  180.436242  336.498129      92.00     171.00       137      12         250000.0            310000.0       79.00         0.919463            91.946309
                                    White      Female Not Hispanic or Latino         321    470981.308411    246554.481098        305000.0        615000.0                70.071047                21.478441                55.88000                85.00000                 43.394495                  4.433884                      NaN                      NaN        7.087695e+05       371094.407382           465000.0           895000.0  169.492212  180.036057      93.00     193.00       305      16         310000.0            430000.0      100.00         0.950156            95.015576
                                    White        Male     Hispanic or Latino         266    498571.428571    214561.484726        345000.0        635000.0                83.057650                14.894484                80.00000                95.00000                 44.140000                  3.955837                      NaN                      NaN        6.210150e+05       295427.901621           427500.0           755000.0  166.375940  148.600521      98.00     186.00       247      19         290000.0            327500.0       88.00         0.928571            92.857143
                                    White        Male Not Hispanic or Latino         485    548237.113402    255889.381334        365000.0        715000.0                73.940771                19.527769                64.10300                90.00000                 44.035032                  3.981031                      NaN                      NaN        8.110825e+05       488276.520146           525000.0           985000.0  228.521649  395.962712     114.00     229.00       456      29         350000.0            460000.0      115.00         0.940206            94.020619