                             derived_race derived_sex      derived_ethnicity  total_apps  avg_loan_amount  std_loan_amount  Q1_loan_amount  Q3_loan_amount  avg_loan_to_value_ratio  std_loan_to_value_ratio  Q1_loan_to_value_ratio  Q3_loan_to_value_ratio  avg_debt_to_income_ratio  std_debt_to_income_ratio  Q1_debt_to_income_ratio  Q3_debt_to_income_ratio  avg_property_value  std_property_value  Q1_property_value  Q3_property_value  avg_income  std_income  Q1_income  Q3_income  accepted  denied  iqr_loan_amount  iqr_property_value  iqr_income  acceptance_rate  acceptance_rate_pct
                 2 or more minority races      Female     Hispanic or Latino           1    515000.000000              NaN        515000.0        515000.0                97.000000                      NaN                97.00000                97.00000                 48.000000                       NaN                    48.00                    48.00        5.350000e+05                 NaN           535000.0           535000.0  122.000000         NaN     122.00     122.00         1       0              0.0                 0.0        0.00         1.000000           100.000000
                 2 or more minority races      Female Not Hispanic or Latino           2    280000.000000    162634.559673        222500.0        337500.0                81.551000                21.848185                73.82650                89.27550                 47.000000                       NaN                      NaN                      NaN        3.800000e+05       304055.915910           272500.0           487500.0  123.000000   45.254834     107.00     139.00         2       0         115000.0            215000.0       32.00         1.000000           100.000000
                 2 or more minority races        Male     Hispanic or Latino           3    571666.666667    240069.434400        495000.0        710000.0                84.448667                16.063309                78.17300                93.50000                 43.333333                  4.932883                    40.50                    45.00        7.116667e+05       356978.057215           545000.0           900000.0  136.000000   46.130250     118.00     162.00         3       0         215000.0            355000.0       44.00         1.000000           100.000000
                 2 or more minority races        Male Not Hispanic or Latino           3    641666.666667    211266.025033        520000.0        710000.0                81.333333                15.044379                73.50000                88.50000                 42.000000                  0.000000                    42.00                    42.00        8.116667e+05       290057.465571           665000.0           955000.0  153.000000   45.077711     127.00     167.00         3       0         190000.0            290000.0       40.00         1.000000           100.000000
         American Indian or Alaska Native      Female     Hispanic or Latino           3    478333.333333     96090.235369        435000.0        530000.0                88.333333                10.408330                82.50000                92.50000                 43.500000                  3.535534                      NaN                      NaN        5.616667e+05       156311.654503           490000.0           645000.0  124.666667   14.571662     117.00     131.50         3       0          95000.0            155000.0       14.50         1.000000           100.000000
         American Indian or Alaska Native      Female Not Hispanic or Latino           1    385000.000000              NaN        385000.0        385000.0                95.000000                      NaN                95.00000                95.00000                 48.000000                       NaN                    48.00                    48.00        4.050000e+05                 NaN           405000.0           405000.0  140.000000         NaN     140.00     140.00         1       0              0.0                 0.0        0.00         1.000000           100.000000
         American Indian or Alaska Native        Male     Hispanic or Latino           6    345000.000000    198494.332413        217500.0        412500.0                76.903500                28.507026                61.40725                94.72750                 42.200000                  6.058052                      NaN                      NaN        4.950000e+05       266232.980677           360000.0           665000.0   95.666667   45.666910      71.00     132.00         5       1         195000.0            305000.0       61.00         0.833333            83.333333
         American Indian or Alaska Native        Male Not Hispanic or Latino           2    450000.000000     77781.745931        422500.0        477500.0                93.500000                 2.121320                92.75000                94.25000                 48.000000                       NaN                      NaN                      NaN        4.800000e+05        77781.745931           452500.0           507500.0  159.000000    0.000000     159.00     159.00         2       0          55000.0             55000.0        0.00         1.000000           100.000000
                                    Asian      Female     Hispanic or Latino           5    349000.000000    121367.211388        245000.0        395000.0                55.374000                17.305730                54.85300                55.99200                 39.000000                  3.464102                      NaN                      NaN        6.610000e+05       242960.902204           445000.0           715000.0  125.400000   43.809816      93.00     167.00         5       0         150000.0            270000.0       74.00         1.000000           100.000000
                                    Asian      Female Not Hispanic or Latino         228    552017.543860    214935.416279        395000.0        695000.0                70.908219                17.928936                60.06750                80.00000                 43.978022                  3.862207                      NaN                      NaN        8.127193e+05       334983.818631           575000.0           987500.0  180.447368  169.583792     110.75     196.75       217      11         300000.0            412500.0       86.00         0.951754            95.175439
                                    Asian        Male     Hispanic or Latino          11    516818.181818    153024.062279        460000.0        645000.0                74.570364                13.780356                64.96400                86.79650                 43.333333                  4.555217                      NaN                      NaN        7.595455e+05       167890.657058           685000.0           890000.0  192.181818   92.699318     131.50     249.00         8       3         185000.0            205000.0      117.50         0.727273            72.727273
                                    Asian        Male Not Hispanic or Latino         356    630758.426966    234563.395585        455000.0        765000.0                74.131395                16.290541                68.65225                82.48425                 43.685039                  3.871862                      NaN                      NaN        8.884551e+05       360612.351975           642500.0          1077500.0  206.117978  146.140864     133.75     237.00       331      25         310000.0            435000.0      103.25         0.929775            92.977528
                Black or African American      Female     Hispanic or Latino           1    355000.000000              NaN        355000.0        355000.0                70.400000                      NaN                70.40000                70.40000                       NaN                       NaN                      NaN                      NaN        5.050000e+05                 NaN           505000.0           505000.0   46.000000         NaN      46.00      46.00         0       1              0.0                 0.0        0.00         0.000000             0.000000
                Black or African American      Female Not Hispanic or Latino          52    480961.538462    220429.701705        342500.0        575000.0                78.929885                20.736874                70.00000                95.00000                 45.102564                  3.662002                      NaN                      NaN        6.603846e+05       257236.151047           472500.0           875000.0  158.173077   66.663251     121.00     186.50        49       3         232500.0            402500.0       65.50         0.942308            94.230769
                Black or African American        Male     Hispanic or Latino           2    530000.000000    162634.559673        472500.0        587500.0                89.778000                14.456091                84.66700                94.88900                 40.500000                  4.949747                    38.75                    42.25        6.700000e+05       205060.966544           597500.0           742500.0  131.000000   38.183766     117.50     144.50         1       1         115000.0            145000.0       27.00         0.500000            50.000000
                Black or African American        Male Not Hispanic or Latino          29    552586.206897    259183.541866        365000.0        675000.0                83.457690                15.675291                80.00000                95.00000                 44.454545                  4.160211                      NaN                      NaN        6.560345e+05       279991.643084           515000.0           825000.0  214.517241  314.456404      94.00     193.00        25       4         310000.0            310000.0       99.00         0.862069            86.206897
Native Hawaiian or Other Pacific Islander      Female Not Hispanic or Latino           2    385000.000000    141421.356237        335000.0        435000.0                89.165000                 5.890199                87.08250                91.24750                 48.000000                       NaN                      NaN                      NaN        4.400000e+05       190918.830920           372500.0           507500.0  103.000000   48.083261      86.00     120.00         1       1         100000.0            135000.0       34.00         0.500000            50.000000
Native Hawaiian or Other Pacific Islander        Male     Hispanic or Latino           3    468333.333333     95043.849529        420000.0        515000.0                89.720000                 9.144362                87.08000                94.99950                 40.333333                  4.509250                    38.00                    42.50        5.183333e+05        66583.281185           480000.0           540000.0  125.000000   50.239427      96.00     140.00         3       0          95000.0             60000.0       44.00         1.000000           100.000000
Native Hawaiian or Other Pacific Islander        Male Not Hispanic or Latino           2    900000.000000    261629.509039        807500.0        992500.0                94.209500                 1.117936                93.81425                94.60475                 41.500000                  7.778175                    38.75                    44.25        1.155000e+06       565685.424949           955000.0          1355000.0  298.500000  147.785317     246.25     350.75         2       0         185000.0            400000.0      104.50         1.000000           100.000000
                                    White      Female     Hispanic or Latino         180    433777.777778    186836.813916        305000.0        535000.0                80.146361                17.948540                70.00000                95.00000                 44.408451                  3.914249                      NaN                      NaN        5.655000e+05       261592.191895           382500.0           707500.0  141.416667  107.804700      82.75     161.00       165      15         230000.0            325000.0       78.25         0.916667            91.666667
                                    White      Female Not Hispanic or Latino         378    476216.931217    247623.399624        295000.0        615000.0                70.438867                21.552410                54.31075                87.09060                 43.599237                  3.963879                      NaN                      NaN        7.131481e+05       375111.313996           475000.0           872500.0  165.912698  132.101361     100.00     197.00       357      21         320000.0            397500.0       97.00         0.944444            94.444444
                                    White        Male     Hispanic or Latino         288    473437.500000    206189.899912        335000.0        605000.0                82.163788                16.472964                77.86575                95.00000                 44.279621                  3.758484                      NaN                      NaN        5.937847e+05       259973.696423           405000.0           735000.0  161.166667  130.135175      92.75     189.00       258      30         270000.0            330000.0       96.25         0.895833            89.583333
                                    White        Male Not Hispanic or Latino         442    567262.443439    253536.159213        377500.0        725000.0                73.980376                18.532323                65.30700                85.00000                 43.576512                  4.254663                      NaN                      NaN        8.135068e+05       423145.050206           535000.0          1035000.0  228.488688  266.151980     123.00     256.00       415      27         347500.0            500000.0      133.00         0.938914            93.891403