                             derived_race derived_sex      derived_ethnicity  total_apps  avg_loan_amount  std_loan_amount  Q1_loan_amount  Q3_loan_amount  avg_loan_to_value_ratio  std_loan_to_value_ratio  Q1_loan_to_value_ratio  Q3_loan_to_value_ratio  avg_debt_to_income_ratio  std_debt_to_income_ratio  Q1_debt_to_income_ratio  Q3_debt_to_income_ratio  avg_property_value  std_property_value  Q1_property_value  Q3_property_value  avg_income  std_income  Q1_income  Q3_income  accepted  denied  iqr_loan_amount  iqr_property_value  iqr_income  acceptance_rate  acceptance_rate_pct
                 2 or more minority races      Female     Hispanic or Latino           2    635000.000000    494974.746831        460000.0        810000.0                89.570000                13.534024                84.78500                94.35500                 41.500000                  0.707107                    41.25                    41.75       900000.000000       459619.407771           737500.0          1062500.0  172.000000  108.894444     133.50     210.50         2       0         350000.0            325000.0       77.00         1.000000           100.000000
                 2 or more minority races      Female Not Hispanic or Latino           2    395000.000000    183847.763109        330000.0        460000.0                79.500000                13.435029                74.75000                84.25000                 48.000000                       NaN                      NaN                      NaN       555000.000000       282842.712475           455000.0           655000.0  136.500000   68.589358     112.25     160.75         2       0         130000.0            200000.0       48.50         1.000000           100.000000
                 2 or more minority races        Male     Hispanic or Latino           1    175000.000000              NaN        175000.0        175000.0                95.000000                      NaN                95.00000                95.00000                       NaN                       NaN                      NaN                      NaN       185000.000000                 NaN           185000.0           185000.0  303.000000         NaN     303.00     303.00         1       0              0.0                 0.0        0.00         1.000000           100.000000
         American Indian or Alaska Native      Female     Hispanic or Latino           6    336666.666667    148110.319244        307500.0        375000.0                65.966667                28.227114                58.96075                80.00000                 45.000000                  3.082207                      NaN                      NaN       541666.666667       155520.631000           410000.0           682500.0   89.833333   29.267160      73.25      97.25         5       1          67500.0            272500.0       24.00         0.833333            83.333333
         American Indian or Alaska Native      Female Not Hispanic or Latino           5    551000.000000     88769.364085        465000.0        585000.0                87.220600                 7.746020                80.00000                93.10300                 45.000000                  4.582576                      NaN                      NaN       639000.000000       119079.805173           525000.0           725000.0  211.400000   70.734009     182.00     215.00         5       0         120000.0            200000.0       33.00         1.000000           100.000000
         American Indian or Alaska Native        Male     Hispanic or Latino           9    448333.333333    196405.193414        345000.0        545000.0                82.626333                11.184773                80.00000                89.63700                 44.833333                  3.188521                      NaN                      NaN       562777.777778       274671.520993           425000.0           685000.0  137.777778   57.755471      87.00     189.00         8       1         200000.0            260000.0      102.00         0.888889            88.888889
         American Indian or Alaska Native        Male Not Hispanic or Latino           7    560714.285714    248318.152300        505000.0        710000.0                86.238286                12.036017                79.99500                92.45900                 44.750000                  2.629956                      NaN                      NaN       720714.285714       176998.789342           685000.0           820000.0  217.571429  156.726787     163.50     226.00         7       0         205000.0            135000.0       62.50         1.000000           100.000000
                                    Asian      Female     Hispanic or Latino          10    526000.000000    191569.540608        372500.0        570000.0                79.183000                14.962586                80.00000                86.38000                 45.125000                  3.226564                      NaN                      NaN       677000.000000       237617.807039           492500.0           740000.0  165.900000  128.777543     108.00     160.00        10       0         197500.0            247500.0       52.00         1.000000           100.000000
                                    Asian      Female Not Hispanic or Latino         221    551606.334842    209494.573060        405000.0        675000.0                72.458380                17.223955                65.00000                80.00000                 43.716129                  4.023881                      NaN                      NaN       807669.683258       378205.841542           555000.0           955000.0  175.085973  108.754840     116.00     198.00       200      21         270000.0            400000.0       82.00         0.904977            90.497738
                                    Asian        Male     Hispanic or Latino          10    637000.000000    122183.832355        537500.0        745000.0                80.663600                10.654531                73.07175                89.98900                 46.500000                  3.505098                      NaN                      NaN       805000.000000       197371.617908           675000.0           962500.0  167.800000   45.435669     148.50     172.25        10       0         207500.0            287500.0       23.75         1.000000           100.000000
                                    Asian        Male Not Hispanic or Latino         370    638027.027027    239551.351940        455000.0        765000.0                73.855893                16.857802                65.01750                80.00000                 43.674074                  4.073360                      NaN                      NaN       917108.108108       416760.495698           635000.0          1125000.0  270.778378  738.377515     132.00     260.00       352      18         310000.0            490000.0      128.00         0.951351            95.135135
                Black or African American      Female     Hispanic or Latino           2    365000.000000    197989.898732        295000.0        435000.0                67.281500                42.028306                52.42225                82.14075                 49.000000                       NaN                      NaN                      NaN       560000.000000        49497.474683           542500.0           577500.0  121.500000   33.234019     109.75     133.25         2       0         140000.0             35000.0       23.50         1.000000           100.000000
                Black or African American      Female Not Hispanic or Latino          44    493863.636364    184406.223841        362500.0        637500.0                84.097955                15.213916                79.99750                95.00000                 44.972222                  4.081219                      NaN                      NaN       622954.545455       245750.672908           450000.0           777500.0  148.772727   75.918826     102.75     179.00        40       4         275000.0            327500.0       76.25         0.909091            90.909091
                Black or African American        Male     Hispanic or Latino           5    579000.000000    142933.550995        485000.0        735000.0                84.000000                10.246951                75.00000                95.00000                 46.250000                  1.500000                      NaN                      NaN       697000.000000       189525.723848           605000.0           765000.0  177.400000   74.345814     113.00     192.00         5       0         250000.0            160000.0       79.00         1.000000           100.000000
                Black or African American        Male Not Hispanic or Latino          37    545540.540541    195362.141589        385000.0        625000.0                82.211054                20.816476                80.00000                95.00000                 45.724138                  3.564673                      NaN                      NaN       742837.837838       419537.676332           505000.0           805000.0  228.216216  234.526134     113.00     275.00        34       3         240000.0            300000.0      162.00         0.918919            91.891892
Native Hawaiian or Other Pacific Islander      Female     Hispanic or Latino           2    335000.000000     28284.271247        325000.0        345000.0                91.450000                 6.293250                89.22500                93.67500                 47.000000                       NaN                      NaN                      NaN       365000.000000            0.000000           365000.0           365000.0   97.500000   31.819805      86.25     108.75         1       1          20000.0                 0.0       22.50         0.500000            50.000000
Native Hawaiian or Other Pacific Islander      Female Not Hispanic or Latino           3    481666.666667    299054.064231        320000.0        615000.0                65.512333                34.121950                53.26850                85.00000                 45.333333                  6.350853                    43.50                    49.00       765000.000000       268514.431642           645000.0           910000.0  128.333333   78.818357      83.50     157.50         3       0         295000.0            265000.0       74.00         1.000000           100.000000
Native Hawaiian or Other Pacific Islander        Male     Hispanic or Latino           2    505000.000000    127279.220614        460000.0        550000.0                87.495000                 3.528463                86.24750                88.74250                 43.000000                  8.485281                    40.00                    46.00       580000.000000       176776.695297           517500.0           642500.0  118.500000   10.606602     114.75     122.25         2       0          90000.0            125000.0        7.50         1.000000           100.000000
Native Hawaiian or Other Pacific Islander        Male Not Hispanic or Latino           2    450000.000000    219203.102168        372500.0        527500.0                95.919500                 1.528058                95.37925                96.45975                 47.000000                       NaN                      NaN                      NaN       470000.000000       219203.102168           392500.0           547500.0  160.500000   61.518290     138.75     182.25         2       0         155000.0            155000.0       43.50         1.000000           100.000000
                                    White      Female     Hispanic or Latino         189    442883.597884    207315.073186        305000.0        565000.0                80.353794                18.223717                74.85000                95.00000                 43.868056                  3.915625                      NaN                      NaN       587433.862434       290248.246859           405000.0           715000.0  139.222222  101.906629      81.00     162.00       168      21         260000.0            310000.0       81.00         0.888889            88.888889
                                    White      Female Not Hispanic or Latino         356    471432.584270    245068.368627        295000.0        605000.0                70.066657                21.197589                55.83025                87.26000                 43.688976                  4.160053                      NaN                      NaN       705140.449438       367195.281267           462500.0           845000.0  165.808989  121.560175      97.75     195.00       341      15         310000.0            382500.0       97.25         0.957865            95.786517
                                    White        Male     Hispanic or Latino         270    469037.037037    195407.301535        335000.0        575000.0                82.064081                16.295838                80.00000                95.00000                 44.560209                  3.908868                      NaN                      NaN       589925.925926       248143.654569           415000.0           712500.0  147.485185  105.819926      88.25     173.50       240      30         240000.0            297500.0       85.25         0.888889            88.888889
                                    White        Male Not Hispanic or Latino         445    549089.887640    252325.028148        355000.0        715000.0                75.496717                19.046130                69.65200                90.00000                 43.568627                  4.051739                      NaN                      NaN       775606.741573       441408.822015           485000.0           935000.0  204.975281  155.011281     112.00     237.00       414      31         360000.0            450000.0      125.00         0.930337            93.033708