                             derived_race derived_sex      derived_ethnicity  total_apps  avg_loan_amount  std_loan_amount  Q1_loan_amount  Q3_loan_amount  avg_loan_to_value_ratio  std_loan_to_value_ratio  Q1_loan_to_value_ratio  Q3_loan_to_value_ratio  avg_debt_to_income_ratio  std_debt_to_income_ratio  Q1_debt_to_income_ratio  Q3_debt_to_income_ratio  avg_property_value  std_property_value  Q1_property_value  Q3_property_value  avg_income  std_income  Q1_income  Q3_income  accepted  denied  iqr_loan_amount  iqr_property_value  iqr_income  acceptance_rate  acceptance_rate_pct
                 2 or more minority races      Female     Hispanic or Latino           3    515000.000000     95393.920142        460000.0        545000.0                86.063667                10.943712                79.74700                 89.3485                 48.000000                  1.414214                      NaN                      NaN        6.150000e+05       163707.055437           525000.0           685000.0   86.333333   79.663877      51.00     129.50         2       1          85000.0            160000.0       78.50         0.666667            66.666667
                 2 or more minority races      Female Not Hispanic or Latino           1    895000.000000              NaN        895000.0        895000.0                86.932000                      NaN                86.93200                 86.9320                 46.000000                       NaN                     46.0                     46.0        1.035000e+06                 NaN          1035000.0          1035000.0  277.000000         NaN     277.00     277.00         1       0              0.0                 0.0        0.00         1.000000           100.000000
                 2 or more minority races        Male     Hispanic or Latino           1    545000.000000              NaN        545000.0        545000.0                80.000000                      NaN                80.00000                 80.0000                       NaN                       NaN                      NaN                      NaN        6.850000e+05                 NaN           685000.0           685000.0  162.000000         NaN     162.00     162.00         1       0              0.0                 0.0        0.00         1.000000           100.000000
                 2 or more minority races        Male Not Hispanic or Latino           3    468333.333333    250066.657780        325000.0        555000.0                80.751333                23.285707                72.12700                 93.9950                 44.000000                  0.000000                      NaN                      NaN        5.950000e+05       268514.431642           475000.0           740000.0  207.000000  197.121790      93.50     271.00         3       0         230000.0            265000.0      177.50         1.000000           100.000000
         American Indian or Alaska Native      Female     Hispanic or Latino           8    518750.000000    229654.243219        390000.0        592500.0                82.359750                21.515532                78.23800                 95.4970                 43.666667                  3.055050                      NaN                      NaN        6.525000e+05       291241.186255           502500.0           665000.0  157.750000   45.465057     123.00     184.25         7       1         202500.0            162500.0       61.25         0.875000            87.500000
         American Indian or Alaska Native      Female Not Hispanic or Latino           5    637000.000000    296765.901006        425000.0        765000.0                77.462000                17.691304                72.31000                 90.0000                 44.750000                  4.031129                      NaN                      NaN        8.350000e+05       362767.142944           655000.0          1065000.0  210.400000  156.760327     121.00     180.00         4       1         340000.0            410000.0       59.00         0.800000            80.000000
         American Indian or Alaska Native        Male     Hispanic or Latino          13    484230.769231    239216.134436        305000.0        655000.0                79.064538                16.133179                65.56500                 92.9330                 43.888889                  4.106228                      NaN                      NaN        6.411538e+05       342187.532929           385000.0           785000.0  176.307692  129.015105      96.00     194.00        12       1         350000.0            400000.0       98.00         0.923077            92.307692
         American Indian or Alaska Native        Male Not Hispanic or Latino           3    428333.333333    286763.549520        295000.0        580000.0                82.754333                 9.437905                77.50000                 86.6315                 49.000000                       NaN                      NaN                      NaN        4.950000e+05       298161.030318           370000.0           660000.0  230.000000  210.173738     112.00     313.50         3       0         285000.0            290000.0      201.50         1.000000           100.000000
                                    Asian      Female     Hispanic or Latino           6    446666.666667    265361.388802        247500.0        635000.0                76.471167                23.180106                62.85725                 92.9600                 43.200000                  4.764452                      NaN                      NaN        6.183333e+05       336848.135911           410000.0           885000.0  124.666667   72.237571      74.00     182.00         5       1         387500.0            475000.0      108.00         0.833333            83.333333
                                    Asian      Female Not Hispanic or Latino         233    567231.759657    225385.106109        415000.0        715000.0                71.149171                18.742637                60.16900                 80.0000                 43.320000                  4.192275                      NaN                      NaN        8.811803e+05       571178.079413           585000.0          1005000.0  174.412017   88.201534     113.00     213.00       214      19         300000.0            420000.0      100.00         0.918455            91.845494
                                    Asian        Male     Hispanic or Latino           9    585000.000000    158902.485821        505000.0        685000.0                86.742000                 9.945934                80.00000                 95.0000                 43.875000                  2.997022                      NaN                      NaN        6.883333e+05       224109.348310           555000.0           785000.0  140.888889   37.085861     112.00     165.00         8       1         180000.0            230000.0       53.00         0.888889            88.888889
                                    Asian        Male Not Hispanic or Latino         369    641476.964770    251771.009951        455000.0        785000.0                73.107729                18.086551                65.63400                 84.9620                 43.328571                  4.066548                      NaN                      NaN        9.294715e+05       417184.930423           635000.0          1155000.0  206.560976  133.280748     132.00     243.00       343      26         330000.0            520000.0      111.00         0.929539            92.953930
                Black or African American      Female     Hispanic or Latino           1    285000.000000              NaN        285000.0        285000.0                95.000000                      NaN                95.00000                 95.0000                 42.000000                       NaN                     42.0                     42.0        3.050000e+05                 NaN           305000.0           305000.0   76.000000         NaN      76.00      76.00         1       0              0.0                 0.0        0.00         1.000000           100.000000
                Black or African American      Female Not Hispanic or Latino          47    535851.063830    208845.998882        405000.0        680000.0                86.439298                14.493928                80.00000                 95.0000                 45.521739                  3.641548                      NaN                      NaN        6.569149e+05       304342.757986           475000.0           745000.0  165.000000  106.287960     101.00     190.50        36      11         275000.0            270000.0       89.50         0.765957            76.595745
                Black or African American        Male     Hispanic or Latino           1    485000.000000              NaN        485000.0        485000.0                80.000000                      NaN                80.00000                 80.0000                       NaN                       NaN                      NaN                      NaN        6.050000e+05                 NaN           605000.0           605000.0  192.000000         NaN     192.00     192.00         1       0              0.0                 0.0        0.00         1.000000           100.000000
                Black or African American        Male Not Hispanic or Latino          30    514666.666667    193631.062864        407500.0        645000.0                85.766367                16.846861                80.00000                 95.0000                 45.136364                  3.468161                      NaN                      NaN        6.353333e+05       204239.266942           525000.0           775000.0  159.300000   64.530212     107.75     200.75        28       2         237500.0            250000.0       93.00         0.933333            93.333333
Native Hawaiian or Other Pacific Islander      Female     Hispanic or Latino           1    445000.000000              NaN        445000.0        445000.0               100.000000                      NaN               100.00000                100.0000                 48.000000                       NaN                     48.0                     48.0        4.550000e+05                 NaN           455000.0           455000.0   87.000000         NaN      87.00      87.00         1       0              0.0                 0.0        0.00         1.000000           100.000000
Native Hawaiian or Other Pacific Islander      Female Not Hispanic or Latino           4    692500.000000    437064.068530        392500.0       1010000.0                65.545000                20.882703                58.77500                 80.0000                 42.000000                  7.071068                      NaN                      NaN        1.017500e+06       565530.724187           565000.0          1337500.0  123.000000  114.725760      71.75     157.25         3       1         617500.0            772500.0       85.50         0.750000            75.000000
Native Hawaiian or Other Pacific Islander        Male     Hispanic or Latino           3    311666.666667     50332.229568        285000.0        335000.0                75.464667                31.433577                64.69700                 93.5000                 44.666667                  5.859465                     42.5                     48.0        4.650000e+05       174355.957742           365000.0           525000.0  112.000000   14.106736     105.50     119.50         3       0          50000.0            160000.0       14.00         1.000000           100.000000
Native Hawaiian or Other Pacific Islander        Male Not Hispanic or Latino           3    511666.666667     75718.777944        485000.0        555000.0                88.333333                 7.637626                85.00000                 92.5000                 46.000000                  4.242641                      NaN                      NaN        5.816667e+05       120138.808606           520000.0           640000.0  151.333333   44.015149     129.00     173.00         2       1          70000.0            120000.0       44.00         0.666667            66.666667
                                    White      Female     Hispanic or Latino         152    429276.315789    183777.874756        312500.0        545000.0                82.426362                17.947504                75.00000                 95.0000                 44.470085                  4.041962                      NaN                      NaN        5.500000e+05       245232.691230           385000.0           690000.0  129.993421   63.503715      86.75     166.00       137      15         232500.0            305000.0       79.25         0.901316            90.131579
                                    White      Female Not Hispanic or Latino         335    487537.313433    241452.337715        325000.0        635000.0                71.012869                20.451376                62.24800                 85.0000                 44.083682                  4.020079                      NaN                      NaN        7.346119e+05       409719.670312           475000.0           855000.0  168.041791  135.414416      94.00     192.00       320      15         310000.0            380000.0       98.00         0.955224            95.522388
                                    White        Male     Hispanic or Latino         298    456174.496644    210305.925364        307500.0        595000.0                82.964805                16.640911                80.00000                 95.0000                 44.420561                  3.915870                      NaN                      NaN        5.731544e+05       268149.192727           385000.0           745000.0  164.201342  232.661196      89.25     179.75       273      25         287500.0            360000.0       90.50         0.916107            91.610738
                                    White        Male Not Hispanic or Latino         471    564681.528662    261250.072704        375000.0        735000.0                75.293306                18.956980                69.60800                 90.0000                 43.586667                  4.016998                      NaN                      NaN        7.951062e+05       440457.921028           525000.0           975000.0  219.908705  208.181626     115.00     259.00       446      25         360000.0            450000.0      144.00         0.946921            94.692144