                             derived_race derived_sex      derived_ethnicity  total_apps  avg_loan_amount  std_loan_amount  Q1_loan_amount  Q3_loan_amount  avg_loan_to_value_ratio  std_loan_to_value_ratio  Q1_loan_to_value_ratio  Q3_loan_to_value_ratio  avg_debt_to_income_ratio  std_debt_to_income_ratio  Q1_debt_to_income_ratio  Q3_debt_to_income_ratio  avg_property_value  std_property_value  Q1_property_value  Q3_property_value  avg_income  std_income  Q1_income  Q3_income  accepted  denied  iqr_loan_amount  iqr_property_value  iqr_income  acceptance_rate  acceptance_rate_pct
                 2 or more minority races      Female Not Hispanic or Latino           4    622500.000000    372592.270451        457500.0        795000.0                66.694250                25.586993                48.39375                82.76650                 47.000000                  1.414214                      NaN                      NaN        1.065000e+06       600055.552984          1057500.0          1367500.0  198.250000   61.824348     168.50     203.75         4       0         337500.0            310000.0       35.25         1.000000           100.000000
                 2 or more minority races        Male Not Hispanic or Latino           4    367500.000000    215928.228817        212500.0        510000.0                69.691750                17.443148                67.19175                80.00000                 42.000000                  2.000000                      NaN                      NaN        5.400000e+05       247857.485934           455000.0           650000.0  100.750000   44.686874      76.75     135.00         4       0         297500.0            195000.0       58.25         1.000000           100.000000
         American Indian or Alaska Native      Female     Hispanic or Latino           5    385000.000000    281780.056072        145000.0        525000.0                90.018000                 7.854083                83.09000                95.00000                 42.333333                  6.110101                      NaN                      NaN        4.350000e+05       306920.185064           155000.0           635000.0  135.800000   68.528826      86.00     159.00         5       0         380000.0            480000.0       73.00         1.000000           100.000000
         American Indian or Alaska Native      Female Not Hispanic or Latino           2    395000.000000     84852.813742        365000.0        425000.0                76.439500                12.106375                72.15925                80.71975                 49.000000                       NaN                      NaN                      NaN        5.150000e+05        28284.271247           505000.0           525000.0  293.500000  321.733585     179.75     407.25         2       0          60000.0             20000.0      227.50         1.000000           100.000000
         American Indian or Alaska Native        Male     Hispanic or Latino           4    465000.000000    254689.353265        437500.0        607500.0                86.250000                10.307764                78.75000                95.00000                 44.750000                  3.304038                     42.5                    47.25        5.625000e+05       318053.978647           515000.0           722500.0  128.500000   45.880279     117.00     152.50         3       1         170000.0            207500.0       35.50         0.750000            75.000000
         American Indian or Alaska Native        Male Not Hispanic or Latino           3    438333.333333    137961.347244        360000.0        490000.0                69.895000                31.401562                57.34250                87.50000                 49.000000                       NaN                      NaN                      NaN        7.316667e+05       385010.822359           540000.0           925000.0  231.666667  267.028713      77.50     309.50         2       1         130000.0            385000.0      232.00         0.666667            66.666667
                                    Asian      Female     Hispanic or Latino           7    480714.285714    289991.789703        280000.0        640000.0                70.743000                25.023113                56.21500                93.65500                 45.000000                  5.338539                      NaN                      NaN        7.121429e+05       393899.914772           415000.0           960000.0  139.285714   91.730973      81.50     165.50         7       0         360000.0            545000.0       84.00         1.000000           100.000000
                                    Asian      Female Not Hispanic or Latino         241    564294.605809    220682.464971        425000.0        705000.0                72.861245                18.182254                63.50000                85.00000                 43.758427                  4.103610                      NaN                      NaN        8.203942e+05       363473.907545           585000.0           975000.0  192.053942  140.043212     116.00     210.00       219      22         280000.0            390000.0       94.00         0.908714            90.871369
                                    Asian        Male     Hispanic or Latino          10    505000.000000    120830.459736        445000.0        550000.0                78.222800                18.556076                73.20225                90.33125                 43.750000                  3.955105                      NaN                      NaN        6.910000e+05       235664.545016           547500.0           817500.0  139.000000   34.887120     122.50     160.25         9       1         105000.0            270000.0       37.75         0.900000            90.000000
                                    Asian        Male Not Hispanic or Latino         364    611153.846154    240057.473517        445000.0        757500.0                73.959393                17.500890                66.72950                84.83675                 43.740157                  4.082572                      NaN                      NaN        8.818681e+05       410644.288739           595000.0          1085000.0  199.291209  159.755781     125.00     230.00       336      28         312500.0            490000.0      105.00         0.923077            92.307692
                Black or African American      Female     Hispanic or Latino           1    365000.000000              NaN        365000.0        365000.0                84.706000                      NaN                84.70600                84.70600                 48.000000                       NaN                     48.0                    48.00        4.250000e+05                 NaN           425000.0           425000.0   83.000000         NaN      83.00      83.00         1       0              0.0                 0.0        0.00         1.000000           100.000000
                Black or African American      Female Not Hispanic or Latino          45    478555.555556    257418.615167        325000.0        605000.0                90.268689                35.750837                80.00000                95.00000                 44.121212                  3.862946                      NaN                      NaN        6.147778e+05       279410.815897           485000.0           695000.0  158.400000   85.127818      96.00     220.00        37       8         280000.0            210000.0      124.00         0.822222            82.222222
                Black or African American        Male     Hispanic or Latino           5    647000.000000    295837.793394        445000.0        645000.0                91.412400                 4.305746                88.01300                95.00000                 43.250000                  2.753785                      NaN                      NaN        7.150000e+05       340587.727319           465000.0           745000.0  212.800000  175.626593     115.00     190.00         5       0         200000.0            280000.0       75.00         1.000000           100.000000
                Black or African American        Male Not Hispanic or Latino          33    537727.272727    234710.895668        375000.0        685000.0                84.004152                16.617786                79.43500                95.00000                 44.608696                  3.738487                      NaN                      NaN        6.680303e+05       284225.755876           475000.0           775000.0  162.181818   83.796798     110.00     200.00        25       8         310000.0            300000.0       90.00         0.757576            75.757576
Native Hawaiian or Other Pacific Islander      Female     Hispanic or Latino           2    195000.000000     14142.135624        190000.0        200000.0                78.170000                 2.588011                77.25500                79.08500                 42.000000                       NaN                      NaN                      NaN        2.500000e+05        21213.203436           242500.0           257500.0   56.000000   39.597980      42.00      70.00         1       1          10000.0             15000.0       28.00         0.500000            50.000000
Native Hawaiian or Other Pacific Islander      Female Not Hispanic or Latino           1    685000.000000              NaN        685000.0        685000.0                95.000000                      NaN                95.00000                95.00000                 48.000000                       NaN                     48.0                    48.00        7.250000e+05                 NaN           725000.0           725000.0  143.000000         NaN     143.00     143.00         1       0              0.0                 0.0        0.00         1.000000           100.000000
                                    White      Female     Hispanic or Latino         176    426136.363636    208372.917452        295000.0        515000.0                83.076551                16.818996                80.00000                95.00000                 44.250000                  4.205384                      NaN                      NaN        5.368182e+05       262937.452441           362500.0           637500.0  160.829545  350.886802      76.00     157.00       159      17         220000.0            275000.0       81.00         0.903409            90.340909
                                    White      Female Not Hispanic or Latino         323    478962.848297    240895.892272        305000.0        625000.0                70.795025                22.062675                58.24450                87.75450                 43.635135                  4.112362                      NaN                      NaN        7.203251e+05       370957.468837           470000.0           875000.0  171.773994  179.514117      99.50     198.50       300      23         320000.0            405000.0       99.00         0.928793            92.879257
                                    White        Male     Hispanic or Latino         261    480593.869732    226829.595056        325000.0        615000.0                82.143904                17.509622                80.00000                95.00000                 44.010638                  3.961026                      NaN                      NaN        6.145402e+05       281271.459541           415000.0           775000.0  166.812261  123.681722      94.00     194.00       237      24         290000.0            360000.0      100.00         0.908046            90.804598
                                    White        Male Not Hispanic or Latino         509    567377.210216    259983.432148        375000.0        725000.0                75.184658                18.491348                68.67500                89.99900                 43.479769                  3.952749                      NaN                      NaN        8.149804e+05       540790.650042           515000.0           955000.0  233.846758  395.728542     116.00     247.00       469      40         350000.0            440000.0      131.00         0.921415            92.141454