                             derived_race derived_sex      derived_ethnicity  total_apps  avg_loan_amount  std_loan_amount  Q1_loan_amount  Q3_loan_amount  avg_loan_to_value_ratio  std_loan_to_value_ratio  Q1_loan_to_value_ratio  Q3_loan_to_value_ratio  avg_debt_to_income_ratio  std_debt_to_income_ratio  Q1_debt_to_income_ratio  Q3_debt_to_income_ratio  avg_property_value  std_property_value  Q1_property_value  Q3_property_value  avg_income  std_income  Q1_income  Q3_income  accepted  denied  iqr_loan_amount  iqr_property_value  iqr_income  acceptance_rate  acceptance_rate_pct
                 2 or more minority races      Female     Hispanic or Latino           2    645000.000000    480832.611207        475000.0        815000.0                71.250000                12.374369                 66.8750                75.62500                 45.000000                  5.656854                     43.0                     47.0       855000.000000       523259.018078           670000.0          1040000.0  160.000000  125.865007     115.50     204.50         2       0         340000.0            370000.0       89.00         1.000000           100.000000
                 2 or more minority races      Female Not Hispanic or Latino           4    447500.000000    128937.969582        435000.0        517500.0                81.223000                12.546829                 76.2230                87.50000                 43.000000                  1.414214                      NaN                      NaN       580000.000000       195021.366351           532500.0           657500.0  169.500000   90.268119      97.75     229.25         3       1          82500.0            125000.0      131.50         0.750000            75.000000
                 2 or more minority races        Male     Hispanic or Latino           1    365000.000000              NaN        365000.0        365000.0                80.000000                      NaN                 80.0000                80.00000                       NaN                       NaN                      NaN                      NaN       455000.000000                 NaN           455000.0           455000.0  195.000000         NaN     195.00     195.00         1       0              0.0                 0.0        0.00         1.000000           100.000000
                 2 or more minority races        Male Not Hispanic or Latino           1    535000.000000              NaN        535000.0        535000.0                67.000000                      NaN                 67.0000                67.00000                 42.000000                       NaN                     42.0                     42.0       805000.000000                 NaN           805000.0           805000.0  125.000000         NaN     125.00     125.00         1       0              0.0                 0.0        0.00         1.000000           100.000000
         American Indian or Alaska Native      Female     Hispanic or Latino           3    341666.666667     76376.261583        300000.0        375000.0                84.300000                22.907859                 76.5000                97.45000                 48.000000                  1.414214                      NaN                      NaN       421666.666667        68068.592856           395000.0           460000.0  114.333333   58.226569      81.50     137.00         3       0          75000.0             65000.0       55.50         1.000000           100.000000
         American Indian or Alaska Native      Female Not Hispanic or Latino           7    467857.142857    187502.380937        355000.0        550000.0                86.593571                14.168497                 79.2505                96.00000                 43.600000                  6.148170                      NaN                      NaN       557857.142857       225663.044214           440000.0           650000.0  188.000000  159.476226     115.00     172.50         7       0         195000.0            210000.0       57.50         1.000000           100.000000
         American Indian or Alaska Native        Male     Hispanic or Latino          10    377000.000000    195664.111284        200000.0        500000.0                68.486300                29.916283                 39.5050                92.59275                 42.571429                  5.380742                      NaN                      NaN       578000.000000       198273.100097           452500.0           745000.0  118.000000   43.744206      80.50     157.75         9       1         300000.0            292500.0       77.25         0.900000            90.000000
         American Indian or Alaska Native        Male Not Hispanic or Latino           5    287000.000000    203273.215156        125000.0        345000.0                86.000000                 6.519202                 80.0000                90.00000                 43.000000                  1.414214                      NaN                      NaN       337000.000000       255284.155403           155000.0           405000.0  183.600000  200.511346      85.00     129.00         4       1         220000.0            250000.0       44.00         0.800000            80.000000
                                    Asian      Female     Hispanic or Latino           3    518333.333333     20816.659995        510000.0        530000.0                76.666667                 2.886751                 75.0000                77.50000                 46.666667                  2.516611                     45.5                     48.0       671666.666667        20816.659995           660000.0           680000.0  143.000000   12.767145     137.50     150.00         3       0          20000.0             20000.0       12.50         1.000000           100.000000
                                    Asian      Female Not Hispanic or Latino         252    577023.809524    220138.202310        435000.0        705000.0                72.344031                19.103035                 64.9770                80.00000                 44.223404                  3.875480                      NaN                      NaN       850436.507937       417972.968417           615000.0           987500.0  182.166667  112.887579     116.00     210.00       235      17         270000.0            372500.0       94.00         0.932540            93.253968
                                    Asian        Male     Hispanic or Latino           7    716428.571429    267919.675240        520000.0        935000.0                79.979571                 5.170886                 77.4990                80.00000                 45.166667                  3.430258                      NaN                      NaN       900714.285714       347364.224931           615000.0          1205000.0  211.571429   94.503716     123.50     267.00         7       0         415000.0            590000.0      143.50         1.000000           100.000000
                                    Asian        Male Not Hispanic or Latino         359    610264.623955    230682.433414        455000.0        755000.0                72.903841                17.069134                 67.9130                80.00000                 43.717300                  4.091154                      NaN                      NaN       877952.646240       377423.158760           635000.0          1005000.0  204.534819  147.590663     137.00     236.00       336      23         300000.0            370000.0       99.00         0.935933            93.593315
                Black or African American      Female     Hispanic or Latino           2    525000.000000     28284.271247        515000.0        535000.0                80.000000                14.142136                 75.0000                85.00000                 49.000000                  0.000000                     49.0                     49.0       660000.000000        77781.745931           632500.0           687500.0  134.500000   40.305087     120.25     148.75         2       0          20000.0             55000.0       28.50         1.000000           100.000000
                Black or African American      Female Not Hispanic or Latino          37    518513.513514    205131.613797        375000.0        685000.0                85.104541                14.133967                 80.0000                95.00000                 43.392857                  4.039979                      NaN                      NaN       628513.513514       228293.381130           505000.0           775000.0  148.216216   78.544444     109.00     190.00        31       6         310000.0            270000.0       81.00         0.837838            83.783784
                Black or African American        Male     Hispanic or Latino           4    560000.000000    102143.689640        527500.0        622500.0                89.139000                10.879826                 79.8890                97.75000                 40.500000                  4.949747                      NaN                      NaN       670000.000000       141539.158304           562500.0           777500.0  139.000000   36.018514     111.50     163.50         2       2          95000.0            215000.0       52.00         0.500000            50.000000
                Black or African American        Male Not Hispanic or Latino          37    490945.945946    225579.001429        365000.0        615000.0                82.500568                20.186417                 80.0000                95.00000                 44.444444                  3.993585                      NaN                      NaN       615000.000000       235041.367517           485000.0           705000.0  168.432432   82.383433     108.00     212.00        36       1         250000.0            220000.0      104.00         0.972973            97.297297
Native Hawaiian or Other Pacific Islander      Female     Hispanic or Latino           2    330000.000000     21213.203436        322500.0        337500.0                92.500000                 7.778175                 89.7500                95.25000                 47.000000                       NaN                      NaN                      NaN       365000.000000            0.000000           365000.0           365000.0   88.500000   19.091883      81.75      95.25         1       1          15000.0                 0.0       13.50         0.500000            50.000000
Native Hawaiian or Other Pacific Islander      Female Not Hispanic or Latino           3    488333.333333    228108.161479        365000.0        590000.0                89.443333                 8.220683                 86.6650                94.16500                 48.000000                  1.414214                      NaN                      NaN       565000.000000       321869.538789           385000.0           695000.0  114.666667   58.054572      82.00     137.50         1       2         225000.0            310000.0       55.50         0.333333            33.333333
Native Hawaiian or Other Pacific Islander        Male     Hispanic or Latino           1    445000.000000              NaN        445000.0        445000.0                80.000000                      NaN                 80.0000                80.00000                 38.000000                       NaN                     38.0                     38.0       565000.000000                 NaN           565000.0           565000.0  299.000000         NaN     299.00     299.00         1       0              0.0                 0.0        0.00         1.000000           100.000000
Native Hawaiian or Other Pacific Islander        Male Not Hispanic or Latino           3    665000.000000    355527.776693        465000.0        805000.0                88.650667                 7.760290                 85.4760                92.97600                 42.666667                  4.509250                     40.5                     45.0       745000.000000       353836.120259           555000.0           905000.0  182.000000   93.053748     143.00     233.50         3       0         340000.0            350000.0       90.50         1.000000           100.000000
                                    White      Female     Hispanic or Latino         158    439873.417722    221617.497245        290000.0        565000.0                80.179861                19.622379                 74.7990                95.00000                 44.341667                  3.706673                      NaN                      NaN       582531.645570       286713.613985           407500.0           712500.0  152.968354  180.214395      81.00     160.00       141      17         275000.0            305000.0       79.00         0.892405            89.240506
                                    White      Female Not Hispanic or Latino         369    489363.143631    240705.910105        325000.0        625000.0                72.762309                20.573457                 63.0770                89.90000                 43.718631                  4.007235                      NaN                      NaN       708252.032520       349111.829446           455000.0           855000.0  173.051491  136.506729     102.00     202.00       344      25         300000.0            400000.0      100.00         0.932249            93.224932
                                    White        Male     Hispanic or Latino         262    455190.839695    210728.443383        305000.0        595000.0                82.551206                16.268791                 80.0000                95.00000                 44.431694                  3.981341                      NaN                      NaN       569198.473282       254714.788131           405000.0           715000.0  163.732824  137.915145      89.00     194.00       240      22         290000.0            310000.0      105.00         0.916031            91.603053
                                    White        Male Not Hispanic or Latino         468    556538.461538    255363.419529        345000.0        727500.0                74.407739                18.189941                 65.0000                89.80625                 43.599338                  4.084864                      NaN                      NaN       779358.974359       379590.977018           505000.0           965000.0  225.972222  294.399896     121.75     248.25       434      34         382500.0            460000.0      126.50         0.927350            92.735043