                             derived_race derived_sex      derived_ethnicity  total_apps  avg_loan_amount  std_loan_amount  Q1_loan_amount  Q3_loan_amount  avg_loan_to_value_ratio  std_loan_to_value_ratio  Q1_loan_to_value_ratio  Q3_loan_to_value_ratio  avg_debt_to_income_ratio  std_debt_to_income_ratio  Q1_debt_to_income_ratio  Q3_debt_to_income_ratio  avg_property_value  std_property_value  Q1_property_value  Q3_property_value  avg_income  std_income  Q1_income  Q3_income  accepted  denied  iqr_loan_amount  iqr_property_value  iqr_income  acceptance_rate  acceptance_rate_pct
                 2 or more minority races      Female Not Hispanic or Latino           2    680000.000000    106066.017178        642500.0        717500.0                60.062000                25.571810                51.02100                69.10300                 47.000000                  1.414214                    46.50                    47.50        1.190000e+06       332340.187158          1072500.0          1307500.0  205.500000   27.577164     195.75     215.25         2       0          75000.0            235000.0       19.50         1.000000           100.000000
                 2 or more minority races        Male     Hispanic or Latino           1    205000.000000              NaN        205000.0        205000.0                66.670000                      NaN                66.67000                66.67000                       NaN                       NaN                      NaN                      NaN        3.050000e+05                 NaN           305000.0           305000.0   23.000000         NaN      23.00      23.00         0       1              0.0                 0.0        0.00         0.000000             0.000000
                 2 or more minority races        Male Not Hispanic or Latino           4    602500.000000    134257.215821        585000.0        667500.0                88.747500                 8.538639                83.75000                92.49250                 47.000000                  1.000000                      NaN                      NaN        6.975000e+05       187505.555473           650000.0           812500.0  176.000000   71.698443     148.00     201.50         3       1          82500.0            162500.0       53.50         0.750000            75.000000
         American Indian or Alaska Native      Female     Hispanic or Latino          10    502000.000000    365454.055480        302500.0        480000.0                84.830000                11.792258                80.00000                94.50000                 42.666667                  4.131182                      NaN                      NaN        6.600000e+05       662323.351711           345000.0           592500.0  115.700000   45.985626      76.25     149.25         8       2         177500.0            247500.0       73.00         0.800000            80.000000
         American Indian or Alaska Native      Female Not Hispanic or Latino           2    465000.000000     14142.135624        460000.0        470000.0                90.000000                 7.071068                87.50000                92.50000                       NaN                       NaN                      NaN                      NaN        5.200000e+05        21213.203436           512500.0           527500.0  505.500000   21.920310     497.75     513.25         2       0          10000.0             15000.0       15.50         1.000000           100.000000
         American Indian or Alaska Native        Male     Hispanic or Latino           7    512142.857143    250979.035360        370000.0        565000.0                87.571429                 6.023762                82.50000                91.50000                 43.666667                  4.932883                      NaN                      NaN        5.935714e+05       299912.685706           415000.0           665000.0  277.714286  249.496636     118.00     337.50         7       0         195000.0            250000.0      219.50         1.000000           100.000000
         American Indian or Alaska Native        Male Not Hispanic or Latino           5    469000.000000    217209.576216        455000.0        575000.0                80.923000                11.169825                75.00000                88.23500                 37.333333                  0.577350                      NaN                      NaN        5.950000e+05       267207.784318           595000.0           675000.0  149.400000   72.589944     131.00     146.00         4       1         120000.0             80000.0       15.00         0.800000            80.000000
                                    Asian      Female     Hispanic or Latino           1    405000.000000              NaN        405000.0        405000.0                90.000000                      NaN                90.00000                90.00000                 49.000000                       NaN                    49.00                    49.00        4.450000e+05                 NaN           445000.0           445000.0  100.000000         NaN     100.00     100.00         1       0              0.0                 0.0        0.00         1.000000           100.000000
                                    Asian      Female Not Hispanic or Latino         233    555557.939914    215628.866460        415000.0        675000.0                71.445222                18.980105                61.42700                80.20000                 43.981928                  3.805057                      NaN                      NaN        8.368026e+05       451040.191068           585000.0           945000.0  176.326180   90.850370     116.00     208.00       222      11         260000.0            360000.0       92.00         0.952790            95.278970
                                    Asian        Male     Hispanic or Latino           6    570000.000000     86890.735985        557500.0        605000.0                82.775167                 4.576467                80.00000                85.34075                 43.500000                  5.446712                      NaN                      NaN        6.916667e+05        98725.207858           645000.0           762500.0  264.166667  225.939299     119.25     321.75         6       0          47500.0            117500.0      202.50         1.000000           100.000000
                                    Asian        Male Not Hispanic or Latino         378    623095.238095    251573.449423        425000.0        792500.0                74.820315                17.045751                68.12575                85.00000                 43.717949                  4.182985                      NaN                      NaN        8.739947e+05       391118.297345           605000.0          1075000.0  200.904762  117.921709     129.00     240.75       351      27         367500.0            470000.0      111.75         0.928571            92.857143
                Black or African American      Female Not Hispanic or Latino          44    492045.454545    205308.384557        345000.0        652500.0                85.130432                15.768742                80.00000                95.00000                 44.078947                  3.052527                      NaN                      NaN        6.452273e+05       246675.463626           500000.0           815000.0  166.159091   80.196834     109.00     194.75        41       3         307500.0            315000.0       85.75         0.931818            93.181818
                Black or African American        Male     Hispanic or Latino           3    798333.333333     98657.657246        765000.0        855000.0                79.441000                18.280065                74.16150                89.99500                 41.000000                  4.242641                      NaN                      NaN        1.055000e+06       353694.783677           860000.0          1205000.0 1038.333333 1374.419635     247.00    1485.00         3       0          90000.0            345000.0     1238.00         1.000000           100.000000
                Black or African American        Male Not Hispanic or Latino          29    511896.551724    226102.117389        415000.0        575000.0                81.871414                19.446347                80.00000                95.00000                 44.100000                  3.878415                      NaN                      NaN        6.732759e+05       333103.040316           515000.0           695000.0  174.758621  111.470578     111.00     201.00        29       0         160000.0            180000.0       90.00         1.000000           100.000000
Native Hawaiian or Other Pacific Islander        Male Not Hispanic or Latino           2    570000.000000     35355.339059        557500.0        582500.0                69.508000                14.837929                64.26200                74.75400                 46.500000                  3.535534                    45.25                    47.75        8.300000e+05       120208.152802           787500.0           872500.0  123.500000    9.192388     120.25     126.75         2       0          25000.0             85000.0        6.50         1.000000           100.000000
                                    White      Female     Hispanic or Latino         174    434080.459770    191722.536654        305000.0        525000.0                83.488776                16.406949                80.00000                95.00000                 43.992481                  4.133192                      NaN                      NaN        5.347126e+05       212832.339672           395000.0           625000.0  138.373563  144.785205      84.25     157.00       158      16         220000.0            230000.0       72.75         0.908046            90.804598
                                    White      Female Not Hispanic or Latino         332    494427.710843    254198.528791        305000.0        647500.0                72.227021                21.124249                60.00000                89.72750                 43.601732                  4.024576                      NaN                      NaN        7.198193e+05       362393.391581           452500.0           905000.0  173.704819  121.479289      94.00     227.25       306      26         342500.0            452500.0      133.25         0.921687            92.168675
                                    White        Male     Hispanic or Latino         294    456258.503401    204337.223398        325000.0        585000.0                81.971619                18.139620                79.99475                95.00000                 44.043269                  3.913689                      NaN                      NaN        5.854762e+05       267692.282545           405000.0           705000.0  159.285714  125.900822      95.25     182.00       269      25         260000.0            300000.0       86.75         0.914966            91.496599
                                    White        Male Not Hispanic or Latino         473    547558.139535    249956.795636        365000.0        725000.0                75.033622                18.226061                65.81000                90.00000                 43.403279                  4.110880                      NaN                      NaN        7.696934e+05       397111.873592           515000.0           965000.0  213.835095  266.931945     116.00     243.00       434      39         360000.0            450000.0      127.00         0.917548            91.754757