                             derived_race derived_sex      derived_ethnicity  total_apps  avg_loan_amount  std_loan_amount  Q1_loan_amount  Q3_loan_amount  avg_loan_to_value_ratio  std_loan_to_value_ratio  Q1_loan_to_value_ratio  Q3_loan_to_value_ratio  avg_debt_to_income_ratio  std_debt_to_income_ratio  Q1_debt_to_income_ratio  Q3_debt_to_income_ratio  avg_property_value  std_property_value  Q1_property_value  Q3_property_value  avg_income  std_income  Q1_income  Q3_income  accepted  denied  iqr_loan_amount  iqr_property_value  iqr_income  acceptance_rate  acceptance_rate_pct
                 2 or more minority races      Female     Hispanic or Latino           1    615000.000000              NaN        615000.0        615000.0                80.000000                      NaN                 80.0000                 80.0000                       NaN                       NaN                      NaN                      NaN        7.650000e+05                 NaN           765000.0           765000.0  126.000000         NaN     126.00     126.00         1       0              0.0                 0.0        0.00         1.000000           100.000000
                 2 or more minority races      Female Not Hispanic or Latino           2    630000.000000    374766.594029        497500.0        762500.0                91.000000                 5.656854                 89.0000                 93.0000                 47.500000                  2.121320                    46.75                    48.25        7.100000e+05       459619.407771           547500.0           872500.0  174.000000  145.663997     122.50     225.50         0       2         265000.0            325000.0      103.00         0.000000             0.000000
                 2 or more minority races        Male     Hispanic or Latino           1    595000.000000              NaN        595000.0        595000.0                80.000000                      NaN                 80.0000                 80.0000                 41.000000                       NaN                    41.00                    41.00        7.450000e+05                 NaN           745000.0           745000.0  260.000000         NaN     260.00     260.00         1       0              0.0                 0.0        0.00         1.000000           100.000000
                 2 or more minority races        Male Not Hispanic or Latino           2    450000.000000     77781.745931        422500.0        477500.0                87.500000                10.606602                 83.7500                 91.2500                 47.500000                  2.121320                    46.75                    48.25        5.100000e+05        21213.203436           502500.0           517500.0  175.000000  132.936075     128.00     222.00         2       0          55000.0             15000.0       94.00         1.000000           100.000000
         American Indian or Alaska Native      Female     Hispanic or Latino           6    488333.333333    374521.917472        232500.0        632500.0                71.498667                27.918084                 48.7500                 93.8365                 44.833333                  2.639444                    43.25                    46.75        6.533333e+05       314223.911672           485000.0           732500.0  155.500000   97.672412      91.00     191.00         6       0         400000.0            247500.0      100.00         1.000000           100.000000
         American Indian or Alaska Native      Female Not Hispanic or Latino           3    381666.666667    188767.935130        300000.0        485000.0                78.333333                20.207259                 72.5000                 90.0000                 40.000000                  5.196152                    37.00                    41.50        5.283333e+05       302379.452565           400000.0           695000.0  114.333333   58.534890      90.50     147.00         3       0         185000.0            295000.0       56.50         1.000000           100.000000
         American Indian or Alaska Native        Male     Hispanic or Latino          11    400454.545455    140240.053934        310000.0        510000.0                80.404455                21.505347                 79.2855                 95.0000                 45.428571                  3.994043                      NaN                      NaN        5.195455e+05       176315.832322           405000.0           615000.0  217.818182  184.876617      90.50     343.00         9       2         200000.0            210000.0      252.50         0.818182            81.818182
         American Indian or Alaska Native        Male Not Hispanic or Latino           2    345000.000000    113137.084990        305000.0        385000.0                76.110000                 5.501291                 74.1650                 78.0550                 37.000000                       NaN                      NaN                      NaN        4.500000e+05       120208.152802           407500.0           492500.0  151.500000  106.773124     113.75     189.25         1       1          80000.0             85000.0       75.50         0.500000            50.000000
                                    Asian      Female     Hispanic or Latino           1    325000.000000              NaN        325000.0        325000.0                70.210000                      NaN                 70.2100                 70.2100                 42.000000                       NaN                    42.00                    42.00        4.650000e+05                 NaN           465000.0           465000.0  117.000000         NaN     117.00     117.00         1       0              0.0                 0.0        0.00         1.000000           100.000000
                                    Asian      Female Not Hispanic or Latino         233    563884.120172    205882.351231        415000.0        675000.0                72.509901                17.446242                 64.5720                 80.0000                 43.937107                  3.967727                      NaN                      NaN        8.354292e+05       426299.014178           605000.0           955000.0  190.098712  109.981243     125.00     223.00       219      14         260000.0            350000.0       98.00         0.939914            93.991416
                                    Asian        Male     Hispanic or Latino           6    575000.000000    226450.877675        442500.0        735000.0                75.353500                23.657053                 80.0000                 88.5245                 42.333333                  5.033223                      NaN                      NaN        7.850000e+05       230130.397818           595000.0           947500.0  197.333333   58.109093     152.00     236.50         6       0         292500.0            352500.0       84.50         1.000000           100.000000
                                    Asian        Male Not Hispanic or Latino         389    626002.570694    230793.727902        465000.0        765000.0                73.676629                16.998844                 65.0000                 85.0000                 43.812500                  3.928060                      NaN                      NaN        8.931234e+05       379939.394506           645000.0          1035000.0  198.601542  115.204784     131.00     244.00       353      36         300000.0            390000.0      113.00         0.907455            90.745501
                Black or African American      Female     Hispanic or Latino           4    577500.000000    199562.020435        405000.0        742500.0                90.000000                 4.082483                 88.7500                 91.2500                 43.500000                  7.778175                      NaN                      NaN        6.475000e+05       248243.831746           440000.0           837500.0  365.000000  352.990085     184.25     378.75         3       1         337500.0            397500.0      194.50         0.750000            75.000000
                Black or African American      Female Not Hispanic or Latino          56    453928.571429    223734.246344        310000.0        585000.0                85.836589                15.843736                 80.0000                 97.0000                 43.909091                  3.952145                      NaN                      NaN        5.703571e+05       250954.282586           422500.0           700000.0  132.214286   64.353771      80.75     159.75        46      10         275000.0            277500.0       79.00         0.821429            82.142857
                Black or African American        Male     Hispanic or Latino           2    385000.000000     56568.542495        365000.0        405000.0                95.000000                 0.000000                 95.0000                 95.0000                 46.000000                  4.242641                    44.50                    47.50        4.150000e+05        84852.813742           385000.0           445000.0  173.500000   12.020815     169.25     177.75         2       0          40000.0             60000.0        8.50         1.000000           100.000000
                Black or African American        Male Not Hispanic or Latino          35    560714.285714    284297.748996        365000.0        735000.0                83.323943                18.229903                 80.0000                 95.0000                 44.521739                  4.591193                      NaN                      NaN        7.324286e+05       396568.685966           440000.0           835000.0  180.857143  112.352162     104.50     209.50        31       4         370000.0            395000.0      105.00         0.885714            88.571429
Native Hawaiian or Other Pacific Islander      Female     Hispanic or Latino           1    365000.000000              NaN        365000.0        365000.0                31.030000                      NaN                 31.0300                 31.0300                 47.000000                       NaN                    47.00                    47.00        1.165000e+06                 NaN          1165000.0          1165000.0  344.000000         NaN     344.00     344.00         0       1              0.0                 0.0        0.00         0.000000             0.000000
Native Hawaiian or Other Pacific Islander      Female Not Hispanic or Latino           1    395000.000000              NaN        395000.0        395000.0                74.000000                      NaN                 74.0000                 74.0000                       NaN                       NaN                      NaN                      NaN        5.350000e+05                 NaN           535000.0           535000.0  157.000000         NaN     157.00     157.00         1       0              0.0                 0.0        0.00         1.000000           100.000000
Native Hawaiian or Other Pacific Islander        Male     Hispanic or Latino           1    165000.000000              NaN        165000.0        165000.0                29.907000                      NaN                 29.9070                 29.9070                 43.000000                       NaN                    43.00                    43.00        5.350000e+05                 NaN           535000.0           535000.0   42.000000         NaN      42.00      42.00         0       1              0.0                 0.0        0.00         0.000000             0.000000
Native Hawaiian or Other Pacific Islander        Male Not Hispanic or Latino           5    585000.000000    237486.841741        445000.0        675000.0                95.256200                 4.005797                 94.9950                 95.0000                 39.000000                  4.242641                      NaN                      NaN        6.150000e+05       249799.919936           485000.0           705000.0  217.800000   79.666179     177.00     255.00         4       1         230000.0            220000.0       78.00         0.800000            80.000000
                                    White      Female     Hispanic or Latino         180    449222.222222    205178.640125        315000.0        565000.0                80.931944                18.408257                 74.9975                 95.0000                 45.071942                  3.760281                      NaN                      NaN        5.815556e+05       245266.522965           422500.0           697500.0  163.622222  301.545649      84.75     162.75       169      11         250000.0            275000.0       78.00         0.938889            93.888889
                                    White      Female Not Hispanic or Latino         323    492678.018576    252137.191003        295000.0        655000.0                70.991359                20.870282                 58.8050                 85.0000                 43.977064                  4.015457                      NaN                      NaN        7.435139e+05       421727.763471           475000.0           905000.0  173.027864  170.801679      98.00     205.00       304      19         360000.0            430000.0      107.00         0.941176            94.117647
                                    White        Male     Hispanic or Latino         261    451973.180077    195061.221280        325000.0        575000.0                84.230467                15.629072                 80.0000                 95.0000                 44.061538                  4.035450                      NaN                      NaN        5.490613e+05       228965.021003           385000.0           685000.0  141.590038   95.546910      90.00     160.00       245      16         250000.0            300000.0       70.00         0.938697            93.869732
                                    White        Male Not Hispanic or Latino         474    563966.244726    259542.586174        357500.0        735000.0                74.866629                18.110728                 68.1370                 89.7425                 43.686084                  4.200553                      NaN                      NaN        7.947679e+05       421166.894231           515000.0           955000.0  212.320675  189.109928     115.00     250.75       449      25         377500.0            440000.0      135.75         0.947257            94.725738