                             derived_race derived_sex      derived_ethnicity  total_apps  avg_loan_amount  std_loan_amount  Q1_loan_amount  Q3_loan_amount  avg_loan_to_value_ratio  std_loan_to_value_ratio  Q1_loan_to_value_ratio  Q3_loan_to_value_ratio  avg_debt_to_income_ratio  std_debt_to_income_ratio  Q1_debt_to_income_ratio  Q3_debt_to_income_ratio  avg_property_value  std_property_value  Q1_property_value  Q3_property_value  avg_income  std_income  Q1_income  Q3_income  accepted  denied  iqr_loan_amount  iqr_property_value  iqr_income  acceptance_rate  acceptance_rate_pct
                 2 or more minority races      Female     Hispanic or Latino           2    385000.000000    113137.084990        345000.0        425000.0                80.598500                25.595144                71.54925                89.64775                 49.000000                       NaN                      NaN                      NaN        4.800000e+05         7071.067812           477500.0           482500.0   35.500000   50.204581      17.75      53.25         1       1          80000.0              5000.0       35.50         0.500000            50.000000
                 2 or more minority races      Female Not Hispanic or Latino           2    620000.000000    530330.085890        432500.0        807500.0                64.080000                29.585348                53.62000                74.54000                 48.000000                       NaN                      NaN                      NaN        8.650000e+05       438406.204336           710000.0          1020000.0  165.000000  106.066017     127.50     202.50         2       0         375000.0            310000.0       75.00         1.000000           100.000000
                 2 or more minority races        Male     Hispanic or Latino           2    525000.000000    113137.084990        485000.0        565000.0                69.722000                28.623683                59.60200                79.84200                 48.000000                       NaN                      NaN                      NaN        8.550000e+05       509116.882454           675000.0          1035000.0  177.500000   28.991378     167.25     187.75         2       0          80000.0            360000.0       20.50         1.000000           100.000000
                 2 or more minority races        Male Not Hispanic or Latino           4    685000.000000    462240.918425        435000.0        850000.0                89.250000                 9.604686                87.75000                95.00000                 43.000000                  2.645751                      NaN                      NaN        8.175000e+05       655152.653967           457500.0           990000.0  242.500000  119.204306     219.25     301.75         3       1         415000.0            532500.0       82.50         0.750000            75.000000
         American Indian or Alaska Native      Female     Hispanic or Latino           5    309000.000000     65421.708935        255000.0        315000.0                67.765000                21.737379                69.00000                80.00000                 44.666667                  4.041452                      NaN                      NaN        5.010000e+05       206833.266183           375000.0           515000.0  109.600000   37.380476      86.00     131.00         4       1          60000.0            140000.0       45.00         0.800000            80.000000
         American Indian or Alaska Native      Female Not Hispanic or Latino           5    569000.000000    135572.858641        535000.0        655000.0                76.610600                13.059263                66.99000                78.98300                 41.500000                  5.916080                      NaN                      NaN        7.490000e+05       184472.220131           675000.0           785000.0  230.800000  177.401240     136.00     220.00         5       0         120000.0            110000.0       84.00         1.000000           100.000000
         American Indian or Alaska Native        Male     Hispanic or Latino           8    277500.000000    131556.614646        145000.0        367500.0                69.750250                43.072530                34.42975                83.75000                 47.200000                  1.303840                      NaN                      NaN        4.212500e+05        89272.856217           355000.0           490000.0  151.250000  153.542688      78.25     153.75         5       3         222500.0            135000.0       75.50         0.625000            62.500000
         American Indian or Alaska Native        Male Not Hispanic or Latino           5    399000.000000    192431.806103        245000.0        575000.0                80.593200                15.278475                65.49000                95.00000                 45.500000                  4.949747                      NaN                      NaN        4.950000e+05       224944.437584           255000.0           635000.0  197.200000  197.326379      79.00     168.00         4       1         330000.0            380000.0       89.00         0.800000            80.000000
                                    Asian      Female     Hispanic or Latino           5    497000.000000     67230.945256        485000.0        535000.0                74.998200                10.657238                72.21100                80.00000                 42.800000                  1.303840                     42.0                     44.0        6.630000e+05        67230.945256           615000.0           715000.0  146.200000   38.738869     122.00     155.00         5       0          50000.0            100000.0       33.00         1.000000           100.000000
                                    Asian      Female Not Hispanic or Latino         217    582603.686636    234547.968689        415000.0        725000.0                72.290331                17.424668                60.46500                80.00000                 43.451807                  3.973484                      NaN                      NaN        8.557834e+05       386520.367559           595000.0          1075000.0  196.018433  181.570284     125.00     215.00       202      15         310000.0            480000.0       90.00         0.930876            93.087558
                                    Asian        Male     Hispanic or Latino          11    503181.818182    160923.471366        360000.0        660000.0                84.574909                 7.940595                80.00000                90.61200                 43.400000                  4.971027                      NaN                      NaN        6.050000e+05       218403.296678           440000.0           795000.0  134.818182   46.518423     113.50     160.00         9       2         300000.0            355000.0       46.50         0.818182            81.818182
                                    Asian        Male Not Hispanic or Latino         384    631171.875000    244491.653877        465000.0        765000.0                72.828354                18.033225                65.00000                80.00000                 43.471910                  4.078432                      NaN                      NaN        9.274219e+05       446502.648694           645000.0          1135000.0  266.796875  797.989445     137.00     246.25       360      24         300000.0            490000.0      109.25         0.937500            93.750000
                Black or African American      Female     Hispanic or Latino           4    385000.000000    249399.278267        222500.0        567500.0                59.357500                21.363150                43.45250                76.25000                 49.000000                  0.000000                      NaN                      NaN        5.900000e+05       232307.267787           505000.0           740000.0   90.250000   46.963638      71.75     119.00         4       0         345000.0            235000.0       47.25         1.000000           100.000000
                Black or African American      Female Not Hispanic or Latino          53    535188.679245    205037.431536        415000.0        645000.0                83.508377                15.266351                79.00000                95.00000                 44.871795                  3.693376                      NaN                      NaN        6.670755e+05       217028.520729           525000.0           795000.0  169.377358   81.200897     119.00     200.00        49       4         230000.0            270000.0       81.00         0.924528            92.452830
                Black or African American        Male     Hispanic or Latino           5    395000.000000    310724.958766        155000.0        645000.0                71.320600                35.965455                72.60300                94.00000                 43.666667                  4.618802                      NaN                      NaN        6.350000e+05       388007.731882           315000.0           805000.0  144.600000  128.229482      48.00     230.00         3       2         490000.0            490000.0      182.00         0.600000            60.000000
                Black or African American        Male Not Hispanic or Latino          34    512352.941176    162933.502397        395000.0        640000.0                83.139647                14.390370                80.00000                94.93250                 44.785714                  3.695414                      NaN                      NaN        6.291176e+05       208197.424475           455000.0           735000.0  166.441176   80.914916     109.25     182.75        30       4         245000.0            280000.0       73.50         0.882353            88.235294
Native Hawaiian or Other Pacific Islander      Female Not Hispanic or Latino           5    435000.000000    156364.957711        445000.0        495000.0                79.138800                10.694721                70.00000                82.16300                 43.000000                  3.741657                      NaN                      NaN        5.730000e+05       152872.495891           465000.0           715000.0  124.400000   45.719799      95.00     160.00         4       1          50000.0            250000.0       65.00         0.800000            80.000000
Native Hawaiian or Other Pacific Islander        Male     Hispanic or Latino           2    625000.000000     28284.271247        615000.0        635000.0                65.000000                21.213203                57.50000                72.50000                 46.000000                       NaN                      NaN                      NaN        1.025000e+06       367695.526217           895000.0          1155000.0 1169.000000 1456.639969     654.00    1684.00         2       0          20000.0            260000.0     1030.00         1.000000           100.000000
Native Hawaiian or Other Pacific Islander        Male Not Hispanic or Latino           3    495000.000000    124899.959968        445000.0        565000.0                74.006667                23.504470                66.01000                87.50000                 45.333333                  4.725816                     43.5                     48.0        6.816667e+05        80829.037687           645000.0           725000.0  205.333333  166.458203     109.50     259.50         3       0         120000.0             80000.0      150.00         1.000000           100.000000
                                    White      Female     Hispanic or Latino         157    440414.012739    196297.427540        325000.0        565000.0                82.044968                17.359764                75.00000                95.00000                 44.686131                  3.327143                      NaN                      NaN        5.537898e+05       240619.793499           405000.0           685000.0  144.108280  143.077690      84.00     159.00       148       9         240000.0            280000.0       75.00         0.942675            94.267516
                                    White      Female Not Hispanic or Latino         367    477479.564033    227180.650757        315000.0        610000.0                71.121265                21.052593                57.38850                86.03500                 44.302920                  3.887548                      NaN                      NaN        7.016213e+05       348305.854359           485000.0           855000.0  160.847411  112.292668     100.00     189.50       344      23         295000.0            370000.0       89.50         0.937330            93.732970
                                    White        Male     Hispanic or Latino         282    457092.198582    187207.096039        345000.0        565000.0                82.084993                17.014355                79.88300                95.00000                 44.095455                  4.197736                      NaN                      NaN        5.813475e+05       250823.114313           405000.0           725000.0  158.308511  217.496285      93.00     183.50       249      33         220000.0            320000.0       90.50         0.882979            88.297872
                                    White        Male Not Hispanic or Latino         438    562511.415525    256124.913402        355000.0        745000.0                74.051000                19.020456                66.01850                89.78175                 43.204620                  4.194491                      NaN                      NaN        8.295662e+05       533323.562129           525000.0          1012500.0  214.783105  187.060193     118.00     251.00       414      24         390000.0            487500.0      133.00         0.945205            94.520548