                             derived_race derived_sex      derived_ethnicity  total_apps  avg_loan_amount  std_loan_amount  Q1_loan_amount  Q3_loan_amount  avg_loan_to_value_ratio  std_loan_to_value_ratio  Q1_loan_to_value_ratio  Q3_loan_to_value_ratio  avg_debt_to_income_ratio  std_debt_to_income_ratio  Q1_debt_to_income_ratio  Q3_debt_to_income_ratio  avg_property_value  std_property_value  Q1_property_value  Q3_property_value  avg_income  std_income  Q1_income  Q3_income  accepted  denied  iqr_loan_amount  iqr_property_value  iqr_income  acceptance_rate  acceptance_rate_pct
                 2 or more minority races      Female     Hispanic or Latino           2    410000.000000    148492.424049        357500.0        462500.0                79.750000                24.395184                71.12500                88.37500                 48.500000                  0.707107                    48.25                    48.75       510000.000000        35355.339059           497500.0           522500.0   96.500000   36.062446      83.75     109.25         2       0         105000.0             25000.0       25.50         1.000000           100.000000
                 2 or more minority races      Female Not Hispanic or Latino           3    471666.666667     68068.592856        445000.0        510000.0                83.700667                15.444572                78.05100                92.50000                 43.000000                  5.656854                      NaN                      NaN       595000.000000        10000.000000           590000.0           600000.0  118.333333   39.004273      96.00     132.00         2       1          65000.0             10000.0       36.00         0.666667            66.666667
                 2 or more minority races        Male Not Hispanic or Latino           8    643750.000000    292351.916117        477500.0        790000.0                82.895375                16.888318                76.75000                95.50000                 43.285714                  4.151879                      NaN                      NaN       862500.000000       582329.067501           500000.0           932500.0  186.125000   96.063130     115.50     248.75         8       0         312500.0            432500.0      133.25         1.000000           100.000000
         American Indian or Alaska Native      Female     Hispanic or Latino           4    517500.000000     99791.449199        440000.0        582500.0                83.702250                11.051242                77.50000                91.10675                 47.500000                  2.121320                      NaN                      NaN       625000.000000       143061.758226           535000.0           700000.0  123.250000   41.740268     100.00     155.75         3       1         142500.0            165000.0       55.75         0.750000            75.000000
         American Indian or Alaska Native      Female Not Hispanic or Latino           7    566428.571429    294981.839635        355000.0        735000.0                74.871286                16.103753                64.43500                87.50000                 44.333333                  4.802777                      NaN                      NaN       765000.000000       380744.883967           450000.0          1055000.0  184.714286  139.757784     115.00     181.00         6       1         380000.0            605000.0       66.00         0.857143            85.714286
         American Indian or Alaska Native        Male     Hispanic or Latino           9    412777.777778    180816.051402        295000.0        525000.0                69.797556                23.654477                56.55900                82.36000                 45.800000                  4.324350                      NaN                      NaN       662777.777778       323371.990816           355000.0           935000.0  149.333333  110.018180      86.00     165.00         7       2         230000.0            580000.0       79.00         0.777778            77.777778
         American Indian or Alaska Native        Male Not Hispanic or Latino           6    378333.333333    212100.605060        222500.0        477500.0                88.156667                11.585994                77.50000                96.50000                 45.600000                  2.408319                      NaN                      NaN       441666.666667       250173.273286           232500.0           635000.0  106.166667   69.208140      60.50     160.00         6       0         255000.0            402500.0       99.50         1.000000           100.000000
                                    Asian      Female     Hispanic or Latino           2    400000.000000     35355.339059        387500.0        412500.0                93.128000                 4.423660                91.56400                94.69200                 49.000000                  0.000000                    49.00                    49.00       435000.000000        56568.542495           415000.0           455000.0  104.500000   17.677670      98.25     110.75         2       0          25000.0             40000.0       12.50         1.000000           100.000000
                                    Asian      Female Not Hispanic or Latino         198    548989.898990    216665.406502        405000.0        682500.0                72.632697                16.996966                62.72025                80.00000                 43.619048                  4.065109                      NaN                      NaN       791565.656566       350376.625835           567500.0           975000.0  167.025253   81.965911     111.00     212.75       180      18         277500.0            407500.0      101.75         0.909091            90.909091
                                    Asian        Male     Hispanic or Latino          10    643000.000000    232512.843134        472500.0        745000.0                78.043700                22.553349                79.11350                90.00000                 47.833333                  2.401388                      NaN                      NaN       870000.000000       301597.597986           630000.0          1077500.0  170.100000   77.254917     120.50     186.75        10       0         272500.0            447500.0       66.25         1.000000           100.000000
                                    Asian        Male Not Hispanic or Latino         360    624333.333333    247643.152377        452500.0        765000.0                73.513192                17.895117                69.34425                80.00000                 43.695817                  4.173556                      NaN                      NaN       902833.333333       400465.989013           622500.0          1117500.0  207.422222  175.964416     131.75     237.75       330      30         312500.0            495000.0      106.00         0.916667            91.666667
                Black or African American      Female     Hispanic or Latino           3    468333.333333    310214.979221        310000.0        620000.0                74.052333                36.282423                63.57850                95.00000                 49.000000                  0.000000                      NaN                      NaN       608333.333333       188237.438713           500000.0           670000.0  161.333333  113.495962      99.00     210.00         3       0         310000.0            170000.0      111.00         1.000000           100.000000
                Black or African American      Female Not Hispanic or Latino          41    456707.317073    207772.741704        345000.0        585000.0                86.658488                16.676047                80.00000                99.14600                 44.727273                  3.653854                      NaN                      NaN       612073.170732       241031.573683           455000.0           715000.0  155.560976   70.839978     102.00     185.00        36       5         240000.0            260000.0       83.00         0.878049            87.804878
                Black or African American        Male     Hispanic or Latino           1    685000.000000              NaN        685000.0        685000.0                89.990000                      NaN                89.99000                89.99000                       NaN                       NaN                      NaN                      NaN       755000.000000                 NaN           755000.0           755000.0  145.000000         NaN     145.00     145.00         1       0              0.0                 0.0        0.00         1.000000           100.000000
                Black or African American        Male Not Hispanic or Latino          37    507702.702703    203547.000423        355000.0        655000.0                83.189184                19.398200                80.00000                95.00000                 44.185185                  3.833426                      NaN                      NaN       672837.837838       357158.034856           455000.0           775000.0  152.216216   69.120320      95.00     178.00        35       2         300000.0            320000.0       83.00         0.945946            94.594595
Native Hawaiian or Other Pacific Islander      Female Not Hispanic or Latino           3    631666.666667    450037.035513        375000.0        795000.0                80.236333                13.896007                73.23000                87.12450                 42.500000                  3.535534                      NaN                      NaN       858333.333333       760021.929508           420000.0          1095000.0   68.333333   59.011298      45.00     101.50         1       2         420000.0            675000.0       56.50         0.333333            33.333333
Native Hawaiian or Other Pacific Islander        Male     Hispanic or Latino           1    415000.000000              NaN        415000.0        415000.0                89.990000                      NaN                89.99000                89.99000                 37.000000                       NaN                    37.00                    37.00       455000.000000                 NaN           455000.0           455000.0  111.000000         NaN     111.00     111.00         1       0              0.0                 0.0        0.00         1.000000           100.000000
Native Hawaiian or Other Pacific Islander        Male Not Hispanic or Latino           2    345000.000000     84852.813742        315000.0        375000.0                72.000000                32.526912                60.50000                83.50000                 37.000000                       NaN                      NaN                      NaN       565000.000000       367695.526217           435000.0           695000.0  187.000000   73.539105     161.00     213.00         2       0          60000.0            260000.0       52.00         1.000000           100.000000
                                    White      Female     Hispanic or Latino         180    431611.111111    207316.355805        285000.0        545000.0                82.843214                16.814992                80.00000                95.00000                 44.547445                  3.988902                      NaN                      NaN       553555.555556       294925.655289           375000.0           695000.0  132.538889   92.938759      79.00     154.50       156      24         260000.0            320000.0       75.50         0.866667            86.666667
                                    White      Female Not Hispanic or Latino         355    488774.647887    249234.658855        305000.0        625000.0                68.925115                21.155084                53.53400                80.00000                 43.711462                  4.042403                      NaN                      NaN       736070.422535       392815.396471           485000.0           910000.0  166.611268  128.426531      95.00     200.00       332      23         320000.0            425000.0      105.00         0.935211            93.521127
                                    White        Male     Hispanic or Latino         274    463576.642336    205800.010417        317500.0        585000.0                82.849091                15.619019                78.19700                95.00000                 44.313901                  3.996635                      NaN                      NaN       581605.839416       245006.865648           415000.0           722500.0  146.919708  126.448157      90.00     161.00       255      19         267500.0            307500.0       71.00         0.930657            93.065693
                                    White        Male Not Hispanic or Latino         494    530344.129555    261344.206199        335000.0        705000.0                74.388277                19.423929                67.24425                89.98950                 43.108359                  4.246009                      NaN                      NaN       761093.117409       446288.638799           477500.0           922500.0  200.710526  148.242658     115.25     251.75       467      27         370000.0            445000.0      136.50         0.945344            94.534413