                             derived_race derived_sex      derived_ethnicity  total_apps  avg_loan_amount  std_loan_amount  Q1_loan_amount  Q3_loan_amount  avg_loan_to_value_ratio  std_loan_to_value_ratio  Q1_loan_to_value_ratio  Q3_loan_to_value_ratio  avg_debt_to_income_ratio  std_debt_to_income_ratio  Q1_debt_to_income_ratio  Q3_debt_to_income_ratio  avg_property_value  std_property_value  Q1_property_value  Q3_property_value  avg_income  std_income  Q1_income  Q3_income  accepted  denied  iqr_loan_amount  iqr_property_value  iqr_income  acceptance_rate  acceptance_rate_pct
                 2 or more minority races      Female     Hispanic or Latino           1    695000.000000              NaN        695000.0        695000.0                90.000000                      NaN                90.00000                90.00000                 40.000000                       NaN                     40.0                    40.00       935000.000000                 NaN           935000.0           935000.0  224.000000         NaN     224.00     224.00         1       0              0.0                 0.0        0.00         1.000000           100.000000
                 2 or more minority races      Female Not Hispanic or Latino           3    631666.666667    174737.898961        535000.0        705000.0                87.757667                 8.585987                84.13650                92.50000                 41.666667                  3.214550                     40.5                    43.50       725000.000000       210713.075057           625000.0           835000.0  174.666667   44.657959     150.00     193.50         2       1         170000.0            210000.0       43.50         0.666667            66.666667
                 2 or more minority races        Male     Hispanic or Latino           1    365000.000000              NaN        365000.0        365000.0               104.353000                      NaN               104.35300               104.35300                 38.000000                       NaN                     38.0                    38.00       425000.000000                 NaN           425000.0           425000.0  170.000000         NaN     170.00     170.00         1       0              0.0                 0.0        0.00         1.000000           100.000000
                 2 or more minority races        Male Not Hispanic or Latino           4    717500.000000    246221.445045        630000.0        817500.0                90.747500                 6.500387                87.25000                92.49250                 46.666667                  1.527525                      NaN                      NaN       812500.000000       299151.578078           732500.0           915000.0  252.750000  149.602529     157.75     338.00         4       0         187500.0            182500.0      180.25         1.000000           100.000000
         American Indian or Alaska Native      Female     Hispanic or Latino           4    375000.000000     69761.498455        337500.0        427500.0                89.334000                 9.953318                86.50950                95.49750                 44.750000                  4.573474                     44.0                    47.25       420000.000000        71879.528843           405000.0           460000.0  105.000000   13.711309      97.00     115.00         4       0          90000.0             55000.0       18.00         1.000000           100.000000
         American Indian or Alaska Native      Female Not Hispanic or Latino           2    550000.000000     21213.203436        542500.0        557500.0                79.491500                 0.719128                79.23725                79.74575                 46.000000                       NaN                      NaN                      NaN       690000.000000        21213.203436           682500.0           697500.0  333.500000  292.035101     230.25     436.75         2       0          15000.0             15000.0      206.50         1.000000           100.000000
         American Indian or Alaska Native        Male     Hispanic or Latino          17    436764.705882    167415.474722        325000.0        585000.0                76.109353                25.146859                66.00000                95.00000                 43.272727                  3.823373                      NaN                      NaN       587352.941176       133535.080211           515000.0           685000.0  143.470588   62.370984     113.00     154.00        14       3         260000.0            170000.0       41.00         0.823529            82.352941
         American Indian or Alaska Native        Male Not Hispanic or Latino           4    405000.000000    242624.538468        252500.0        527500.0                70.229500                26.620860                67.73200                82.49750                 47.000000                  0.000000                      NaN                      NaN       555000.000000       189560.896108           452500.0           632500.0  217.750000  180.579392      98.50     291.25         4       0         275000.0            180000.0      192.75         1.000000           100.000000
                                    Asian      Female     Hispanic or Latino           5    457000.000000    194602.158261        435000.0        555000.0                77.092000                16.242916                80.00000                80.00000                 48.000000                  1.414214                      NaN                      NaN       631000.000000       316433.247305           545000.0           695000.0  320.600000  456.871754      84.00     171.00         4       1         120000.0            150000.0       87.00         0.800000            80.000000
                                    Asian      Female Not Hispanic or Latino         218    559816.513761    233424.147288        397500.0        705000.0                70.632797                19.575093                56.15400                80.00000                 43.751592                  4.075656                      NaN                      NaN       853348.623853       424509.505545           575000.0           975000.0  181.825688  110.026796     112.25     212.75       203      15         307500.0            400000.0      100.50         0.931193            93.119266
                                    Asian        Male     Hispanic or Latino           5    377000.000000    106864.400059        315000.0        415000.0                83.195200                18.812717                81.58300                95.00000                 43.600000                  4.159327                     43.0                    46.00       469000.000000       140107.101890           365000.0           575000.0  104.600000   50.939179      80.00     142.00         4       1         100000.0            210000.0       62.00         0.800000            80.000000
                                    Asian        Male Not Hispanic or Latino         350    622942.857143    248317.656675        437500.0        765000.0                73.415328                16.850375                66.90875                84.36750                 43.635246                  4.041216                      NaN                      NaN       898057.142857       428402.874072           595000.0          1105000.0  213.425714  184.942007     127.25     236.50       327      23         327500.0            510000.0      109.25         0.934286            93.428571
                Black or African American      Female     Hispanic or Latino           3    518333.333333    211266.025033        450000.0        640000.0                93.329333                 7.636320                89.99400                97.49400                 41.000000                  2.828427                      NaN                      NaN       588333.333333       220302.821891           515000.0           715000.0  154.333333   90.897378     104.50     193.50         3       0         190000.0            200000.0       89.00         1.000000           100.000000
                Black or African American      Female Not Hispanic or Latino          38    516578.947368    216589.365063        370000.0        647500.0                84.194368                15.933648                80.00000                95.21750                 43.531250                  3.983712                      NaN                      NaN       646578.947368       224505.779325           510000.0           785000.0  148.000000   71.175079     106.25     172.25        32       6         277500.0            275000.0       66.00         0.842105            84.210526
                Black or African American        Male     Hispanic or Latino           6    526666.666667    138768.392174        402500.0        647500.0                90.831667                 5.845513                89.99250                95.00000                 46.000000                  3.162278                      NaN                      NaN       585000.000000       183303.027798           437500.0           715000.0  172.666667   42.448400     147.25     174.00         6       0         245000.0            277500.0       26.75         1.000000           100.000000
                Black or African American        Male Not Hispanic or Latino          43    530813.953488    238659.276536        355000.0        700000.0                83.446535                16.887419                80.00000                94.99350                 44.281250                  3.682867                      NaN                      NaN       666162.790698       348931.766439           410000.0           810000.0  169.604651   82.740599     102.00     221.50        39       4         345000.0            400000.0      119.50         0.906977            90.697674
Native Hawaiian or Other Pacific Islander      Female     Hispanic or Latino           1    395000.000000              NaN        395000.0        395000.0                95.000000                      NaN                95.00000                95.00000                       NaN                       NaN                      NaN                      NaN       425000.000000                 NaN           425000.0           425000.0  132.000000         NaN     132.00     132.00         1       0              0.0                 0.0        0.00         1.000000           100.000000
Native Hawaiian or Other Pacific Islander      Female Not Hispanic or Latino           1    355000.000000              NaN        355000.0        355000.0                52.000000                      NaN                52.00000                52.00000                 42.000000                       NaN                     42.0                    42.00       675000.000000                 NaN           675000.0           675000.0  106.000000         NaN     106.00     106.00         1       0              0.0                 0.0        0.00         1.000000           100.000000
Native Hawaiian or Other Pacific Islander        Male     Hispanic or Latino           1    135000.000000              NaN        135000.0        135000.0                51.923000                      NaN                51.92300                51.92300                       NaN                       NaN                      NaN                      NaN       265000.000000                 NaN           265000.0           265000.0   57.000000         NaN      57.00      57.00         1       0              0.0                 0.0        0.00         1.000000           100.000000
Native Hawaiian or Other Pacific Islander        Male Not Hispanic or Latino           2    620000.000000    106066.017178        582500.0        657500.0                80.000000                 0.000000                80.00000                80.00000                 39.000000                       NaN                      NaN                      NaN       775000.000000       141421.356237           725000.0           825000.0  167.000000    4.242641     165.50     168.50         2       0          75000.0            100000.0        3.00         1.000000           100.000000
                                    White      Female     Hispanic or Latino         150    418666.666667    190771.716653        295000.0        512500.0                78.498467                18.857723                72.03850                94.75000                 44.192982                  3.961937                      NaN                      NaN       565200.000000       321655.679009           395000.0           655000.0  130.386667  101.630386      78.00     150.00       136      14         217500.0            260000.0       72.00         0.906667            90.666667
                                    White      Female Not Hispanic or Latino         361    477188.365651    246647.359555        305000.0        615000.0                71.323956                21.392903                59.02000                88.69000                 43.863454                  4.151058                      NaN                      NaN       712479.224377       397141.194085           465000.0           905000.0  165.504155  135.677909      99.00     190.00       335      26         310000.0            440000.0       91.00         0.927978            92.797784
                                    White        Male     Hispanic or Latino         279    463100.358423    203585.603139        325000.0        595000.0                84.529394                14.461009                80.00000                95.00000                 44.032864                  3.869797                      NaN                      NaN       579193.548387       265693.023145           405000.0           715000.0  146.347670   90.235529      93.00     174.00       245      34         270000.0            310000.0       81.00         0.878136            87.813620
                                    White        Male Not Hispanic or Latino         501    564960.079840    247173.619958        395000.0        725000.0                76.160073                17.495139                69.21000                90.00000                 43.610063                  4.010101                      NaN                      NaN       795419.161677       432972.544109           515000.0           965000.0  219.287425  380.322465     120.00     248.00       464      37         330000.0            450000.0      128.00         0.926148            92.614770