                             derived_race derived_sex      derived_ethnicity  total_apps  avg_loan_amount  std_loan_amount  Q1_loan_amount  Q3_loan_amount  avg_loan_to_value_ratio  std_loan_to_value_ratio  Q1_loan_to_value_ratio  Q3_loan_to_value_ratio  avg_debt_to_income_ratio  std_debt_to_income_ratio  Q1_debt_to_income_ratio  Q3_debt_to_income_ratio  avg_property_value  std_property_value  Q1_property_value  Q3_property_value  avg_income  std_income  Q1_income  Q3_income  accepted  denied  iqr_loan_amount  iqr_property_value  iqr_income  acceptance_rate  acceptance_rate_pct
                 2 or more minority races      Female Not Hispanic or Latino           4    397500.000000    207585.323823        310000.0        532500.0                70.068250                11.581938                 64.0000                78.70475                 41.666667                  4.725816                      NaN                      NaN       547500.000000       267628.473821           400000.0           752500.0  113.500000   47.850462     102.75     132.25         4       0         222500.0            352500.0       29.50         1.000000           100.000000
                 2 or more minority races        Male     Hispanic or Latino           2    485000.000000    268700.576851        390000.0        580000.0                93.500000                 4.949747                 91.7500                95.25000                 43.000000                  4.242641                    41.50                    44.50       655000.000000       452548.339959           495000.0           815000.0  143.500000   84.145707     113.75     173.25         2       0         190000.0            320000.0       59.50         1.000000           100.000000
                 2 or more minority races        Male Not Hispanic or Latino           3    565000.000000    347706.773014        365000.0        680000.0                76.666667                22.188586                 66.5000                88.50000                 40.000000                       NaN                      NaN                      NaN       751666.666667       407717.222267           525000.0           920000.0  211.333333  127.445413     140.50     264.00         3       0         315000.0            395000.0      123.50         1.000000           100.000000
         American Indian or Alaska Native      Female     Hispanic or Latino           5    325000.000000    167481.342244        215000.0        425000.0                57.207600                31.614225                 35.0980                80.00000                 44.500000                  3.696846                      NaN                      NaN       625000.000000       232379.000772           445000.0           765000.0   98.200000   28.934409      88.00     108.00         5       0         210000.0            320000.0       20.00         1.000000           100.000000
         American Indian or Alaska Native      Female Not Hispanic or Latino           4    597500.000000    337280.793010        367500.0        715000.0                92.250000                 8.381527                 91.2500                96.00000                 43.333333                  6.429101                      NaN                      NaN       682500.000000       456681.873226           387500.0           805000.0  220.500000  181.057081     114.00     256.00         4       0         347500.0            417500.0      142.00         1.000000           100.000000
         American Indian or Alaska Native        Male     Hispanic or Latino           7    419285.714286    126998.312700        335000.0        515000.0                83.324143                19.243254                 80.0000                95.00000                 44.666667                  3.829708                      NaN                      NaN       549285.714286       260631.102190           365000.0           635000.0  172.428571   66.148462     115.50     227.50         7       0         180000.0            270000.0      112.00         1.000000           100.000000
         American Indian or Alaska Native        Male Not Hispanic or Latino           2    745000.000000     28284.271247        735000.0        755000.0                89.300000                 2.404163                 88.4500                90.15000                 47.000000                       NaN                      NaN                      NaN       890000.000000        21213.203436           882500.0           897500.0  219.500000   85.559921     189.25     249.75         2       0          20000.0             15000.0       60.50         1.000000           100.000000
                                    Asian      Female     Hispanic or Latino           7    357857.142857    160386.438092        270000.0        505000.0                66.819571                28.710691                 59.3685                85.00000                 44.333333                  3.386247                      NaN                      NaN       597857.142857       228743.982487           440000.0           695000.0  172.428571  214.618931      69.50     121.50         6       1         235000.0            255000.0       52.00         0.857143            85.714286
                                    Asian      Female Not Hispanic or Latino         208    573125.000000    232449.347763        425000.0        705000.0                72.272091                17.683859                 60.0000                85.00000                 43.390244                  3.931175                      NaN                      NaN       835961.538462       378854.156561           585000.0           955000.0  186.144231  130.563655     123.75     213.00       201       7         280000.0            370000.0       89.25         0.966346            96.634615
                                    Asian        Male     Hispanic or Latino          10    521000.000000    177963.791573        450000.0        675000.0                80.612500                15.796264                 75.1975                91.40850                 44.125000                  3.720119                      NaN                      NaN       661000.000000       243730.269857           517500.0           875000.0  157.000000   78.307088     100.75     178.50         9       1         225000.0            357500.0       77.75         0.900000            90.000000
                                    Asian        Male Not Hispanic or Latino         406    620369.458128    242793.895124        455000.0        765000.0                72.517192                18.015277                 64.1300                80.00000                 43.923077                  3.954259                      NaN                      NaN       904236.453202       414770.688693           645000.0          1105000.0  214.827586  202.154750     132.25     234.75       379      27         310000.0            460000.0      102.50         0.933498            93.349754
                Black or African American      Female     Hispanic or Latino           3    305000.000000    104403.065089        245000.0        340000.0               100.339000                 2.891671                 99.5000               102.00850                 43.666667                  4.725816                    41.00                    45.50       451666.666667       340783.411177           255000.0           555000.0   95.666667   36.746882      74.50     107.50         1       2          95000.0            300000.0       33.00         0.333333            33.333333
                Black or African American      Female Not Hispanic or Latino          47    520744.680851    199964.612966        360000.0        685000.0                81.260298                20.321256                 77.6075                95.00000                 45.394737                  3.325085                      NaN                      NaN       674787.234043       249202.984853           495000.0           790000.0  153.936170   75.032284     107.00     188.50        41       6         325000.0            295000.0       81.50         0.872340            87.234043
                Black or African American        Male     Hispanic or Latino           5    533000.000000    205596.692580        455000.0        705000.0                84.454400                16.127256                 83.0000                95.00000                 46.500000                  1.732051                      NaN                      NaN       651000.000000       247244.817944           555000.0           845000.0  171.800000   77.502903     123.00     226.00         4       1         250000.0            290000.0      103.00         0.800000            80.000000
                Black or African American        Male Not Hispanic or Latino          32    518125.000000    203334.104529        390000.0        635000.0                85.260469                16.515813                 80.0000                95.50000                 44.454545                  3.647925                      NaN                      NaN       669375.000000       350390.910731           455000.0           797500.0  152.625000   71.420947      95.00     198.25        27       5         245000.0            342500.0      103.25         0.843750            84.375000
Native Hawaiian or Other Pacific Islander      Female     Hispanic or Latino           2    390000.000000     77781.745931        362500.0        417500.0                95.000000                 7.071068                 92.5000                97.50000                 48.500000                  0.707107                    48.25                    48.75       410000.000000        63639.610307           387500.0           432500.0  115.000000   39.597980     101.00     129.00         2       0          55000.0             45000.0       28.00         1.000000           100.000000
Native Hawaiian or Other Pacific Islander        Male     Hispanic or Latino           3    248333.333333     72341.781381        225000.0        290000.0                73.969000                38.171912                 62.4535                96.00000                 45.333333                  3.214550                    43.50                    46.50       385000.000000       130000.000000           310000.0           425000.0   63.666667   18.929694      57.00      74.50         2       1          65000.0            115000.0       17.50         0.666667            66.666667
Native Hawaiian or Other Pacific Islander        Male Not Hispanic or Latino           4    640000.000000    142478.068488        567500.0        737500.0                77.000000                14.583095                 69.7500                83.75000                 42.666667                  2.081666                      NaN                      NaN       835000.000000       153405.779987           755000.0           840000.0  177.250000   42.445063     150.75     197.00         4       0         170000.0             85000.0       46.25         1.000000           100.000000
                                    White      Female     Hispanic or Latino         190    460473.684211    220783.925212        305000.0        602500.0                80.067179                19.060988                 75.0000                95.00000                 43.946309                  4.247074                      NaN                      NaN       606157.894737       268942.129681           415000.0           725000.0  147.852632  105.042946      86.25     180.25       175      15         297500.0            310000.0       94.00         0.921053            92.105263
                                    White      Female Not Hispanic or Latino         359    489456.824513    231287.802773        330000.0        645000.0                72.662541                20.582695                 63.2180                89.17650                 43.872000                  4.167142                      NaN                      NaN       700988.857939       319126.881281           485000.0           865000.0  173.487465  158.910481     100.00     199.00       335      24         315000.0            380000.0       99.00         0.933148            93.314763
                                    White        Male     Hispanic or Latino         273    487820.512821    211548.285800        345000.0        615000.0                82.979253                15.260055                 80.0000                95.00000                 44.186869                  3.838151                      NaN                      NaN       602692.307692       258968.869877           425000.0           735000.0  171.322344  197.253603      95.00     185.00       241      32         270000.0            310000.0       90.00         0.882784            88.278388
                                    White        Male Not Hispanic or Latino         424    542971.698113    252674.842494        355000.0        715000.0                72.308976                18.968156                 64.0120                85.00000                 43.409420                  4.153743                      NaN                      NaN       795801.886792       446120.994514           515000.0           955000.0  208.186321  189.333660     115.75     247.25       391      33         360000.0            440000.0      131.50         0.922170            92.216981