                             derived_race derived_sex      derived_ethnicity  total_apps  avg_loan_amount  std_loan_amount  Q1_loan_amount  Q3_loan_amount  avg_loan_to_value_ratio  std_loan_to_value_ratio  Q1_loan_to_value_ratio  Q3_loan_to_value_ratio  avg_debt_to_income_ratio  std_debt_to_income_ratio  Q1_debt_to_income_ratio  Q3_debt_to_income_ratio  avg_property_value  std_property_value  Q1_property_value  Q3_property_value  avg_income  std_income  Q1_income  Q3_income  accepted  denied  iqr_loan_amount  iqr_property_value  iqr_income  acceptance_rate  acceptance_rate_pct
                 2 or more minority races      Female Not Hispanic or Latino           4    507500.000000    145459.043491        422500.0        550000.0                87.000000                19.476482                85.75000                96.25000                 45.666667                  3.214550                      NaN                      NaN       637500.000000       193110.503771           480000.0           772500.0  148.500000   29.860788     146.00     163.50         4       0         127500.0            292500.0       17.50         1.000000           100.000000
                 2 or more minority races        Male     Hispanic or Latino           3    441666.666667     65064.070986        410000.0        475000.0                76.429333                12.877631                69.66300                82.48100                 40.000000                  5.656854                      NaN                      NaN       595000.000000       164620.776332           500000.0           645000.0  140.666667   30.038864     131.50     158.00         3       0          65000.0            145000.0       26.50         1.000000           100.000000
                 2 or more minority races        Male Not Hispanic or Latino           1    405000.000000              NaN        405000.0        405000.0               100.000000                      NaN               100.00000               100.00000                 47.000000                       NaN                    47.00                    47.00       425000.000000                 NaN           425000.0           425000.0   91.000000         NaN      91.00      91.00         1       0              0.0                 0.0        0.00         1.000000           100.000000
         American Indian or Alaska Native      Female     Hispanic or Latino           5    365000.000000     87464.278423        315000.0        405000.0                85.600000                11.674759                80.00000                90.00000                 46.200000                  2.949576                    47.00                    48.00       429000.000000       103344.085462           365000.0           425000.0  103.000000   51.107729      68.00     113.00         5       0          90000.0             60000.0       45.00         1.000000           100.000000
         American Indian or Alaska Native      Female Not Hispanic or Latino           3    351666.666667    105039.675044        300000.0        405000.0                61.046667                10.005325                56.82000                66.57000                 42.500000                  7.778175                      NaN                      NaN       605000.000000       278388.218142           455000.0           730000.0  252.000000  249.487475     108.00     327.00         3       0         105000.0            275000.0      219.00         1.000000           100.000000
         American Indian or Alaska Native        Male     Hispanic or Latino          10    490000.000000    189926.886517        400000.0        565000.0                82.425100                13.557253                80.00000                92.50000                 43.111111                  4.456581                      NaN                      NaN       621000.000000       285820.456464           440000.0           862500.0  187.400000   98.924438     133.75     211.75         9       1         165000.0            422500.0       78.00         0.900000            90.000000
         American Indian or Alaska Native        Male Not Hispanic or Latino           3    448333.333333     80208.062770        410000.0        490000.0                85.000000                10.000000                80.00000                90.00000                 46.333333                  3.055050                    45.00                    48.00       531666.666667        87368.949481           495000.0           580000.0  120.000000   56.665686      87.50     139.50         3       0          80000.0             85000.0       52.00         1.000000           100.000000
                                    Asian      Female     Hispanic or Latino          10    399000.000000    182768.827879        297500.0        460000.0                69.052800                18.212576                57.88775                79.97275                 43.875000                  4.120940                      NaN                      NaN       606000.000000       331911.969588           435000.0           602500.0  122.200000   63.345262      89.00     134.00        10       0         162500.0            167500.0       45.00         1.000000           100.000000
                                    Asian      Female Not Hispanic or Latino         222    579819.819820    246214.257509        405000.0        752500.0                71.487914                17.993318                62.12500                80.00000                 43.192308                  4.127196                      NaN                      NaN       845990.990991       336628.089301           615000.0          1055000.0  182.117117  111.406860     125.00     209.75       212      10         347500.0            440000.0       84.75         0.954955            95.495495
                                    Asian        Male     Hispanic or Latino           4    415000.000000    180923.556601        337500.0        442500.0                77.473500                24.890656                70.41750                92.66800                 47.500000                  2.121320                      NaN                      NaN       545000.000000       156418.242755           437500.0           637500.0  353.500000  453.327328     130.75     371.25         3       1         105000.0            200000.0      240.50         0.750000            75.000000
                                    Asian        Male Not Hispanic or Latino         374    627032.085561    241546.933783        445000.0        765000.0                72.651120                17.215347                63.80900                80.00000                 43.869732                  4.107952                      NaN                      NaN       925427.807487       441431.778287           645000.0          1145000.0  203.248663  119.026591     132.00     247.50       341      33         320000.0            500000.0      115.50         0.911765            91.176471
                Black or African American      Female     Hispanic or Latino           4    497500.000000     53774.219350        485000.0        517500.0                89.631000                20.176240                87.63100               100.50000                 42.500000                  4.509250                    39.75                    43.75       727500.000000       152397.506541           652500.0           845000.0  147.500000    7.505553     143.25     153.25         4       0          32500.0            192500.0       10.00         1.000000           100.000000
                Black or African American      Female Not Hispanic or Latino          33    473484.848485    233694.795782        315000.0        555000.0                86.503333                14.895890                80.00000                97.00000                 44.708333                  4.267971                      NaN                      NaN       602575.757576       276224.889164           425000.0           745000.0  150.696970   81.719599      89.00     165.00        31       2         240000.0            320000.0       76.00         0.939394            93.939394
                Black or African American        Male     Hispanic or Latino           4    455000.000000     47609.522857        445000.0        485000.0                81.292500                12.426406                76.29250                87.50000                 48.000000                  1.000000                      NaN                      NaN       570000.000000       115036.226178           492500.0           632500.0  146.000000   53.022008     126.75     179.25         4       0          40000.0            140000.0       52.50         1.000000           100.000000
                Black or African American        Male Not Hispanic or Latino          34    544411.764706    208413.068520        410000.0        672500.0                81.286059                19.649714                80.00000                95.00000                 44.923077                  4.232475                      NaN                      NaN       708529.411765       373727.192294           502500.0           812500.0  184.205882   98.445733     128.75     221.75        31       3         262500.0            310000.0       93.00         0.911765            91.176471
Native Hawaiian or Other Pacific Islander      Female Not Hispanic or Latino           1    425000.000000              NaN        425000.0        425000.0               100.000000                      NaN               100.00000               100.00000                 49.000000                       NaN                    49.00                    49.00       525000.000000                 NaN           525000.0           525000.0   84.000000         NaN      84.00      84.00         1       0              0.0                 0.0        0.00         1.000000           100.000000
Native Hawaiian or Other Pacific Islander        Male     Hispanic or Latino           3    368333.333333    100166.528009        320000.0        420000.0                97.333000                 2.517075                95.99950                98.50000                 45.500000                  0.707107                      NaN                      NaN       381666.666667       110604.400154           330000.0           440000.0   92.333333   17.473790      85.00     102.00         2       1         100000.0            110000.0       17.00         0.666667            66.666667
Native Hawaiian or Other Pacific Islander        Male Not Hispanic or Latino           2    435000.000000    113137.084990        395000.0        475000.0                95.000000                 0.000000                95.00000                95.00000                       NaN                       NaN                      NaN                      NaN       455000.000000       127279.220614           410000.0           500000.0  221.500000   13.435029     216.75     226.25         2       0          80000.0             90000.0        9.50         1.000000           100.000000
                                    White      Female     Hispanic or Latino         146    434109.589041    190530.733272        315000.0        532500.0                81.485274                17.101830                72.87850                95.00000                 44.446429                  4.119475                      NaN                      NaN       564863.013699       263940.918941           397500.0           655000.0  130.445205   73.964673      80.50     163.75       133      13         217500.0            257500.0       83.25         0.910959            91.095890
                                    White      Female Not Hispanic or Latino         362    486574.585635    257924.823627        297500.0        642500.0                71.251265                21.024082                58.29250                89.99750                 44.559524                  4.052498                      NaN                      NaN       724060.773481       387731.811327           465000.0           895000.0  165.265193  108.081745      95.25     209.75       337      25         345000.0            430000.0      114.50         0.930939            93.093923
                                    White        Male     Hispanic or Latino         280    475107.142857    222355.400121        312500.0        605000.0                82.201993                18.244416                80.00000                95.00000                 43.917874                  4.004611                      NaN                      NaN       604321.428571       294724.043649           415000.0           755000.0  184.689286  237.497225      91.75     183.50       252      28         292500.0            340000.0       91.75         0.900000            90.000000
                                    White        Male Not Hispanic or Latino         492    550691.056911    253786.257392        365000.0        725000.0                74.803077                18.795613                65.88175                90.00000                 43.779817                  3.975441                      NaN                      NaN       791971.544715       454297.397595           505000.0           955000.0  210.274390  192.505497     116.00     248.00       461      31         360000.0            450000.0      132.00         0.936992            93.699187