                             derived_race derived_sex      derived_ethnicity  total_apps  avg_loan_amount  std_loan_amount  Q1_loan_amount  Q3_loan_amount  avg_loan_to_value_ratio  std_loan_to_value_ratio  Q1_loan_to_value_ratio  Q3_loan_to_value_ratio  avg_debt_to_income_ratio  std_debt_to_income_ratio  Q1_debt_to_income_ratio  Q3_debt_to_income_ratio  avg_property_value  std_property_value  Q1_property_value  Q3_property_value  avg_income  std_income  Q1_income  Q3_income  accepted  denied  iqr_loan_amount  iqr_property_value  iqr_income  acceptance_rate  acceptance_rate_pct
                 2 or more minority races      Female Not Hispanic or Latino           1    555000.000000              NaN        555000.0        555000.0                40.845000                      NaN                40.84500                40.84500                 48.000000                       NaN                    48.00                     48.0        1.355000e+06                 NaN          1355000.0          1355000.0  175.000000         NaN     175.00     175.00         1       0              0.0                 0.0        0.00         1.000000           100.000000
                 2 or more minority races        Male     Hispanic or Latino           1    555000.000000              NaN        555000.0        555000.0                95.000000                      NaN                95.00000                95.00000                 43.000000                       NaN                    43.00                     43.0        5.850000e+05                 NaN           585000.0           585000.0  132.000000         NaN     132.00     132.00         1       0              0.0                 0.0        0.00         1.000000           100.000000
         American Indian or Alaska Native      Female     Hispanic or Latino          11    373181.818182    177472.148903        275000.0        455000.0                77.961545                21.924605                63.94450                90.76700                 44.700000                  3.128720                      NaN                      NaN        4.922727e+05       204406.013076           395000.0           590000.0  109.818182   30.498584      87.00     136.00         9       2         180000.0            195000.0       49.00         0.818182            81.818182
         American Indian or Alaska Native      Female Not Hispanic or Latino           4    285000.000000    159791.530856        257500.0        357500.0                56.999500                34.573821                42.73925                74.65925                 45.250000                  4.349329                    41.75                     49.0        4.900000e+05        83466.560170           437500.0           522500.0   76.250000   34.548275      58.00      96.25         4       0         100000.0             85000.0       38.25         1.000000           100.000000
         American Indian or Alaska Native        Male     Hispanic or Latino          10    423000.000000    220343.166699        300000.0        565000.0                83.501700                 7.634171                80.00000                88.47775                 44.500000                  4.203173                      NaN                      NaN        5.190000e+05       280404.469769           365000.0           687500.0  158.000000   65.721635     100.50     193.50         7       3         265000.0            322500.0       93.00         0.700000            70.000000
         American Indian or Alaska Native        Male Not Hispanic or Latino           3    545000.000000    105830.052443        485000.0        585000.0                65.803667                24.588771                58.70550                80.00000                 49.000000                       NaN                      NaN                      NaN        9.116667e+05       387341.365379           700000.0          1080000.0  275.000000  167.071841     179.50     334.50         3       0         100000.0            380000.0      155.00         1.000000           100.000000
                                    Asian      Female     Hispanic or Latino           5    409000.000000    156140.961954        375000.0        495000.0                64.858000                26.437009                40.22400                80.00000                 46.600000                  2.607681                    47.00                     48.0        6.390000e+05       173002.890149           585000.0           615000.0  105.000000   24.031230      89.00     122.00         5       0         120000.0             30000.0       33.00         1.000000           100.000000
                                    Asian      Female Not Hispanic or Latino         232    560129.310345    233069.078446        385000.0        675000.0                71.923978                18.996887                60.45000                80.52350                 43.709302                  4.047572                      NaN                      NaN        8.141379e+05       340988.044796           575000.0           975000.0  173.827586   82.685737     119.50     214.00       211      21         290000.0            400000.0       94.50         0.909483            90.948276
                                    Asian        Male     Hispanic or Latino          15    587000.000000    209530.086486        415000.0        710000.0                84.600000                 8.805842                80.00000                92.50000                 42.666667                  3.535534                      NaN                      NaN        7.116667e+05       292346.825990           495000.0           895000.0  220.733333  229.133606     133.00     201.50        13       2         295000.0            400000.0       68.50         0.866667            86.666667
                                    Asian        Male Not Hispanic or Latino         361    622590.027701    238631.534449        435000.0        765000.0                73.279933                32.043402                60.00000                80.00000                 43.362934                  4.072923                      NaN                      NaN        9.261911e+05       437248.936888           635000.0          1135000.0  212.634349  133.347184     135.00     250.00       343      18         330000.0            500000.0      115.00         0.950139            95.013850
                Black or African American      Female     Hispanic or Latino           1    505000.000000              NaN        505000.0        505000.0                95.000000                      NaN                95.00000                95.00000                 48.000000                       NaN                    48.00                     48.0        5.350000e+05                 NaN           535000.0           535000.0  119.000000         NaN     119.00     119.00         1       0              0.0                 0.0        0.00         1.000000           100.000000
                Black or African American      Female Not Hispanic or Latino          55    444090.909091    184704.696518        300000.0        555000.0               119.605255               267.052863                79.99750                97.00000                 44.204545                  3.770014                      NaN                      NaN        5.555455e+05       225293.374020           405000.0           655000.0  136.345455   60.782922     102.50     158.50        47       8         255000.0            250000.0       56.00         0.854545            85.454545
                Black or African American        Male     Hispanic or Latino           3    525000.000000    185202.591775        420000.0        595000.0                90.025000                10.397205                86.53750                96.00000                 46.500000                  0.707107                      NaN                      NaN        6.016667e+05       291433.239925           435000.0           705000.0  153.666667   29.399546     141.50     170.00         2       1         175000.0            270000.0       28.50         0.666667            66.666667
                Black or African American        Male Not Hispanic or Latino          27    582407.407407    192805.054845        475000.0        680000.0                82.942259                14.080299                80.00000                92.50000                 44.521739                  3.314837                      NaN                      NaN        7.412963e+05       298150.041579           585000.0           805000.0  184.777778   83.442902     127.00     243.50        26       1         205000.0            220000.0      116.50         0.962963            96.296296
Native Hawaiian or Other Pacific Islander      Female     Hispanic or Latino           1    345000.000000              NaN        345000.0        345000.0                98.000000                      NaN                98.00000                98.00000                       NaN                       NaN                      NaN                      NaN        3.650000e+05                 NaN           365000.0           365000.0  102.000000         NaN     102.00     102.00         0       1              0.0                 0.0        0.00         0.000000             0.000000
Native Hawaiian or Other Pacific Islander      Female Not Hispanic or Latino           2    515000.000000    367695.526217        385000.0        645000.0                75.000000                21.213203                67.50000                82.50000                 42.000000                       NaN                      NaN                      NaN        6.500000e+05       304055.915910           542500.0           757500.0  128.000000   83.438600      98.50     157.50         2       0         260000.0            215000.0       59.00         1.000000           100.000000
Native Hawaiian or Other Pacific Islander        Male Not Hispanic or Latino           9    597222.222222    241183.424896        455000.0        725000.0                81.654444                14.729628                72.60900                95.00000                 44.750000                  3.535534                      NaN                      NaN        7.250000e+05       225554.871373           615000.0           765000.0  170.888889   81.147157     122.00     185.00         9       0         270000.0            150000.0       63.00         1.000000           100.000000
                                    White      Female     Hispanic or Latino         176    445625.000000    188030.867527        305000.0        565000.0                80.279068                17.001137                74.75000                95.00000                 44.228571                  4.180019                      NaN                      NaN        5.748864e+05       243301.080114           395000.0           705000.0  169.914773  264.219062      85.50     160.25       166      10         260000.0            310000.0       74.75         0.943182            94.318182
                                    White      Female Not Hispanic or Latino         360    473833.333333    228642.049128        312500.0        595000.0                72.230906                20.473432                58.72525                89.01025                 43.388000                  4.130095                      NaN                      NaN        7.003611e+05       372107.425467           462500.0           860000.0  156.577778  106.889991     101.00     185.00       333      27         282500.0            397500.0       84.00         0.925000            92.500000
                                    White        Male     Hispanic or Latino         262    480877.862595    204221.239168        337500.0        612500.0                83.969584                14.468754                80.00000                95.00000                 44.358209                  3.998880                      NaN                      NaN        5.971374e+05       261211.464763           415000.0           745000.0  158.427481  143.850792      92.25     175.75       245      17         275000.0            330000.0       83.50         0.935115            93.511450
                                    White        Male Not Hispanic or Latino         461    547017.353579    253227.959946        375000.0        705000.0                74.850414                18.321898                67.00000                89.79200                 43.366242                  3.906610                      NaN                      NaN        7.799892e+05       448729.910404           495000.0           975000.0  220.811280  316.694609     118.00     237.00       433      28         330000.0            480000.0      119.00         0.939262            93.926247