                             derived_race derived_sex      derived_ethnicity  total_apps  avg_loan_amount  std_loan_amount  Q1_loan_amount  Q3_loan_amount  avg_loan_to_value_ratio  std_loan_to_value_ratio  Q1_loan_to_value_ratio  Q3_loan_to_value_ratio  avg_debt_to_income_ratio  std_debt_to_income_ratio  Q1_debt_to_income_ratio  Q3_debt_to_income_ratio  avg_property_value  std_property_value  Q1_property_value  Q3_property_value  avg_income  std_income  Q1_income  Q3_income  accepted  denied  iqr_loan_amount  iqr_property_value  iqr_income  acceptance_rate  acceptance_rate_pct
                 2 or more minority races      Female     Hispanic or Latino           1    585000.000000              NaN        585000.0        585000.0                97.000000                      NaN                97.00000                97.00000                 38.000000                       NaN                    38.00                    38.00       605000.000000                 NaN           605000.0           605000.0  195.000000         NaN     195.00     195.00         1       0              0.0                 0.0        0.00         1.000000           100.000000
                 2 or more minority races      Female Not Hispanic or Latino           3    571666.666667    434664.621672        325000.0        735000.0                62.958000                35.182145                50.38700                83.06100                 48.000000                       NaN                      NaN                      NaN       975000.000000       461844.129550           780000.0          1230000.0  164.666667  114.045313     102.00     213.50         3       0         410000.0            450000.0      111.50         1.000000           100.000000
                 2 or more minority races        Male Not Hispanic or Latino           3    721666.666667    585178.035587        425000.0       1010000.0                80.000000                 5.000000                77.50000                82.50000                 43.333333                  4.163332                    41.00                    45.00       935000.000000       774854.825112           525000.0          1295000.0  170.333333  122.785721     111.50     234.00         2       1         585000.0            770000.0      122.50         0.666667            66.666667
         American Indian or Alaska Native      Female     Hispanic or Latino           3    445000.000000     91651.513899        405000.0        495000.0                78.733333                 5.109152                76.55500                81.54500                 48.000000                       NaN                      NaN                      NaN       561666.666667        87368.949481           525000.0           610000.0  189.000000   76.622451     152.00     228.50         3       0          90000.0             85000.0       76.50         1.000000           100.000000
         American Indian or Alaska Native      Female Not Hispanic or Latino           5    519000.000000    217554.590850        375000.0        585000.0                77.748400                12.602185                74.99000                87.64700                 43.500000                  7.778175                      NaN                      NaN       741000.000000       415367.307332           535000.0           745000.0  182.600000   84.995882     152.00     191.00         5       0         210000.0            210000.0       39.00         1.000000           100.000000
         American Indian or Alaska Native        Male     Hispanic or Latino           8    343750.000000    204061.440328        172500.0        470000.0                58.514875                28.633070                37.60700                82.50000                 42.800000                  6.220932                      NaN                      NaN       570000.000000        95169.022571           522500.0           632500.0  130.250000   88.863861      64.25     171.00         7       1         297500.0            110000.0      106.75         0.875000            87.500000
         American Indian or Alaska Native        Male Not Hispanic or Latino           7    413571.428571    142878.569822        355000.0        440000.0                85.158000                 5.945706                80.00000                88.05300                 44.400000                  1.516575                      NaN                      NaN       490714.285714       158309.522019           420000.0           550000.0  168.857143  172.627179      81.00     170.00         7       0          85000.0            130000.0       89.00         1.000000           100.000000
                                    Asian      Female     Hispanic or Latino           6    391666.666667    143061.758226        350000.0        470000.0                72.344333                27.958101                50.00000                93.75000                 47.000000                  3.464102                      NaN                      NaN       563333.333333       162777.967387           460000.0           582500.0   96.500000   21.649480      81.25     115.50         6       0         120000.0            122500.0       34.25         1.000000           100.000000
                                    Asian      Female Not Hispanic or Latino         221    573009.049774    232386.081396        405000.0        695000.0                72.589814                18.895521                62.96300                85.00000                 43.670520                  3.919406                      NaN                      NaN       840384.615385       380313.819626           575000.0          1005000.0  169.737557   83.138897     111.00     208.00       206      15         290000.0            430000.0       97.00         0.932127            93.212670
                                    Asian        Male     Hispanic or Latino           8    615000.000000    257792.829336        467500.0        750000.0                85.538500                 9.468149                79.88625                93.74975                 44.200000                  4.764452                      NaN                      NaN       741250.000000       371634.901483           580000.0           900000.0  162.750000  106.849360      68.75     223.00         6       2         282500.0            320000.0      154.25         0.750000            75.000000
                                    Asian        Male Not Hispanic or Latino         345    631521.739130    236051.741513        455000.0        795000.0                73.472467                17.473101                66.05200                84.99800                 43.796813                  4.066762                      NaN                      NaN       909202.898551       376652.196751           635000.0          1135000.0  208.794203  278.955946     136.00     238.00       324      21         340000.0            500000.0      102.00         0.939130            93.913043
                Black or African American      Female     Hispanic or Latino           2    450000.000000    304055.915910        342500.0        557500.0                91.008500                15.568370                85.50425                96.51275                 47.500000                  2.121320                    46.75                    48.25       540000.000000       417193.000900           392500.0           687500.0  135.000000   89.095454     103.50     166.50         1       1         215000.0            295000.0       63.00         0.500000            50.000000
                Black or African American      Female Not Hispanic or Latino          34    488529.411765    216904.983428        337500.0        600000.0                83.064235                18.219400                80.00000                95.00000                 44.916667                  3.843873                      NaN                      NaN       620882.352941       254869.160100           440000.0           795000.0  265.705882  619.229361      94.50     220.50        31       3         262500.0            355000.0      126.00         0.911765            91.176471
                Black or African American        Male     Hispanic or Latino           3    531666.666667    162583.311977        460000.0        620000.0                76.623333                20.276973                67.43500                87.50000                 44.000000                  4.242641                      NaN                      NaN       698333.333333       130511.813003           625000.0           750000.0  190.666667   49.521039     162.50     209.00         3       0         160000.0            125000.0       46.50         1.000000           100.000000
                Black or African American        Male Not Hispanic or Latino          32    486250.000000    214412.174666        272500.0        615000.0                84.308156                15.718601                80.00000                95.00000                 43.454545                  4.595311                      NaN                      NaN       600937.500000       307244.353474           325000.0           760000.0  169.031250  105.832639      95.75     215.00        27       5         342500.0            435000.0      119.25         0.843750            84.375000
Native Hawaiian or Other Pacific Islander      Female     Hispanic or Latino           1    445000.000000              NaN        445000.0        445000.0               100.000000                      NaN               100.00000               100.00000                 48.000000                       NaN                    48.00                    48.00       455000.000000                 NaN           455000.0           455000.0   87.000000         NaN      87.00      87.00         1       0              0.0                 0.0        0.00         1.000000           100.000000
Native Hawaiian or Other Pacific Islander      Female Not Hispanic or Latino           4    535000.000000    158534.959341        432500.0        577500.0                86.163750                 7.444277                85.99125                90.00000                 46.250000                  2.629956                    44.00                    48.25       620000.000000       163605.215891           550000.0           645000.0  158.250000   41.500000     153.25     178.50         4       0         145000.0             95000.0       25.25         1.000000           100.000000
Native Hawaiian or Other Pacific Islander        Male     Hispanic or Latino           2    515000.000000     70710.678119        490000.0        540000.0                95.999500                 1.414921                95.49925                96.49975                 47.000000                  2.828427                    46.00                    48.00       530000.000000        63639.610307           507500.0           552500.0  108.000000   15.556349     102.50     113.50         2       0          50000.0             45000.0       11.00         1.000000           100.000000
Native Hawaiian or Other Pacific Islander        Male Not Hispanic or Latino           7    615000.000000    121380.943040        545000.0        720000.0                86.966571                15.586634                80.50000                96.00000                 44.000000                  1.632993                      NaN                      NaN       733571.428571       208520.867975           615000.0           840000.0  151.285714   73.334199     100.00     200.50         4       3         175000.0            225000.0      100.50         0.571429            57.142857
                                    White      Female     Hispanic or Latino         173    427023.121387    190906.526310        275000.0        525000.0                80.812815                18.266061                75.00000                95.00000                 44.143885                  4.079928                      NaN                      NaN       553901.734104       237375.320144           405000.0           685000.0  142.947977  116.346928      74.00     169.00       159      14         250000.0            280000.0       95.00         0.919075            91.907514
                                    White      Female Not Hispanic or Latino         361    499958.448753    232877.079980        335000.0        645000.0                72.323978                19.937178                60.00000                85.10600                 43.752000                  4.047223                      NaN                      NaN       726939.058172       350192.180013           465000.0           915000.0  180.218837  149.265291     101.00     212.00       340      21         310000.0            450000.0      111.00         0.941828            94.182825
                                    White        Male     Hispanic or Latino         287    477752.613240    198172.819927        335000.0        595000.0                82.546202                15.622059                80.00000                95.00000                 44.223301                  3.878476                      NaN                      NaN       597682.926829       248850.744060           415000.0           735000.0  181.979094  254.133602      94.00     185.50       255      32         260000.0            320000.0       91.50         0.888502            88.850174
                                    White        Male Not Hispanic or Latino         484    553533.057851    248573.813854        375000.0        725000.0                74.845083                18.317498                68.90450                89.00875                 43.263975                  4.048215                      NaN                      NaN       776797.520661       383912.343766           505000.0           955000.0  228.216942  502.959042     112.00     236.25       452      32         350000.0            450000.0      124.25         0.933884            93.388430