                             derived_race derived_sex      derived_ethnicity  total_apps  avg_loan_amount  std_loan_amount  Q1_loan_amount  Q3_loan_amount  avg_loan_to_value_ratio  std_loan_to_value_ratio  Q1_loan_to_value_ratio  Q3_loan_to_value_ratio  avg_debt_to_income_ratio  std_debt_to_income_ratio  Q1_debt_to_income_ratio  Q3_debt_to_income_ratio  avg_property_value  std_property_value  Q1_property_value  Q3_property_value  avg_income  std_income  Q1_income  Q3_income  accepted  denied  iqr_loan_amount  iqr_property_value  iqr_income  acceptance_rate  acceptance_rate_pct
                 2 or more minority races      Female Not Hispanic or Latino           2    675000.000000    509116.882454        495000.0        855000.0                77.500000                 3.535534                76.25000                 78.7500                 42.000000                       NaN                      NaN                      NaN       860000.000000       615182.899632           642500.0          1077500.0  296.000000  278.600072     197.50     394.50         2       0         360000.0            435000.0      197.00         1.000000           100.000000
                 2 or more minority races        Male Not Hispanic or Latino           4    742500.000000    247167.284782        647500.0        870000.0                87.454500                 9.265974                84.70450                 91.7500                 44.333333                  4.041452                      NaN                      NaN       895000.000000       296760.284854           732500.0          1117500.0  228.750000   70.952449     169.25     280.50         4       0         222500.0            385000.0      111.25         1.000000           100.000000
         American Indian or Alaska Native      Female     Hispanic or Latino           2    345000.000000     84852.813742        315000.0        375000.0                95.000000                 0.000000                95.00000                 95.0000                 45.000000                  4.242641                     43.5                     46.5       365000.000000        84852.813742           335000.0           395000.0   87.000000   26.870058      77.50      96.50         2       0          60000.0             60000.0       19.00         1.000000           100.000000
         American Indian or Alaska Native      Female Not Hispanic or Latino           6    470000.000000    134573.400046        357500.0        572500.0                85.119000                14.891749                78.50000                 91.2500                 46.750000                  2.629956                      NaN                      NaN       566666.666667       182802.261109           457500.0           700000.0  178.833333   93.362555     114.75     224.25         5       1         215000.0            242500.0      109.50         0.833333            83.333333
         American Indian or Alaska Native        Male     Hispanic or Latino           8    520000.000000    288196.361631        342500.0        712500.0                83.341125                16.741012                83.96750                 91.2080                 45.142857                  4.845223                      NaN                      NaN       641250.000000       347437.044657           425000.0           790000.0  134.750000   66.390081      82.50     174.25         7       1         370000.0            365000.0       91.75         0.875000            87.500000
         American Indian or Alaska Native        Male Not Hispanic or Latino           7    397857.142857    204182.458087        335000.0        440000.0                79.832143                12.851157                77.50000                 88.8000                 43.333333                  4.041452                      NaN                      NaN       506428.571429       239751.855845           445000.0           605000.0  149.142857   72.932454     101.00     180.50         6       1         105000.0            160000.0       79.50         0.857143            85.714286
                                    Asian      Female     Hispanic or Latino          11    513181.818182    268544.900596        355000.0        640000.0                78.165182                16.284170                68.20950                 89.0425                 45.571429                  2.439750                      NaN                      NaN       692272.727273       342464.331255           465000.0           845000.0  223.818182  308.267033      88.00     181.00        11       0         285000.0            380000.0       93.00         1.000000           100.000000
                                    Asian      Female Not Hispanic or Latino         214    564158.878505    241023.332770        397500.0        705000.0                72.832233                17.548319                62.19500                 84.8670                 43.521472                  4.264898                      NaN                      NaN       815280.373832       400490.211222           527500.0           970000.0  177.672897   92.259257     120.00     227.00       202      12         307500.0            442500.0      107.00         0.943925            94.392523
                                    Asian        Male     Hispanic or Latino          11    468636.363636    144794.525261        365000.0        550000.0                80.919818                14.893660                79.50000                 92.5000                 45.250000                  3.575712                      NaN                      NaN       577727.272727       117736.222896           495000.0           655000.0  166.000000   65.653637     115.00     209.50        11       0         185000.0            160000.0       94.50         1.000000           100.000000
                                    Asian        Male Not Hispanic or Latino         374    623128.342246    240268.448165        455000.0        765000.0                74.330598                30.932170                65.12825                 80.0000                 44.000000                  3.855799                      NaN                      NaN       900721.925134       396108.940117           625000.0          1105000.0  209.262032  130.406462     128.25     254.25       349      25         310000.0            480000.0      126.00         0.933155            93.315508
                Black or African American      Female     Hispanic or Latino           2    400000.000000     49497.474683        382500.0        417500.0                90.000000                 0.000000                90.00000                 90.0000                 43.000000                  2.828427                     42.0                     44.0       445000.000000        56568.542495           425000.0           465000.0  116.000000   22.627417     108.00     124.00         2       0          35000.0             40000.0       16.00         1.000000           100.000000
                Black or African American      Female Not Hispanic or Latino          42    490238.095238    228368.957944        385000.0        562500.0                87.329810                13.932210                80.00000                 95.0000                 42.617647                  4.292451                      NaN                      NaN       621904.761905       322758.598119           450000.0           642500.0  173.928571  266.383860     105.00     151.50        35       7         177500.0            192500.0       46.50         0.833333            83.333333
                Black or African American        Male     Hispanic or Latino           2    355000.000000     42426.406871        340000.0        370000.0                90.933000                 8.390529                87.96650                 93.8995                 47.000000                       NaN                      NaN                      NaN       395000.000000        84852.813742           365000.0           425000.0  150.500000  111.015765     111.25     189.75         2       0          30000.0             60000.0       78.50         1.000000           100.000000
                Black or African American        Male Not Hispanic or Latino          38    524736.842105    210462.641509        360000.0        655000.0                84.108553                18.243917                80.00000                 95.0000                 44.393939                  3.436381                      NaN                      NaN       648157.894737       262350.140113           457500.0           780000.0  152.842105   63.416907     116.75     169.50        35       3         295000.0            322500.0       52.75         0.921053            92.105263
Native Hawaiian or Other Pacific Islander        Male     Hispanic or Latino           1    535000.000000              NaN        535000.0        535000.0                97.273000                      NaN                97.27300                 97.2730                 49.000000                       NaN                     49.0                     49.0       555000.000000                 NaN           555000.0           555000.0  113.000000         NaN     113.00     113.00         1       0              0.0                 0.0        0.00         1.000000           100.000000
Native Hawaiian or Other Pacific Islander        Male Not Hispanic or Latino           3    475000.000000    158745.078664        415000.0        565000.0                88.279667                 7.567605                85.00000                 92.4195                 48.333333                  1.154701                     48.0                     49.0       551666.666667       218250.620465           455000.0           670000.0  118.666667    2.886751     117.00     119.50         3       0         150000.0            215000.0        2.50         1.000000           100.000000
                                    White      Female     Hispanic or Latino         146    442739.726027    198020.446691        297500.0        575000.0                80.677962                18.225728                75.00000                 95.0000                 44.983051                  3.889462                      NaN                      NaN       566027.397260       230967.170236           387500.0           725000.0  130.027397   68.218305      79.25     165.00       126      20         277500.0            337500.0       85.75         0.863014            86.301370
                                    White      Female Not Hispanic or Latino         388    501494.845361    255627.277267        325000.0        645000.0                71.967990                19.604961                59.96150                 85.0000                 43.878136                  4.222182                      NaN                      NaN       745154.639175       431340.050993           442500.0           907500.0  167.536082  104.907865     101.75     205.50       364      24         320000.0            465000.0      103.75         0.938144            93.814433
                                    White        Male     Hispanic or Latino         296    475101.351351    217011.262376        325000.0        615000.0                83.025503                14.919135                80.00000                 95.0000                 44.118182                  3.747101                      NaN                      NaN       588750.000000       265653.894241           402500.0           755000.0  169.216216  212.659417      88.75     201.00       267      29         290000.0            352500.0      112.25         0.902027            90.202703
                                    White        Male Not Hispanic or Latino         443    545428.893905    244311.844110        370000.0        695000.0                75.097666                19.755183                65.43400                 90.0000                 43.569536                  4.122719                      NaN                      NaN       770327.313770       403896.820354           515000.0           930000.0  205.720090  189.419029     118.50     239.50       417      26         325000.0            415000.0      121.00         0.941309            94.130926