                             derived_race derived_sex      derived_ethnicity  total_apps  avg_loan_amount  std_loan_amount  Q1_loan_amount  Q3_loan_amount  avg_loan_to_value_ratio  std_loan_to_value_ratio  Q1_loan_to_value_ratio  Q3_loan_to_value_ratio  avg_debt_to_income_ratio  std_debt_to_income_ratio  Q1_debt_to_income_ratio  Q3_debt_to_income_ratio  avg_property_value  std_property_value  Q1_property_value  Q3_property_value  avg_income  std_income  Q1_income  Q3_income  accepted  denied  iqr_loan_amount  iqr_property_value  iqr_income  acceptance_rate  acceptance_rate_pct
                 2 or more minority races      Female     Hispanic or Latino           1    165000.000000              NaN        165000.0        165000.0               101.280000                      NaN               101.28000               101.28000                       NaN                       NaN                      NaN                      NaN        1.650000e+05                 NaN           165000.0           165000.0   54.000000         NaN      54.00      54.00         0       1              0.0                 0.0        0.00         0.000000             0.000000
                 2 or more minority races      Female Not Hispanic or Latino           4    507500.000000    172506.038542        450000.0        577500.0                69.375000                15.287334                59.89500                80.92500                 46.333333                  2.516611                      NaN                      NaN        7.775000e+05        4.087685e+05           567500.0           850000.0  128.000000   41.432676     114.25     146.75         4       0         127500.0            282500.0       32.50         1.000000           100.000000
                 2 or more minority races        Male     Hispanic or Latino           2    490000.000000     77781.745931        462500.0        517500.0                83.500500                 4.950455                81.75025                85.25075                 44.000000                       NaN                      NaN                      NaN        5.900000e+05        1.343503e+05           542500.0           637500.0  210.500000   68.589358     186.25     234.75         2       0          55000.0             95000.0       48.50         1.000000           100.000000
                 2 or more minority races        Male Not Hispanic or Latino           2    325000.000000    169705.627485        265000.0        385000.0                52.665000                59.870731                31.49750                73.83250                 45.500000                  4.949747                    43.75                    47.25        1.205000e+06        1.032376e+06           840000.0          1570000.0  137.000000    9.899495     133.50     140.50         2       0         120000.0            730000.0        7.00         1.000000           100.000000
         American Indian or Alaska Native      Female     Hispanic or Latino           3    518333.333333    319426.569548        400000.0        700000.0                77.857667                27.705636                68.07700                93.70950                 43.500000                  2.121320                      NaN                      NaN        6.050000e+05        2.443358e+05           520000.0           745000.0  120.000000   56.240555      93.50     149.50         2       1         300000.0            225000.0       56.00         0.666667            66.666667
         American Indian or Alaska Native      Female Not Hispanic or Latino           3    405000.000000    138564.064606        365000.0        485000.0                76.389000                12.872827                69.63350                82.45000                 46.000000                  1.414214                      NaN                      NaN        5.183333e+05        1.357694e+05           455000.0           590000.0  110.333333   45.368859      89.50     134.50         3       0         120000.0            135000.0       45.00         1.000000           100.000000
         American Indian or Alaska Native        Male     Hispanic or Latino          10    392000.000000    181967.640591        277500.0        565000.0                80.050800                19.827632                76.25000                94.08725                 44.250000                  4.334249                      NaN                      NaN        4.940000e+05        2.028930e+05           352500.0           637500.0  120.300000   33.648675      98.00     147.75         7       3         287500.0            285000.0       49.75         0.700000            70.000000
         American Indian or Alaska Native        Male Not Hispanic or Latino           5    539000.000000    145705.181788        495000.0        595000.0                80.180600                20.452679                80.00000                97.00000                 47.000000                  2.828427                      NaN                      NaN        6.830000e+05        1.395349e+05           605000.0           735000.0  297.400000  181.886778     142.00     438.00         5       0         100000.0            130000.0      296.00         1.000000           100.000000
                                    Asian      Female     Hispanic or Latino           3    325000.000000     36055.512755        305000.0        340000.0                71.453333                20.326507                64.12450                83.05550                 44.333333                  4.725816                    42.50                    47.00        4.750000e+05        1.212436e+05           410000.0           530000.0  114.333333   41.356176      90.50     127.50         3       0          35000.0            120000.0       37.00         1.000000           100.000000
                                    Asian      Female Not Hispanic or Latino         242    569917.355372    219034.550289        405000.0        705000.0                72.792913                17.062680                61.16750                83.41500                 43.947368                  3.897606                      NaN                      NaN        8.237190e+05        3.641890e+05           585000.0           955000.0  208.099174  565.453256     114.25     208.00       223      19         300000.0            370000.0       93.75         0.921488            92.148760
                                    Asian        Male     Hispanic or Latino           9    483888.888889    157990.857682        405000.0        465000.0                79.709111                14.344816                80.00000                90.00000                 45.000000                  3.240370                    44.00                    47.00        6.161111e+05        1.762416e+05           475000.0           695000.0  145.888889   65.391980     106.00     141.00         8       1          60000.0            220000.0       35.00         0.888889            88.888889
                                    Asian        Male Not Hispanic or Latino         376    660664.893617    245003.585153        492500.0        807500.0                74.025628                17.561574                65.00150                86.55800                 43.841699                  4.075123                      NaN                      NaN        9.450266e+05        4.092513e+05           685000.0          1165000.0  246.960106  697.829011     140.00     255.75       356      20         315000.0            480000.0      115.75         0.946809            94.680851
                Black or African American      Female     Hispanic or Latino           2    435000.000000     98994.949366        400000.0        470000.0                80.000000                14.142136                75.00000                85.00000                 47.000000                  2.828427                    46.00                    48.00        5.600000e+05        2.192031e+05           482500.0           637500.0  119.000000   18.384776     112.50     125.50         2       0          70000.0            155000.0       13.00         1.000000           100.000000
                Black or African American      Female Not Hispanic or Latino          51    556176.470588    239421.361276        400000.0        725000.0               125.417745               276.504358                80.00000                95.00000                 44.475000                  4.057203                      NaN                      NaN        6.873529e+05        3.079649e+05           485000.0           870000.0  177.039216   93.476406     119.00     213.00        43       8         325000.0            385000.0       94.00         0.843137            84.313725
                Black or African American        Male     Hispanic or Latino           2    505000.000000     70710.678119        480000.0        530000.0                87.485500                10.627108                83.72825                91.24275                 47.000000                       NaN                      NaN                      NaN        5.900000e+05        1.484924e+05           537500.0           642500.0  156.500000   61.518290     134.75     178.25         2       0          50000.0            105000.0       43.50         1.000000           100.000000
                Black or African American        Male Not Hispanic or Latino          35    474428.571429    227789.155053        330000.0        585000.0                80.279486                19.212370                79.97000                95.00000                 44.227273                  3.828861                      NaN                      NaN        6.055714e+05        2.720937e+05           455000.0           700000.0  157.685714  114.165713      91.00     198.00        28       7         255000.0            245000.0      107.00         0.800000            80.000000
Native Hawaiian or Other Pacific Islander      Female     Hispanic or Latino           1    355000.000000              NaN        355000.0        355000.0                95.900000                      NaN                95.90000                95.90000                       NaN                       NaN                      NaN                      NaN        3.650000e+05                 NaN           365000.0           365000.0  120.000000         NaN     120.00     120.00         0       1              0.0                 0.0        0.00         0.000000             0.000000
Native Hawaiian or Other Pacific Islander      Female Not Hispanic or Latino           3    521666.666667    150111.069989        445000.0        595000.0                81.133333                13.662113                76.70000                89.00000                 41.333333                  6.110101                    38.00                    44.00        6.483333e+05        1.270171e+05           575000.0           685000.0  175.333333   20.502032     165.00     185.50         3       0         150000.0            110000.0       20.50         1.000000           100.000000
Native Hawaiian or Other Pacific Islander        Male     Hispanic or Latino           1    595000.000000              NaN        595000.0        595000.0                85.000000                      NaN                85.00000                85.00000                 49.000000                       NaN                    49.00                    49.00        7.050000e+05                 NaN           705000.0           705000.0  126.000000         NaN     126.00     126.00         1       0              0.0                 0.0        0.00         1.000000           100.000000
                                    White      Female     Hispanic or Latino         165    430454.545455    187162.556662        295000.0        555000.0                81.793633                17.695014                78.42200                95.00000                 44.543307                  3.866330                      NaN                      NaN        5.476061e+05        2.432150e+05           385000.0           695000.0  134.660606   92.948681      82.00     160.00       146      19         260000.0            310000.0       78.00         0.884848            88.484848
                                    White      Female Not Hispanic or Latino         346    493728.323699    249127.407381        305000.0        665000.0                71.158335                19.448626                57.62875                85.00000                 43.921162                  4.205900                      NaN                      NaN        7.295954e+05        3.829905e+05           475000.0           912500.0  162.494220   91.629887      95.00     208.75       323      23         360000.0            437500.0      113.75         0.933526            93.352601
                                    White        Male     Hispanic or Latino         300    467433.333333    219428.595639        315000.0        595000.0                81.639887                18.479726                77.81800                95.00000                 44.369565                  3.914806                      NaN                      NaN        5.975333e+05        2.727065e+05           395000.0           737500.0  149.236667  117.694949      88.75     177.50       266      34         280000.0            342500.0       88.75         0.886667            88.666667
                                    White        Male Not Hispanic or Latino         434    550368.663594    263402.812442        365000.0        705000.0                73.018235                19.410735                63.07375                85.40050                 43.588679                  4.054630                      NaN                      NaN        8.112903e+05        4.727189e+05           505000.0           955000.0  230.993088  344.741892     115.25     249.75       407      27         340000.0            450000.0      134.50         0.937788            93.778802