                             derived_race derived_sex      derived_ethnicity  total_apps  avg_loan_amount  std_loan_amount  Q1_loan_amount  Q3_loan_amount  avg_loan_to_value_ratio  std_loan_to_value_ratio  Q1_loan_to_value_ratio  Q3_loan_to_value_ratio  avg_debt_to_income_ratio  std_debt_to_income_ratio  Q1_debt_to_income_ratio  Q3_debt_to_income_ratio  avg_property_value  std_property_value  Q1_property_value  Q3_property_value  avg_income  std_income  Q1_income  Q3_income  accepted  denied  iqr_loan_amount  iqr_property_value  iqr_income  acceptance_rate  acceptance_rate_pct
                 2 or more minority races      Female     Hispanic or Latino           1    625000.000000              NaN        625000.0        625000.0                73.370000                      NaN                73.37000                73.37000                 49.000000                       NaN                    49.00                    49.00       845000.000000                 NaN           845000.0           845000.0  143.000000         NaN     143.00     143.00         1       0              0.0                 0.0        0.00         1.000000           100.000000
                 2 or more minority races      Female Not Hispanic or Latino           6    415000.000000    108258.948822        330000.0        492500.0                80.815333                13.283547                71.00000                91.25000                 41.600000                  3.781534                      NaN                      NaN       578333.333333       142501.461981           497500.0           625000.0  164.500000   84.965287     109.00     234.50         6       0         162500.0            127500.0      125.50         1.000000           100.000000
                 2 or more minority races        Male Not Hispanic or Latino           2    650000.000000    643467.170880        422500.0        877500.0                88.500000                12.020815                84.25000                92.75000                 44.000000                  7.071068                    41.50                    46.50       785000.000000       834386.001800           490000.0          1080000.0  192.500000  188.797511     125.75     259.25         1       1         455000.0            590000.0      133.50         0.500000            50.000000
         American Indian or Alaska Native      Female     Hispanic or Latino           5    279000.000000    118448.300959        215000.0        385000.0                72.924860                36.517611                33.64600                99.90000                 46.000000                  3.559026                      NaN                      NaN       465000.000000       179861.057486           425000.0           625000.0   98.000000   46.599356      63.00     144.00         5       0         170000.0            200000.0       81.00         1.000000           100.000000
         American Indian or Alaska Native      Female Not Hispanic or Latino           7    477857.142857    370976.831519        235000.0        645000.0                74.695286                22.441520                57.43350                92.50000                 46.750000                  2.217356                      NaN                      NaN       633571.428571       401722.481797           390000.0           810000.0  184.142857  190.308021      68.00     265.50         7       0         410000.0            420000.0      197.50         1.000000           100.000000
         American Indian or Alaska Native        Male     Hispanic or Latino           8    398750.000000    136375.270067        337500.0        470000.0                75.976625                19.785083                66.01425                91.25000                 44.500000                  4.183300                      NaN                      NaN       532500.000000       153878.430680           450000.0           622500.0  132.250000   56.261507     101.50     165.75         7       1         132500.0            172500.0       64.25         0.875000            87.500000
         American Indian or Alaska Native        Male Not Hispanic or Latino           2    335000.000000     42426.406871        320000.0        350000.0                67.112500                18.225677                60.66875                73.55625                 45.500000                  2.121320                    44.75                    46.25       515000.000000        70710.678119           490000.0           540000.0  101.000000   16.970563      95.00     107.00         2       0          30000.0             50000.0       12.00         1.000000           100.000000
                                    Asian      Female     Hispanic or Latino           5    411000.000000     99899.949950        365000.0        445000.0                68.959400                25.124423                60.00000                80.00000                 48.500000                  0.707107                      NaN                      NaN       647000.000000       189129.585205           565000.0           675000.0  119.600000   31.895141     107.00     140.00         5       0          80000.0            110000.0       33.00         1.000000           100.000000
                                    Asian      Female Not Hispanic or Latino         220    569181.818182    242396.263433        402500.0        725000.0                72.058063                19.171182                62.85050                80.00000                 44.137500                  4.067802                      NaN                      NaN       834363.636364       356286.727877           615000.0           975000.0  180.100000  103.746085     119.00     210.00       207      13         322500.0            360000.0       91.00         0.940909            94.090909
                                    Asian        Male     Hispanic or Latino           9    552777.777778    290937.182987        365000.0        645000.0                80.903333                16.583880                78.81800                90.00000                 43.833333                  3.816630                      NaN                      NaN       700555.555556       353946.009693           615000.0           805000.0  160.888889   97.073998      85.00     190.00         7       2         280000.0            190000.0      105.00         0.777778            77.777778
                                    Asian        Male Not Hispanic or Latino         362    661132.596685    234956.149827        485000.0        805000.0                76.278473                19.809785                70.00000                87.56000                 43.251012                  4.165498                      NaN                      NaN       922624.309392       416081.033373           655000.0          1125000.0  212.494475  108.709026     144.00     254.75       329      33         320000.0            470000.0      110.75         0.908840            90.883978
                Black or African American      Female     Hispanic or Latino           1    205000.000000              NaN        205000.0        205000.0                98.890000                      NaN                98.89000                98.89000                       NaN                       NaN                      NaN                      NaN       205000.000000                 NaN           205000.0           205000.0   68.000000         NaN      68.00      68.00         0       1              0.0                 0.0        0.00         0.000000             0.000000
                Black or African American      Female Not Hispanic or Latino          49    571734.693878    213086.325964        475000.0        705000.0                83.604000                18.235296                80.00000                95.00000                 43.804878                  3.537086                      NaN                      NaN       707653.061224       239102.275102           565000.0           815000.0  171.408163   70.332519     116.00     203.00        46       3         230000.0            250000.0       87.00         0.938776            93.877551
                Black or African American        Male     Hispanic or Latino           3    558333.333333    209841.209807        440000.0        640000.0                84.354333                14.429944                76.30150                90.23000                 45.000000                  5.656854                      NaN                      NaN       748333.333333       301717.306983           575000.0           850000.0  203.000000  119.879106     140.50     260.00         3       0         200000.0            275000.0      119.50         1.000000           100.000000
                Black or African American        Male Not Hispanic or Latino          34    497352.941176    229585.381537        375000.0        572500.0                82.875000                15.578405                79.21025                94.39500                 43.500000                  4.532948                      NaN                      NaN       616176.470588       249238.412160           457500.0           715000.0  163.176471   91.370200     104.00     191.75        28       6         197500.0            257500.0       87.75         0.823529            82.352941
Native Hawaiian or Other Pacific Islander      Female Not Hispanic or Latino           6    296666.666667    116518.954109        215000.0        337500.0                72.620000                19.151668                72.50000                80.00000                 42.333333                  2.081666                      NaN                      NaN       458333.333333       136039.210034           387500.0           557500.0  113.500000   35.302974     104.00     127.50         6       0         122500.0            170000.0       23.50         1.000000           100.000000
Native Hawaiian or Other Pacific Islander        Male Not Hispanic or Latino           6    393333.333333    148918.322132        320000.0        442500.0                90.421833                10.328244                91.17300                94.95975                 46.400000                  2.607681                      NaN                      NaN       458333.333333       233123.715367           340000.0           482500.0  121.666667   49.496128      90.75     152.50         4       2         122500.0            142500.0       61.75         0.666667            66.666667
                                    White      Female     Hispanic or Latino         179    448240.223464    199869.629846        305000.0        565000.0                82.474581                16.438971                79.92150                95.00000                 44.424658                  3.844989                      NaN                      NaN       560418.994413       241652.126876           415000.0           655000.0  139.631285   82.597360      84.00     174.00       164      15         260000.0            240000.0       90.00         0.916201            91.620112
                                    White      Female Not Hispanic or Latino         373    466608.579088    254298.713377        275000.0        605000.0                70.860493                21.219758                56.81500                85.00000                 43.748092                  4.185074                      NaN                      NaN       694034.852547       393772.942827           445000.0           845000.0  159.568365  125.328659      90.00     193.00       349      24         330000.0            400000.0      103.00         0.935657            93.565684
                                    White        Male     Hispanic or Latino         249    485040.160643    203290.468320        335000.0        625000.0                81.672422                16.721260                79.49800                95.00000                 44.513089                  4.119094                      NaN                      NaN       622510.040161       290789.083752           415000.0           775000.0  170.060241  139.894374      92.00     182.00       229      20         290000.0            360000.0       90.00         0.919679            91.967871
                                    White        Male Not Hispanic or Latino         473    547875.264271    248271.523213        355000.0        745000.0                73.717780                19.467934                65.51700                85.73900                 43.386581                  4.045504                      NaN                      NaN       787410.147992       392649.767473           495000.0           985000.0  229.926004  424.733083     117.00     256.00       447      26         390000.0            490000.0      139.00         0.945032            94.503171