                             derived_race derived_sex      derived_ethnicity  total_apps  avg_loan_amount  std_loan_amount  Q1_loan_amount  Q3_loan_amount  avg_loan_to_value_ratio  std_loan_to_value_ratio  Q1_loan_to_value_ratio  Q3_loan_to_value_ratio  avg_debt_to_income_ratio  std_debt_to_income_ratio  Q1_debt_to_income_ratio  Q3_debt_to_income_ratio  avg_property_value  std_property_value  Q1_property_value  Q3_property_value  avg_income  std_income  Q1_income  Q3_income  accepted  denied  iqr_loan_amount  iqr_property_value  iqr_income  acceptance_rate  acceptance_rate_pct
                 2 or more minority races      Female     Hispanic or Latino           1    635000.000000              NaN        635000.0        635000.0                80.000000                      NaN                80.00000                80.00000                 49.000000                       NaN                    49.00                    49.00        7.850000e+05                 NaN           785000.0           785000.0  136.000000         NaN     136.00     136.00         1       0              0.0                 0.0        0.00         1.000000           100.000000
                 2 or more minority races      Female Not Hispanic or Latino           3    888333.333333    150111.069989        815000.0        965000.0                88.996667                 1.729171                88.49500                89.99500                 47.500000                  2.121320                      NaN                      NaN        1.005000e+06       167032.930885           930000.0          1095000.0  254.333333   19.857828     243.00     261.50         2       1         150000.0            165000.0       18.50         0.666667            66.666667
                 2 or more minority races        Male     Hispanic or Latino           3    501666.666667    387986.254052        375000.0        725000.0                78.934333                14.047157                71.35800                85.22850                 40.666667                  3.511885                    39.00                    42.50        6.383333e+05       510816.340120           435000.0           925000.0  129.333333   77.390783     106.00     174.00         3       0         350000.0            490000.0       68.00         1.000000           100.000000
                 2 or more minority races        Male Not Hispanic or Latino           4    417500.000000     70415.433914        405000.0        452500.0                89.075250                 7.308943                84.72575                95.00000                 41.333333                  5.033223                      NaN                      NaN        4.750000e+05        94162.979279           440000.0           505000.0  156.750000   99.409507     112.75     172.50         4       0          47500.0             65000.0       59.75         1.000000           100.000000
         American Indian or Alaska Native      Female     Hispanic or Latino           6    496666.666667    294985.875368        332500.0        667500.0                84.683833                 8.837006                78.61325                91.50000                 45.000000                  3.559026                      NaN                      NaN        6.016667e+05       397475.366113           365000.0           730000.0  128.166667   47.254277     103.00     150.50         5       1         335000.0            365000.0       47.50         0.833333            83.333333
         American Indian or Alaska Native      Female Not Hispanic or Latino           5    301000.000000    180360.749610        245000.0        425000.0                79.900000                18.440445                69.50000                95.00000                 45.500000                  5.686241                      NaN                      NaN        4.810000e+05       183111.987592           355000.0           495000.0  140.000000   59.648973     102.00     182.00         5       0         180000.0            140000.0       80.00         1.000000           100.000000
         American Indian or Alaska Native        Male     Hispanic or Latino           5    537000.000000    105451.410612        445000.0        605000.0                84.618000                 8.870153                80.00000                93.09000                 42.000000                  5.431390                    37.00                    44.00        6.390000e+05       127003.936947           585000.0           735000.0  173.200000   69.811890     158.00     189.00         4       1         160000.0            150000.0       31.00         0.800000            80.000000
         American Indian or Alaska Native        Male Not Hispanic or Latino           1    625000.000000              NaN        625000.0        625000.0                80.000000                      NaN                80.00000                80.00000                       NaN                       NaN                      NaN                      NaN        7.750000e+05                 NaN           775000.0           775000.0  239.000000         NaN     239.00     239.00         1       0              0.0                 0.0        0.00         1.000000           100.000000
                                    Asian      Female     Hispanic or Latino           6    336666.666667    136735.754895        317500.0        385000.0                64.421667                27.883655                64.56425                78.75000                 45.333333                  4.926121                    41.25                    48.75        6.000000e+05       235944.908824           445000.0           682500.0   96.666667   31.264463      72.25     113.25         5       1          67500.0            237500.0       41.00         0.833333            83.333333
                                    Asian      Female Not Hispanic or Latino         219    563036.529680    219139.850070        415000.0        690000.0                73.764973                18.103546                67.58200                84.41900                 43.576923                  3.888840                      NaN                      NaN        8.257763e+05       443015.977286           565000.0           990000.0  186.648402  162.984914     114.50     216.50       206      13         275000.0            425000.0      102.00         0.940639            94.063927
                                    Asian        Male     Hispanic or Latino          11    513181.818182    215072.926321        365000.0        540000.0                83.461182                 8.943143                79.72500                86.75000                 44.500000                  3.964125                      NaN                      NaN        6.304545e+05       298340.866673           425000.0           670000.0  142.545455   55.241947     103.50     181.50        10       1         175000.0            245000.0       78.00         0.909091            90.909091
                                    Asian        Male Not Hispanic or Latino         373    604624.664879    247815.984090        435000.0        755000.0                74.556611                31.548311                64.00000                85.31100                 43.782946                  3.994084                      NaN                      NaN        8.786461e+05       406462.715317           605000.0          1055000.0  239.219839  704.284285     129.00     244.00       359      14         320000.0            450000.0      115.00         0.962466            96.246649
                Black or African American      Female     Hispanic or Latino           1    545000.000000              NaN        545000.0        545000.0                49.000000                      NaN                49.00000                49.00000                       NaN                       NaN                      NaN                      NaN        1.115000e+06                 NaN          1115000.0          1115000.0  190.000000         NaN     190.00     190.00         1       0              0.0                 0.0        0.00         1.000000           100.000000
                Black or African American      Female Not Hispanic or Latino          37    472297.297297    237365.735717        315000.0        595000.0                83.827568                16.598032                80.00000                95.00000                 45.500000                  4.305169                      NaN                      NaN        6.028378e+05       276256.072182           395000.0           765000.0  158.594595   91.894402      97.00     199.00        36       1         280000.0            370000.0      102.00         0.972973            97.297297
                Black or African American        Male     Hispanic or Latino           3    528333.333333     83864.970836        480000.0        555000.0                88.333333                 7.637626                85.00000                92.50000                 46.666667                  2.516611                    45.50                    48.00        5.950000e+05        90000.000000           550000.0           640000.0  147.666667   31.643851     134.00     165.00         3       0          75000.0             90000.0       31.00         1.000000           100.000000
                Black or African American        Male Not Hispanic or Latino          33    511060.606061    208805.223144        385000.0        635000.0                89.705818                 8.881897                80.00000                95.00000                 44.500000                  3.923175                      NaN                      NaN        6.053030e+05       276975.685400           435000.0           735000.0  170.090909  121.545610      89.00     191.00        26       7         250000.0            300000.0      102.00         0.787879            78.787879
Native Hawaiian or Other Pacific Islander      Female     Hispanic or Latino           1    495000.000000              NaN        495000.0        495000.0                80.000000                      NaN                80.00000                80.00000                 47.000000                       NaN                    47.00                    47.00        6.150000e+05                 NaN           615000.0           615000.0  131.000000         NaN     131.00     131.00         1       0              0.0                 0.0        0.00         1.000000           100.000000
Native Hawaiian or Other Pacific Islander      Female Not Hispanic or Latino           1    355000.000000              NaN        355000.0        355000.0               105.000000                      NaN               105.00000               105.00000                 38.000000                       NaN                    38.00                    38.00        4.150000e+05                 NaN           415000.0           415000.0  109.000000         NaN     109.00     109.00         0       1              0.0                 0.0        0.00         0.000000             0.000000
Native Hawaiian or Other Pacific Islander        Male     Hispanic or Latino           2    405000.000000     84852.813742        375000.0        435000.0                92.499500                 3.534827                91.24975                93.74925                 45.000000                       NaN                      NaN                      NaN        4.350000e+05        70710.678119           410000.0           460000.0   79.500000   24.748737      70.75      88.25         1       1          60000.0             50000.0       17.50         0.500000            50.000000
Native Hawaiian or Other Pacific Islander        Male Not Hispanic or Latino           5    559000.000000    121161.049847        545000.0        645000.0                79.713400                14.860908                77.93100                80.00000                 44.500000                  2.081666                      NaN                      NaN        7.050000e+05        69641.941386           675000.0           725000.0  171.400000   51.684621     159.00     170.00         4       1         100000.0             50000.0       11.00         0.800000            80.000000
                                    White      Female     Hispanic or Latino         161    431583.850932    200618.124773        295000.0        535000.0                82.227939                18.132164                80.00000                95.00000                 44.615385                  3.868747                      NaN                      NaN        5.418944e+05       231101.265750           395000.0           645000.0  126.633540   74.849323      78.00     148.00       144      17         240000.0            250000.0       70.00         0.894410            89.440994
                                    White      Female Not Hispanic or Latino         360    485166.666667    265011.641096        295000.0        625000.0                69.501586                21.144198                55.97000                85.00000                 43.980000                  3.949938                      NaN                      NaN        7.475833e+05       430978.990175           462500.0           917500.0  185.047222  219.506678      92.75     208.00       340      20         330000.0            455000.0      115.25         0.944444            94.444444
                                    White        Male     Hispanic or Latino         267    472565.543071    206639.033672        335000.0        595000.0                82.326348                17.433418                78.02750                95.00000                 43.812500                  4.240185                      NaN                      NaN        5.964981e+05       268012.742017           405000.0           715000.0  160.790262  143.811989      93.00     188.00       246      21         260000.0            310000.0       95.00         0.921348            92.134831
                                    White        Male Not Hispanic or Latino         492    544247.967480    264246.312254        335000.0        725000.0                74.533037                19.187169                67.84625                89.22500                 43.778462                  3.947983                      NaN                      NaN        7.928252e+05       533315.672804           485000.0           975000.0  231.113821  478.443112     113.00     251.25       473      19         390000.0            490000.0      138.25         0.961382            96.138211