                             derived_race derived_sex      derived_ethnicity  total_apps  avg_loan_amount  std_loan_amount  Q1_loan_amount  Q3_loan_amount  avg_loan_to_value_ratio  std_loan_to_value_ratio  Q1_loan_to_value_ratio  Q3_loan_to_value_ratio  avg_debt_to_income_ratio  std_debt_to_income_ratio  Q1_debt_to_income_ratio  Q3_debt_to_income_ratio  avg_property_value  std_property_value  Q1_property_value  Q3_property_value  avg_income  std_income  Q1_income  Q3_income  accepted  denied  iqr_loan_amount  iqr_property_value  iqr_income  acceptance_rate  acceptance_rate_pct
                 2 or more minority races      Female     Hispanic or Latino           1     95000.000000              NaN         95000.0         95000.0                59.560000                      NaN                59.56000                59.56000                 41.000000                       NaN                     41.0                     41.0       165000.000000                 NaN           165000.0           165000.0   57.000000         NaN      57.00      57.00         1       0              0.0                 0.0        0.00         1.000000           100.000000
                 2 or more minority races      Female Not Hispanic or Latino           3    348333.333333     41633.319989        325000.0        365000.0                62.571000                19.436558                53.85650                73.05100                 45.333333                  1.527525                     44.5                     46.0       585000.000000       165227.116419           505000.0           670000.0   79.333333   10.408330      73.50      83.50         3       0          40000.0            165000.0       10.00         1.000000           100.000000
                 2 or more minority races        Male     Hispanic or Latino           1    465000.000000              NaN        465000.0        465000.0                85.000000                      NaN                85.00000                85.00000                 47.000000                       NaN                     47.0                     47.0       545000.000000                 NaN           545000.0           545000.0  103.000000         NaN     103.00     103.00         1       0              0.0                 0.0        0.00         1.000000           100.000000
                 2 or more minority races        Male Not Hispanic or Latino           5    569000.000000    303693.924865        405000.0        505000.0                77.382000                30.758245                80.00000                90.00000                 42.750000                  5.560276                      NaN                      NaN       875000.000000       536842.621259           505000.0          1375000.0  240.400000   95.217120     175.00     326.00         3       2         100000.0            870000.0      151.00         0.600000            60.000000
         American Indian or Alaska Native      Female     Hispanic or Latino           6    446666.666667    221035.442105        277500.0        537500.0                69.770667                23.669337                60.34925                80.00000                 43.250000                  3.593976                      NaN                      NaN       645000.000000       195243.437790           505000.0           817500.0  135.333333   54.205781     106.50     155.75         6       0         260000.0            312500.0       49.25         1.000000           100.000000
         American Indian or Alaska Native      Female Not Hispanic or Latino           1    645000.000000              NaN        645000.0        645000.0                80.000000                      NaN                80.00000                80.00000                 44.000000                       NaN                     44.0                     44.0       815000.000000                 NaN           815000.0           815000.0  227.000000         NaN     227.00     227.00         1       0              0.0                 0.0        0.00         1.000000           100.000000
         American Indian or Alaska Native        Male     Hispanic or Latino           7    475000.000000    122202.018532        400000.0        530000.0                74.023571                21.360772                59.94800                87.50000                 44.800000                  5.718391                      NaN                      NaN       680714.285714       220367.658158           500000.0           790000.0  166.857143   63.985489     122.00     209.50         6       1         130000.0            290000.0       87.50         0.857143            85.714286
         American Indian or Alaska Native        Male Not Hispanic or Latino           4    505000.000000    177200.451467        387500.0        627500.0                71.728250                25.055383                57.45900                76.28275                 41.333333                  3.055050                      NaN                      NaN       715000.000000       209284.495365           617500.0           732500.0  173.500000   61.190958     148.25     217.25         3       1         240000.0            115000.0       69.00         0.750000            75.000000
                                    Asian      Female     Hispanic or Latino           8    477500.000000    192112.318338        375000.0        547500.0                76.761125                23.216807                54.46600                95.00000                 45.428571                  5.442338                      NaN                      NaN       646250.000000       225162.639631           442500.0           827500.0  135.750000   74.918527      94.25     142.00         8       0         172500.0            385000.0       47.75         1.000000           100.000000
                                    Asian      Female Not Hispanic or Latino         253    545711.462451    220956.362286        405000.0        665000.0                70.982691                19.041114                60.28000                80.00000                 43.800000                  4.309704                      NaN                      NaN       841837.944664       468962.339655           565000.0           975000.0  176.592885   89.706246     122.00     205.00       234      19         260000.0            410000.0       83.00         0.924901            92.490119
                                    Asian        Male     Hispanic or Latino           7    535000.000000    217102.126506        425000.0        590000.0                73.746571                16.839840                63.27250                82.50000                 44.800000                  3.492850                      NaN                      NaN       753571.428571       311631.650694           530000.0           905000.0  176.285714  103.850396     119.50     181.50         7       0         165000.0            375000.0       62.00         1.000000           100.000000
                                    Asian        Male Not Hispanic or Latino         383    657193.211488    239813.178281        485000.0        795000.0                74.151721                16.989712                67.50900                85.00000                 42.978799                  4.172637                      NaN                      NaN       939908.616188       418428.160065           660000.0          1190000.0  228.229765  184.258226     144.50     261.50       360      23         310000.0            530000.0      117.00         0.939948            93.994778
                Black or African American      Female     Hispanic or Latino           2    330000.000000    148492.424049        277500.0        382500.0                63.781500                37.078558                50.67225                76.89075                 41.000000                       NaN                      NaN                      NaN       540000.000000        77781.745931           512500.0           567500.0   99.000000    1.414214      98.50      99.50         2       0         105000.0             55000.0        1.00         1.000000           100.000000
                Black or African American      Female Not Hispanic or Latino          49    523979.591837    214556.178521        365000.0        585000.0                86.735653                12.123431                80.00000                95.00000                 44.200000                  3.684626                      NaN                      NaN       616428.571429       249148.550066           465000.0           715000.0  163.408163   89.986786     114.00     190.00        39      10         220000.0            250000.0       76.00         0.795918            79.591837
                Black or African American        Male     Hispanic or Latino           3    441666.666667    225018.517757        330000.0        555000.0                96.333333                 1.154701                96.00000                97.00000                 41.500000                  2.121320                      NaN                      NaN       461666.666667       245017.006212           340000.0           585000.0  154.000000  115.546527      89.00     199.50         3       0         225000.0            245000.0      110.50         1.000000           100.000000
                Black or African American        Male Not Hispanic or Latino          31    491451.612903    250540.061828        355000.0        610000.0                75.010032                22.097829                68.72250                91.49100                 44.526316                  3.672245                      NaN                      NaN       733387.096774       411040.117865           480000.0           820000.0  208.870968  229.393511     117.00     209.50        30       1         255000.0            340000.0       92.50         0.967742            96.774194
Native Hawaiian or Other Pacific Islander      Female Not Hispanic or Latino           3    571666.666667    177857.620959        470000.0        635000.0                90.000000                 5.000000                87.50000                92.50000                 44.500000                  3.535534                      NaN                      NaN       635000.000000       206639.783198           520000.0           720000.0  188.333333   94.007092     141.00     235.00         2       1         165000.0            200000.0       94.00         0.666667            66.666667
Native Hawaiian or Other Pacific Islander        Male Not Hispanic or Latino           4    680000.000000    212053.452381        530000.0        790000.0                84.000000                13.928388                76.50000                95.00000                 43.000000                  0.000000                      NaN                      NaN       855000.000000       409226.913419           605000.0           945000.0  241.500000  203.100140     123.75     275.75         3       1         260000.0            340000.0      152.00         0.750000            75.000000
                                    White      Female     Hispanic or Latino         157    445445.859873    183297.236361        315000.0        575000.0                81.972955                17.809976                78.83900                95.00000                 45.226562                  3.678443                      NaN                      NaN       557547.770701       204296.492868           425000.0           695000.0  123.656051   59.392945      79.00     156.00       140      17         260000.0            270000.0       77.00         0.891720            89.171975
                                    White      Female Not Hispanic or Latino         337    490727.002967    239293.646093        305000.0        645000.0                71.145554                20.906151                60.00000                84.99000                 44.051064                  3.904516                      NaN                      NaN       724673.590504       371706.425757           475000.0           885000.0  164.569733  120.767543      98.00     200.00       318      19         340000.0            410000.0      102.00         0.943620            94.362018
                                    White        Male     Hispanic or Latino         281    447384.341637    202135.938092        305000.0        585000.0                81.548772                18.455407                76.00000                95.00000                 44.539906                  3.840518                      NaN                      NaN       581120.996441       328844.686995           395000.0           745000.0  155.163701  227.264261      85.00     168.00       246      35         280000.0            350000.0       83.00         0.875445            87.544484
                                    White        Male Not Hispanic or Latino         454    544735.682819    237281.179697        365000.0        712500.0                75.232855                19.199520                67.55450                90.00000                 43.424920                  4.073242                      NaN                      NaN       787290.748899       437429.319730           495000.0           965000.0  203.068282  173.184859     113.00     241.00       431      23         347500.0            470000.0      128.00         0.949339            94.933921