                             derived_race derived_sex      derived_ethnicity  total_apps  avg_loan_amount  std_loan_amount  Q1_loan_amount  Q3_loan_amount  avg_loan_to_value_ratio  std_loan_to_value_ratio  Q1_loan_to_value_ratio  Q3_loan_to_value_ratio  avg_debt_to_income_ratio  std_debt_to_income_ratio  Q1_debt_to_income_ratio  Q3_debt_to_income_ratio  avg_property_value  std_property_value  Q1_property_value  Q3_property_value  avg_income  std_income  Q1_income  Q3_income  accepted  denied  iqr_loan_amount  iqr_property_value  iqr_income  acceptance_rate  acceptance_rate_pct
                 2 or more minority races      Female     Hispanic or Latino           1     95000.000000              NaN         95000.0         95000.0                59.560000                      NaN               59.560000                 59.5600                 41.000000                       NaN                    41.00                     41.0       165000.000000                 NaN           165000.0           165000.0   57.000000         NaN      57.00      57.00         1       0              0.0                 0.0        0.00         1.000000           100.000000
                 2 or more minority races      Female Not Hispanic or Latino           7    407857.142857    213206.807718        285000.0        520000.0                72.811571                13.958736               65.000000                 81.8500                 45.000000                  4.242641                      NaN                      NaN       549285.714286       245550.886977           370000.0           695000.0  148.714286  113.772748      93.50     150.00         7       0         235000.0            325000.0       56.50         1.000000           100.000000
                 2 or more minority races        Male     Hispanic or Latino           2    400000.000000    148492.424049        347500.0        452500.0                77.163000                18.154260               70.744500                 83.5815                 42.000000                  2.828427                    41.00                     43.0       560000.000000       318198.051534           447500.0           672500.0   95.000000   15.556349      89.50     100.50         2       0         105000.0            225000.0       11.00         1.000000           100.000000
                 2 or more minority races        Male Not Hispanic or Latino           3    548333.333333    189296.944860        440000.0        615000.0                88.560000                 8.289710               84.565000                 92.8400                 46.000000                  4.358899                    44.50                     48.5       628333.333333       218250.620465           510000.0           725000.0  158.000000   93.053748     104.50     189.00         3       0         175000.0            215000.0       84.50         1.000000           100.000000
         American Indian or Alaska Native      Female     Hispanic or Latino           4    567500.000000    171537.167984        500000.0        667500.0                84.500000                11.733144               80.750000                 91.2500                 45.333333                  2.516611                      NaN                      NaN       660000.000000       120415.945788           615000.0           730000.0  179.750000   17.858238     169.25     192.00         4       0         167500.0            115000.0       22.75         1.000000           100.000000
         American Indian or Alaska Native      Female Not Hispanic or Latino           5    319000.000000    292967.574998        175000.0        445000.0                76.159600                19.605069               72.310000                 80.0000                 40.333333                  3.785939                      NaN                      NaN       517000.000000       332069.269882           325000.0           565000.0  107.800000   56.913970      81.00     152.00         4       1         270000.0            240000.0       71.00         0.800000            80.000000
         American Indian or Alaska Native        Male     Hispanic or Latino           6    466666.666667    346491.943148        275000.0        587500.0                84.785000                18.641066               81.282500                 95.0000                 43.250000                  2.986079                      NaN                      NaN       575000.000000       440681.290731           372500.0           635000.0  158.000000   80.505900     115.25     216.50         5       1         312500.0            262500.0      101.25         0.833333            83.333333
         American Indian or Alaska Native        Male Not Hispanic or Latino           9    470555.555556    154928.298828        395000.0        525000.0                75.698333                21.397047               79.762000                 80.0000                 44.600000                  4.037326                      NaN                      NaN       873888.888889       822366.166079           535000.0           755000.0  210.111111  177.778264     120.00     227.00         7       2         130000.0            220000.0      107.00         0.777778            77.777778
                                    Asian      Female     Hispanic or Latino           7    465000.000000    191833.260933        340000.0        600000.0                73.272286                22.918602               67.500000                 86.5000                 41.750000                  3.593976                      NaN                      NaN       647857.142857       198554.298679           545000.0           740000.0  163.142857   69.984352     111.50     199.50         7       0         260000.0            195000.0       88.00         1.000000           100.000000
                                    Asian      Female Not Hispanic or Latino         240    539750.000000    220505.173138        382500.0        665000.0                72.528604                18.679290               62.945000                 85.2675                 43.785276                  3.996514                      NaN                      NaN       784541.666667       341798.403864           562500.0           905000.0  176.175000  104.539569     116.50     208.25       224      16         282500.0            342500.0       91.75         0.933333            93.333333
                                    Asian        Male     Hispanic or Latino          14    572857.142857    221087.472123        450000.0        745000.0                76.547143                12.750801               68.752500                 87.4925                 41.636364                  3.324838                      NaN                      NaN       757142.857143       320412.680327           562500.0          1030000.0  165.785714   83.679038     126.00     197.00        12       2         295000.0            467500.0       71.00         0.857143            85.714286
                                    Asian        Male Not Hispanic or Latino         402    634950.248756    231986.966511        465000.0        765000.0                73.635097                16.879308               65.000000                 83.7215                 43.674825                  4.023073                      NaN                      NaN       922412.935323       436260.776336           635000.0          1105000.0  205.987562  115.071949     138.00     243.00       378      24         300000.0            470000.0      105.00         0.940299            94.029851
                Black or African American      Female     Hispanic or Latino           3    408333.333333    115902.257671        355000.0        470000.0                96.683333                 4.998317               93.872000                 98.6530                 43.333333                  1.527525                    42.50                     44.0       571666.666667       275378.527364           430000.0           705000.0  123.333333   50.212880      97.00     147.00         3       0         115000.0            275000.0       50.00         1.000000           100.000000
                Black or African American      Female Not Hispanic or Latino          53    510849.056604    193554.146293        395000.0        645000.0                86.844057                13.896714               80.000000                 95.0000                 43.794872                  4.027403                      NaN                      NaN       609150.943396       196051.739269           485000.0           765000.0  154.679245   81.669073     107.00     182.00        45       8         250000.0            280000.0       75.00         0.849057            84.905660
                Black or African American        Male     Hispanic or Latino           4    475000.000000     20000.000000        475000.0        485000.0                90.500000                 7.593857               87.500000                 95.5000                 46.250000                  4.272002                    45.25                     49.0       530000.000000        58022.983952           502500.0           552500.0  139.250000   40.475301     112.75     154.00         4       0          10000.0             50000.0       41.25         1.000000           100.000000
                Black or African American        Male Not Hispanic or Latino          35    606428.571429    219171.472719        450000.0        745000.0                85.998400                14.383690               77.500000                 95.0000                 44.583333                  3.622594                      NaN                      NaN       745571.428571       352995.107924           510000.0           855000.0  202.742857  131.458860     125.00     244.50        29       6         295000.0            345000.0      119.50         0.828571            82.857143
Native Hawaiian or Other Pacific Islander      Female     Hispanic or Latino           1    335000.000000              NaN        335000.0        335000.0                90.000000                      NaN               90.000000                 90.0000                 49.000000                       NaN                    49.00                     49.0       365000.000000                 NaN           365000.0           365000.0  143.000000         NaN     143.00     143.00         1       0              0.0                 0.0        0.00         1.000000           100.000000
Native Hawaiian or Other Pacific Islander      Female Not Hispanic or Latino           3    308333.333333    166533.279957        215000.0        375000.0                70.000000                10.000000               65.000000                 75.0000                 44.000000                       NaN                      NaN                      NaN       435000.000000       180000.000000           345000.0           525000.0  100.333333   31.005376      85.00     116.00         3       0         160000.0            180000.0       31.00         1.000000           100.000000
Native Hawaiian or Other Pacific Islander        Male     Hispanic or Latino           1    165000.000000              NaN        165000.0        165000.0                29.907000                      NaN               29.907000                 29.9070                 43.000000                       NaN                    43.00                     43.0       535000.000000                 NaN           535000.0           535000.0   42.000000         NaN      42.00      42.00         0       1              0.0                 0.0        0.00         0.000000             0.000000
Native Hawaiian or Other Pacific Islander        Male Not Hispanic or Latino           2    525000.000000    169705.627485        465000.0        585000.0                64.500000                21.920310               56.750000                 72.2500                 45.000000                       NaN                      NaN                      NaN       815000.000000        14142.135624           810000.0           820000.0  199.500000   55.861436     179.75     219.25         2       0         120000.0             10000.0       39.50         1.000000           100.000000
                                    White      Female     Hispanic or Latino         152    445197.368421    192272.813887        302500.0        590000.0                83.476320                17.302560               79.922175                 95.0000                 44.735537                  3.602704                      NaN                      NaN       557236.842105       219648.115238           402500.0           705000.0  153.447368  137.557251      82.75     171.00       136      16         287500.0            302500.0       88.25         0.894737            89.473684
                                    White      Female Not Hispanic or Latino         314    484808.917197    241511.405316        305000.0        625000.0                73.765517                20.689476               64.159250                 90.0000                 44.013158                  3.931663                      NaN                      NaN       702197.452229       404754.229684           465000.0           835000.0  183.898089  249.702076      94.00     200.00       293      21         320000.0            370000.0      106.00         0.933121            93.312102
                                    White        Male     Hispanic or Latino         275    479690.909091    216058.324844        325000.0        605000.0                82.530185                16.212579               79.996500                 95.0000                 44.280000                  3.897119                      NaN                      NaN       612781.818182       356573.038500           400000.0           755000.0  161.010909  155.828314      91.50     189.00       255      20         280000.0            355000.0       97.50         0.927273            92.727273
                                    White        Male Not Hispanic or Latino         457    570733.041575    266148.534867        365000.0        755000.0                74.295707                23.079372               64.804000                 87.4100                 43.808725                  4.089939                      NaN                      NaN       831061.269147       493032.840897           525000.0          1045000.0  232.236324  323.471353     120.00     252.00       437      20         390000.0            520000.0      132.00         0.956236            95.623632