                             derived_race derived_sex      derived_ethnicity  total_apps  avg_loan_amount  std_loan_amount  Q1_loan_amount  Q3_loan_amount  avg_loan_to_value_ratio  std_loan_to_value_ratio  Q1_loan_to_value_ratio  Q3_loan_to_value_ratio  avg_debt_to_income_ratio  std_debt_to_income_ratio  Q1_debt_to_income_ratio  Q3_debt_to_income_ratio  avg_property_value  std_property_value  Q1_property_value  Q3_property_value  avg_income  std_income  Q1_income  Q3_income  accepted  denied  iqr_loan_amount  iqr_property_value  iqr_income  acceptance_rate  acceptance_rate_pct
                 2 or more minority races      Female     Hispanic or Latino           3    395000.000000    274954.541697        275000.0        545000.0                73.186667                11.801040                69.78000               80.000000                 45.666667                  4.163332                    44.00                    48.00       508333.333333       315330.514434           370000.0           680000.0   98.333333   39.627432      79.50     119.00         3       0         270000.0            310000.0       39.50         1.000000           100.000000
                 2 or more minority races      Female Not Hispanic or Latino           2    570000.000000    261629.509039        477500.0        662500.0                92.500000                10.606602                88.75000               96.250000                 38.000000                       NaN                      NaN                      NaN       650000.000000       346482.322781           527500.0           772500.0  173.000000   29.698485     162.50     183.50         2       0         185000.0            245000.0       21.00         1.000000           100.000000
                 2 or more minority races        Male     Hispanic or Latino           1     55000.000000              NaN         55000.0         55000.0                76.370000                      NaN                76.37000               76.370000                 37.000000                       NaN                    37.00                    37.00        65000.000000                 NaN            65000.0            65000.0   40.000000         NaN      40.00      40.00         1       0              0.0                 0.0        0.00         1.000000           100.000000
         American Indian or Alaska Native      Female     Hispanic or Latino           6    380000.000000    146389.890361        287500.0        420000.0                73.772833                26.063555                59.09925               94.925000                 45.200000                  3.898718                      NaN                      NaN       536666.666667       134375.096899           452500.0           582500.0  125.333333   57.715394      95.50     137.75         6       0         132500.0            130000.0       42.25         1.000000           100.000000
         American Indian or Alaska Native      Female Not Hispanic or Latino           3    381666.666667    138684.293751        305000.0        440000.0                91.529333                10.931234                87.79400               97.802500                 48.500000                  0.707107                      NaN                      NaN       438333.333333       209841.209807           320000.0           520000.0  236.333333  263.234370      84.50     318.00         3       0         135000.0            200000.0      233.50         1.000000           100.000000
         American Indian or Alaska Native        Male     Hispanic or Latino           8    508750.000000    181181.637354        460000.0        605000.0                91.259250                 8.213138                83.75000               96.992500                 44.833333                  2.714160                      NaN                      NaN       561250.000000       194417.628536           507500.0           650000.0  129.875000   54.438530      90.00     162.75         7       1         145000.0            142500.0       72.75         0.875000            87.500000
         American Indian or Alaska Native        Male Not Hispanic or Latino           9    482777.777778    157858.938437        365000.0        505000.0                78.898444                16.845387                80.00000               85.000000                 44.250000                  1.892969                      NaN                      NaN       669444.444444       320628.722634           435000.0           795000.0  244.888889  160.051901     111.00     278.00         9       0         140000.0            360000.0      167.00         1.000000           100.000000
                                    Asian      Female     Hispanic or Latino           7    629285.714286    293647.018423        400000.0        850000.0                77.278714                19.290319                73.60550               88.500000                 45.200000                  3.033150                      NaN                      NaN       826428.571429       353384.991731           595000.0           980000.0  186.714286  109.439046     118.50     241.00         7       0         450000.0            385000.0      122.50         1.000000           100.000000
                                    Asian      Female Not Hispanic or Latino         237    557742.616034    221762.176968        395000.0        705000.0                72.952012                18.015148                63.91000               85.000000                 43.508287                  3.982767                      NaN                      NaN       811118.143460       341301.277838           595000.0           975000.0  170.388186   80.591781     116.00     212.00       220      17         310000.0            380000.0       96.00         0.928270            92.827004
                                    Asian        Male     Hispanic or Latino          13    583461.538462    253864.995416        465000.0        665000.0                83.369769                11.501573                79.54500               95.000000                 44.800000                  4.049691                      NaN                      NaN       717307.692308       336208.116255           545000.0           885000.0  178.153846   87.700101     109.00     209.00        12       1         200000.0            340000.0      100.00         0.923077            92.307692
                                    Asian        Male Not Hispanic or Latino         343    614096.209913    256201.559821        425000.0        765000.0                71.298414                18.816773                59.83850               80.000000                 43.908714                  4.122091                      NaN                      NaN       923075.801749       428525.044234           625000.0          1175000.0  223.839650  318.350721     125.00     245.00       319      24         340000.0            550000.0      120.00         0.930029            93.002915
                Black or African American      Female     Hispanic or Latino           2    380000.000000     35355.339059        367500.0        392500.0                76.700000                 8.909545                73.55000               79.850000                       NaN                       NaN                      NaN                      NaN       505000.000000            0.000000           505000.0           505000.0   65.000000   26.870058      55.50      74.50         1       1          25000.0                 0.0       19.00         0.500000            50.000000
                Black or African American      Female Not Hispanic or Latino          53    499716.981132    256879.227636        325000.0        665000.0                82.546642                17.554807                80.00000               96.290000                 44.886364                  3.692959                      NaN                      NaN       654056.603774       283075.582126           475000.0           775000.0  142.169811   65.833045     102.00     170.00        44       9         340000.0            300000.0       68.00         0.830189            83.018868
                Black or African American        Male     Hispanic or Latino           4    450000.000000    148884.742894        382500.0        502500.0                72.722500                25.552848                68.97250               83.750000                 48.000000                       NaN                      NaN                      NaN       645000.000000       174164.673035           505000.0           790000.0  132.000000   80.154018      76.50     179.00         2       2         120000.0            285000.0      102.50         0.500000            50.000000
                Black or African American        Male Not Hispanic or Latino          46    570000.000000    254634.814762        405000.0        725000.0                80.049870                18.731852                78.52625               95.000000                 45.647059                  3.812915                      NaN                      NaN       774782.608696       383900.965994           547500.0           802500.0  201.413043  151.696418     102.75     236.50        40       6         320000.0            255000.0      133.75         0.869565            86.956522
Native Hawaiian or Other Pacific Islander      Female     Hispanic or Latino           1    275000.000000              NaN        275000.0        275000.0                80.000000                      NaN                80.00000               80.000000                 47.000000                       NaN                    47.00                    47.00       345000.000000                 NaN           345000.0           345000.0   65.000000         NaN      65.00      65.00         1       0              0.0                 0.0        0.00         1.000000           100.000000
Native Hawaiian or Other Pacific Islander      Female Not Hispanic or Latino           2    295000.000000     42426.406871        280000.0        310000.0                45.304500                 7.852421                42.52825               48.080750                 45.500000                  4.949747                    43.75                    47.25       665000.000000       197989.898732           595000.0           735000.0   83.500000   10.606602      79.75      87.25         2       0          30000.0            140000.0        7.50         1.000000           100.000000
Native Hawaiian or Other Pacific Islander        Male     Hispanic or Latino           2    265000.000000         0.000000        265000.0        265000.0                69.697000                42.854914                54.54550               84.848500                 38.000000                       NaN                      NaN                      NaN       465000.000000       282842.712475           365000.0           565000.0   85.000000   16.970563      79.00      91.00         1       1              0.0            200000.0       12.00         0.500000            50.000000
Native Hawaiian or Other Pacific Islander        Male Not Hispanic or Latino           4    390000.000000    102469.507660        340000.0        415000.0                82.214750                23.644984                79.25500               95.379250                 44.000000                  4.690416                    40.00                    47.50       515000.000000       198662.192343           375000.0           635000.0  118.000000   16.145175     112.00     125.50         4       0          75000.0            260000.0       13.50         1.000000           100.000000
                                    White      Female     Hispanic or Latino         161    423509.316770    211625.291435        275000.0        545000.0                79.761714                20.311695                74.50000               95.000000                 44.728682                  3.780608                      NaN                      NaN       573881.987578       301081.371453           375000.0           705000.0  152.881988  180.470198      81.00     162.00       147      14         270000.0            330000.0       81.00         0.913043            91.304348
                                    White      Female Not Hispanic or Latino         350    474200.000000    252175.497175        295000.0        642500.0                70.769740                21.392504                56.05500               87.267925                 43.492126                  3.983903                      NaN                      NaN       706514.285714       392992.695998           437500.0           852500.0  163.702857  125.373678      90.00     209.00       329      21         347500.0            415000.0      119.00         0.940000            94.000000
                                    White        Male     Hispanic or Latino         271    493966.789668    235122.589783        325000.0        635000.0                83.184273                16.825251                80.00000               95.000000                 44.467005                  3.962217                      NaN                      NaN       623782.287823       313359.917046           405000.0           755000.0  187.051661  258.340367      92.50     193.50       251      20         310000.0            350000.0      101.00         0.926199            92.619926
                                    White        Male Not Hispanic or Latino         472    560593.220339    263686.239507        355000.0        745000.0                73.467508                20.112472                63.92975               89.827000                 43.643333                  4.183435                      NaN                      NaN       812966.101695       433499.186269           515000.0          1027500.0  232.088983  418.727200     116.00     251.25       439      33         390000.0            512500.0      135.25         0.930085            93.008475