                             derived_race derived_sex      derived_ethnicity  total_apps  avg_loan_amount  std_loan_amount  Q1_loan_amount  Q3_loan_amount  avg_loan_to_value_ratio  std_loan_to_value_ratio  Q1_loan_to_value_ratio  Q3_loan_to_value_ratio  avg_debt_to_income_ratio  std_debt_to_income_ratio  Q1_debt_to_income_ratio  Q3_debt_to_income_ratio  avg_property_value  std_property_value  Q1_property_value  Q3_property_value  avg_income  std_income  Q1_income  Q3_income  accepted  denied  iqr_loan_amount  iqr_property_value  iqr_income  acceptance_rate  acceptance_rate_pct
                 2 or more minority races      Female Not Hispanic or Latino           3    608333.333333    440605.643783        355000.0        755000.0                66.876333                26.809026                52.81450                79.50900                 47.000000                  2.828427                      NaN                      NaN       845000.000000       293087.017795           680000.0           960000.0  163.000000  100.493781     108.00     206.50         3       0         400000.0            280000.0       98.50         1.000000           100.000000
                 2 or more minority races        Male     Hispanic or Latino           3    325000.000000    234307.490277        250000.0        460000.0                85.440667                 7.855440                83.16600                89.97600                 39.000000                  2.828427                      NaN                      NaN       361666.666667       257358.375293           280000.0           510000.0  104.666667   59.467078      78.50     137.00         3       0         210000.0            230000.0       58.50         1.000000           100.000000
                 2 or more minority races        Male Not Hispanic or Latino           2    575000.000000     42426.406871        560000.0        590000.0                70.000000                14.142136                65.00000                75.00000                 38.500000                  0.707107                    38.25                    38.75       830000.000000       106066.017178           792500.0           867500.0  156.000000    1.414214     155.50     156.50         2       0          30000.0             75000.0        1.00         1.000000           100.000000
         American Indian or Alaska Native      Female     Hispanic or Latino           7    462142.857143    230702.859808        345000.0        480000.0                67.467000                26.926468                55.80450                84.89000                 47.200000                  1.303840                      NaN                      NaN       757857.142857       339495.423912           525000.0           965000.0  124.142857   45.381452      90.00     149.50         6       1         135000.0            440000.0       59.50         0.857143            85.714286
         American Indian or Alaska Native      Female Not Hispanic or Latino           6    471666.666667     90921.211313        450000.0        500000.0                82.300833                16.065656                80.00000                92.25000                 40.333333                  4.041452                      NaN                      NaN       578333.333333        42739.521133           542500.0           612500.0  160.166667   42.719629     147.50     187.75         6       0          50000.0             70000.0       40.25         1.000000           100.000000
         American Indian or Alaska Native        Male     Hispanic or Latino           8    511250.000000    200494.923342        455000.0        640000.0                83.794750                26.027353                89.59775                95.00000                 41.857143                  4.140393                      NaN                      NaN       595000.000000       110969.751348           502500.0           675000.0  183.000000   74.913283     152.25     204.00         7       1         185000.0            172500.0       51.75         0.875000            87.500000
         American Indian or Alaska Native        Male Not Hispanic or Latino           7    393571.428571    164360.231547        335000.0        490000.0                74.825143                15.549134                66.76850                82.61950                 41.000000                  5.354126                      NaN                      NaN       527857.142857       259404.078978           405000.0           585000.0  211.857143  137.883319     140.50     213.50         7       0         155000.0            180000.0       73.00         1.000000           100.000000
                                    Asian      Female     Hispanic or Latino           8    476250.000000    308611.521866        292500.0        712500.0                62.108750                25.492725                51.29750                77.77775                 37.500000                  2.121320                      NaN                      NaN       773750.000000       365725.795020           455000.0           982500.0  174.000000   93.503247     102.75     222.25         8       0         420000.0            527500.0      119.50         1.000000           100.000000
                                    Asian      Female Not Hispanic or Latino         216    555601.851852    229774.629312        405000.0        705000.0                67.826504                19.550643                57.61925                80.00000                 43.731250                  3.830894                      NaN                      NaN       869259.259259       393781.201681           605000.0          1055000.0  193.893519  152.189975     124.00     225.25       202      14         300000.0            450000.0      101.25         0.935185            93.518519
                                    Asian        Male     Hispanic or Latino          10    533000.000000    186118.241986        420000.0        575000.0                84.192800                 7.730297                80.00000                88.74925                 46.222222                  1.855921                      NaN                      NaN       655000.000000       233095.116494           560000.0           745000.0  205.900000  173.016666     118.00     198.75        10       0         155000.0            185000.0       80.75         1.000000           100.000000
                                    Asian        Male Not Hispanic or Latino         395    621607.594937    245348.887489        435000.0        765000.0                73.071802                17.314611                66.10800                81.25000                 43.842857                  4.037053                      NaN                      NaN       900037.974684       410305.304276           635000.0          1095000.0  201.782278  129.224800     132.00     238.00       367      28         330000.0            460000.0      106.00         0.929114            92.911392
                Black or African American      Female     Hispanic or Latino           2    410000.000000    120208.152802        367500.0        452500.0                80.489500                 5.797568                78.43975                82.53925                       NaN                       NaN                      NaN                      NaN       505000.000000       113137.084990           465000.0           545000.0  194.000000   43.840620     178.50     209.50         2       0          85000.0             80000.0       31.00         1.000000           100.000000
                Black or African American      Female Not Hispanic or Latino          45    528777.777778    218218.915196        395000.0        635000.0               132.986222               293.864118                87.03300                97.00000                 44.315789                  3.654729                      NaN                      NaN       610777.777778       226309.210122           475000.0           735000.0  158.333333   84.898603     108.00     181.00        39       6         240000.0            260000.0       73.00         0.866667            86.666667
                Black or African American        Male     Hispanic or Latino           3    461666.666667    244199.372099        325000.0        560000.0                82.691667                 6.401969                79.03750                85.00000                 42.000000                  1.414214                      NaN                      NaN       571666.666667       328684.245642           390000.0           710000.0  116.333333   71.451615      76.00     144.00         3       0         235000.0            320000.0       68.00         1.000000           100.000000
                Black or African American        Male Not Hispanic or Latino          20    513000.000000    157834.023415        430000.0        617500.0                84.003040                13.671237                80.00000                92.06825                 43.933333                  4.574255                      NaN                      NaN       639500.000000       237120.333653           495000.0           750000.0  171.350000   75.409950     105.75     218.50        16       4         187500.0            255000.0      112.75         0.800000            80.000000
Native Hawaiian or Other Pacific Islander      Female     Hispanic or Latino           1    205000.000000              NaN        205000.0        205000.0                76.340000                      NaN                76.34000                76.34000                       NaN                       NaN                      NaN                      NaN       265000.000000                 NaN           265000.0           265000.0   28.000000         NaN      28.00      28.00         0       1              0.0                 0.0        0.00         0.000000             0.000000
Native Hawaiian or Other Pacific Islander      Female Not Hispanic or Latino           3    415000.000000     65574.385243        385000.0        450000.0                98.333333                 2.886751                97.50000               100.00000                 47.333333                  2.081666                    46.50                    48.50       461666.666667        92915.732432           430000.0           515000.0  110.333333   52.690923      80.00     127.50         3       0          65000.0             85000.0       47.50         1.000000           100.000000
Native Hawaiian or Other Pacific Islander        Male     Hispanic or Latino           2    515000.000000     70710.678119        490000.0        540000.0                94.999500                 0.000707                94.99925                94.99975                 42.500000                  3.535534                    41.25                    43.75       540000.000000        77781.745931           512500.0           567500.0  140.000000   60.811183     118.50     161.50         2       0          50000.0             55000.0       43.00         1.000000           100.000000
Native Hawaiian or Other Pacific Islander        Male Not Hispanic or Latino           1    735000.000000              NaN        735000.0        735000.0                90.000000                      NaN                90.00000                90.00000                 38.000000                       NaN                    38.00                    38.00       815000.000000                 NaN           815000.0           815000.0  448.000000         NaN     448.00     448.00         1       0              0.0                 0.0        0.00         1.000000           100.000000
                                    White      Female     Hispanic or Latino         162    409135.802469    197316.295763        285000.0        495000.0                78.976367                19.162814                73.04525                95.00000                 44.302326                  4.061259                      NaN                      NaN       546358.024691       244833.588237           375000.0           675000.0  132.740741   95.920552      79.25     148.00       145      17         210000.0            300000.0       68.75         0.895062            89.506173
                                    White      Female Not Hispanic or Latino         354    501807.909605    230808.978436        327500.0        645000.0                72.438644                20.005929                63.02000                84.15500                 44.128099                  4.178104                      NaN                      NaN       734152.542373       375225.506370           475000.0           905000.0  168.155367   99.311175     102.00     209.00       329      25         317500.0            430000.0      107.00         0.929379            92.937853
                                    White        Male     Hispanic or Latino         281    473007.117438    188284.397216        335000.0        595000.0                84.935399                13.148217                80.00000                95.00000                 44.170732                  3.928918                      NaN                      NaN       577669.039146       244843.231336           415000.0           715000.0  164.594306  155.346338      96.00     185.00       260      21         260000.0            300000.0       89.00         0.925267            92.526690
                                    White        Male Not Hispanic or Latino         461    557906.724512    254347.011286        355000.0        725000.0                75.584360                17.930667                70.00000                89.00000                 43.613208                  4.109474                      NaN                      NaN       787668.112798       448756.780792           505000.0           985000.0  243.470716  526.562728     113.00     241.00       424      37         370000.0            480000.0      128.00         0.919740            91.973970