                             derived_race derived_sex      derived_ethnicity  total_apps  avg_loan_amount  std_loan_amount  Q1_loan_amount  Q3_loan_amount  avg_loan_to_value_ratio  std_loan_to_value_ratio  Q1_loan_to_value_ratio  Q3_loan_to_value_ratio  avg_debt_to_income_ratio  std_debt_to_income_ratio  Q1_debt_to_income_ratio  Q3_debt_to_income_ratio  avg_property_value  std_property_value  Q1_property_value  Q3_property_value  avg_income  std_income  Q1_income  Q3_income  accepted  denied  iqr_loan_amount  iqr_property_value  iqr_income  acceptance_rate  acceptance_rate_pct
                 2 or more minority races      Female     Hispanic or Latino           2    590000.000000     49497.474683        572500.0        607500.0                84.185000                15.294720                78.77750                89.59250                 49.000000                       NaN                      NaN                      NaN       715000.000000       183847.763109           650000.0           780000.0  123.500000   27.577164     113.75     133.25         1       1          35000.0            130000.0       19.50         0.500000            50.000000
                 2 or more minority races      Female Not Hispanic or Latino           3    578333.333333    219393.102292        455000.0        665000.0                91.700000                 4.687217                89.05000                93.50000                 42.500000                  2.121320                      NaN                      NaN       638333.333333       250066.657780           495000.0           725000.0  160.333333   55.788290     128.50     180.50         3       0         210000.0            230000.0       52.00         1.000000           100.000000
                 2 or more minority races        Male     Hispanic or Latino           3    551666.666667    155349.069303        465000.0        615000.0                80.442000                16.341484                72.16300                88.50000                 46.500000                  3.535534                      NaN                      NaN       691666.666667       136503.968196           645000.0           770000.0  127.333333   23.180452     115.00     138.00         3       0         150000.0            125000.0       23.00         1.000000           100.000000
                 2 or more minority races        Male Not Hispanic or Latino           2    795000.000000    127279.220614        750000.0        840000.0                80.000000                 0.000000                80.00000                80.00000                 39.500000                  3.535534                    38.25                    40.75       990000.000000       162634.559673           932500.0          1047500.0  207.500000    3.535534     206.25     208.75         2       0          90000.0            115000.0        2.50         1.000000           100.000000
         American Indian or Alaska Native      Female     Hispanic or Latino           5    347000.000000     85848.704125        285000.0        375000.0                74.656200                27.061326                73.11000                90.34600                 46.000000                  0.000000                      NaN                      NaN       525000.000000       211187.120819           395000.0           595000.0  144.400000   71.936083      99.00     161.00         5       0          90000.0            200000.0       62.00         1.000000           100.000000
         American Indian or Alaska Native      Female Not Hispanic or Latino           3    425000.000000     87177.978871        395000.0        475000.0                70.138667                19.952676                60.25800                80.20800                 40.000000                       NaN                      NaN                      NaN       618333.333333        72341.781381           595000.0           660000.0  154.666667   35.076108     136.50     171.50         3       0          80000.0             65000.0       35.00         1.000000           100.000000
         American Indian or Alaska Native        Male     Hispanic or Latino          12    410833.333333    165389.805849        305000.0        562500.0                80.886917                19.587567                75.00000                91.74750                 43.142857                  2.340126                      NaN                      NaN       520000.000000       202641.645186           385000.0           645000.0  109.083333   35.163148      90.50     129.00         7       5         257500.0            260000.0       38.50         0.583333            58.333333
         American Indian or Alaska Native        Male Not Hispanic or Latino           2    365000.000000    339411.254970        245000.0        485000.0                79.995000                 0.007071                79.99250                79.99750                       NaN                       NaN                      NaN                      NaN       455000.000000       424264.068712           305000.0           605000.0  163.000000   93.338095     130.00     196.00         2       0         240000.0            300000.0       66.00         1.000000           100.000000
                                    Asian      Female     Hispanic or Latino           8    441250.000000    247093.822551        297500.0        545000.0                65.147750                21.957504                60.50925                74.15825                 45.600000                  3.209361                      NaN                      NaN       678750.000000       314003.525913           562500.0           690000.0  140.000000   80.533933      85.75     155.75         8       0         247500.0            127500.0       70.00         1.000000           100.000000
                                    Asian      Female Not Hispanic or Latino         230    555391.304348    223541.022120        395000.0        705000.0                74.707939                17.718243                67.36500                89.87150                 43.593023                  4.077833                      NaN                      NaN       788130.434783       381797.324357           545000.0           955000.0  177.717391  144.811919     114.00     208.00       214      16         310000.0            410000.0       94.00         0.930435            93.043478
                                    Asian        Male     Hispanic or Latino          11    628636.363636    150683.292191        505000.0        730000.0                79.525273                11.970743                77.50000                84.95000                 44.222222                  3.419714                      NaN                      NaN       828636.363636       220466.447664           625000.0           970000.0  221.909091   92.405037     146.00     283.00         9       2         225000.0            345000.0      137.00         0.818182            81.818182
                                    Asian        Male Not Hispanic or Latino         370    631567.567568    243238.876927        445000.0        765000.0                71.850486                18.916575                61.40475                80.00000                 43.649819                  4.172474                      NaN                      NaN       947297.297297       456028.416653           635000.0          1185000.0  225.586486  229.807471     133.25     249.00       346      24         320000.0            550000.0      115.75         0.935135            93.513514
                Black or African American      Female     Hispanic or Latino           1    655000.000000              NaN        655000.0        655000.0                89.990000                      NaN                89.99000                89.99000                 49.000000                       NaN                    49.00                    49.00       725000.000000                 NaN           725000.0           725000.0  299.000000         NaN     299.00     299.00         1       0              0.0                 0.0        0.00         1.000000           100.000000
                Black or African American      Female Not Hispanic or Latino          36    551666.666667    217137.217972        412500.0        677500.0                87.500472                12.574700                80.00000                95.50000                 45.571429                  4.131438                      NaN                      NaN       661388.888889       267508.641012           492500.0           827500.0  211.222222  288.660860     108.75     204.25        34       2         265000.0            335000.0       95.50         0.944444            94.444444
                Black or African American        Male     Hispanic or Latino           2    610000.000000    176776.695297        547500.0        672500.0                82.500000                10.606602                78.75000                86.25000                 48.000000                  1.414214                    47.50                    48.50       760000.000000       318198.051534           647500.0           872500.0  140.500000   48.790368     123.25     157.75         2       0         125000.0            225000.0       34.50         1.000000           100.000000
                Black or African American        Male Not Hispanic or Latino          41    520609.756098    202077.321594        375000.0        655000.0                81.995317                17.276835                79.48000                94.00000                 44.142857                  4.034245                      NaN                      NaN       786463.414634       655730.741142           455000.0           825000.0  212.487805  160.374581     109.00     230.00        33       8         280000.0            370000.0      121.00         0.804878            80.487805
Native Hawaiian or Other Pacific Islander      Female     Hispanic or Latino           2    250000.000000     91923.881554        217500.0        282500.0                83.500000                 4.949747                81.75000                85.25000                 44.500000                  3.535534                    43.25                    45.75       300000.000000        91923.881554           267500.0           332500.0   79.500000    6.363961      77.25      81.75         2       0          65000.0             65000.0        4.50         1.000000           100.000000
Native Hawaiian or Other Pacific Islander      Female Not Hispanic or Latino           4    457500.000000    255000.000000        317500.0        550000.0                62.470750                22.511468                47.93000                80.54075                 40.000000                  2.828427                      NaN                      NaN       702500.000000       208226.639346           565000.0           757500.0  150.250000   50.822403     114.25     174.50         4       0         232500.0            192500.0       60.25         1.000000           100.000000
Native Hawaiian or Other Pacific Islander        Male     Hispanic or Latino           2    365000.000000     28284.271247        355000.0        375000.0                92.500000                 3.535534                91.25000                93.75000                       NaN                       NaN                      NaN                      NaN       395000.000000        14142.135624           390000.0           400000.0   77.000000   21.213203      69.50      84.50         0       2          20000.0             10000.0       15.00         0.000000             0.000000
Native Hawaiian or Other Pacific Islander        Male Not Hispanic or Latino           2    635000.000000    169705.627485        575000.0        695000.0                94.375000                 0.883883                94.06250                94.68750                 38.000000                       NaN                      NaN                      NaN       675000.000000       183847.763109           610000.0           740000.0  215.000000   22.627417     207.00     223.00         2       0         120000.0            130000.0       16.00         1.000000           100.000000
                                    White      Female     Hispanic or Latino         160    446625.000000    196679.631275        305000.0        557500.0                81.930813                17.669184                75.00000                95.00000                 44.377953                  4.187906                      NaN                      NaN       568437.500000       246961.527508           412500.0           725000.0  130.256250   83.060351      82.00     156.25       141      19         252500.0            312500.0       74.25         0.881250            88.125000
                                    White      Female Not Hispanic or Latino         365    484589.041096    256660.925442        305000.0        625000.0                71.601148                20.976011                59.77100                86.27000                 43.787879                  4.267715                      NaN                      NaN       721136.986301       395911.984997           475000.0           875000.0  169.589041  104.744461     104.00     210.00       344      21         320000.0            400000.0      106.00         0.942466            94.246575
                                    White        Male     Hispanic or Latino         267    473426.966292    213363.145956        325000.0        615000.0                82.364978                16.411717                79.30000                95.00000                 43.861702                  4.079690                      NaN                      NaN       597022.471910       285382.660039           395000.0           740000.0  166.037453  134.652122      91.00     181.50       240      27         290000.0            345000.0       90.50         0.898876            89.887640
                                    White        Male Not Hispanic or Latino         467    528062.098501    228519.780603        355000.0        695000.0                75.784587                20.413213                69.99250                89.71250                 43.620690                  3.998075                      NaN                      NaN       749496.788009       390288.098566           505000.0           935000.0  194.100642  194.627664     113.00     223.00       449      18         340000.0            430000.0      110.00         0.961456            96.145610