                             derived_race derived_sex      derived_ethnicity  total_apps  avg_loan_amount  std_loan_amount  Q1_loan_amount  Q3_loan_amount  avg_loan_to_value_ratio  std_loan_to_value_ratio  Q1_loan_to_value_ratio  Q3_loan_to_value_ratio  avg_debt_to_income_ratio  std_debt_to_income_ratio  Q1_debt_to_income_ratio  Q3_debt_to_income_ratio  avg_property_value  std_property_value  Q1_property_value  Q3_property_value  avg_income  std_income  Q1_income  Q3_income  accepted  denied  iqr_loan_amount  iqr_property_value  iqr_income  acceptance_rate  acceptance_rate_pct
                 2 or more minority races      Female     Hispanic or Latino           3    501666.666667    133166.562370        445000.0        575000.0                90.666667                 9.291573                87.50000                 96.0000                 42.000000                  2.828427                      NaN                      NaN        5.650000e+05       200000.000000           465000.0           665000.0  121.000000   21.931712     111.50     133.00         3       0         130000.0            200000.0       21.50         1.000000           100.000000
                 2 or more minority races      Female Not Hispanic or Latino           2    505000.000000     28284.271247        495000.0        515000.0                82.500000                17.677670                76.25000                 88.7500                 43.000000                       NaN                      NaN                      NaN        6.300000e+05       176776.695297           567500.0           692500.0  161.000000   33.941125     149.00     173.00         1       1          20000.0            125000.0       24.00         0.500000            50.000000
                 2 or more minority races        Male     Hispanic or Latino           2    585000.000000    197989.898732        515000.0        655000.0                93.481000                 4.976618                91.72150                 95.2405                 49.000000                       NaN                      NaN                      NaN        6.250000e+05       183847.763109           560000.0           690000.0  154.500000    3.535534     153.25     155.75         2       0         140000.0            130000.0        2.50         1.000000           100.000000
                 2 or more minority races        Male Not Hispanic or Latino           4    705000.000000    433973.885543        342500.0       1067500.0                65.801250                15.192471                53.48875                 78.3335                 43.500000                  2.645751                    41.75                    44.75        1.135000e+06       794019.311268           580000.0          1555000.0  178.750000   78.834743     117.75     227.00         4       0         725000.0            975000.0      109.25         1.000000           100.000000
         American Indian or Alaska Native      Female     Hispanic or Latino           7    480714.285714    236139.587452        285000.0        610000.0                86.655000                16.152829                85.17300                 95.8300                 44.000000                  3.082207                      NaN                      NaN        5.821429e+05       310468.156484           310000.0           780000.0  239.000000  236.312646      83.00     244.50         7       0         325000.0            470000.0      161.50         1.000000           100.000000
         American Indian or Alaska Native      Female Not Hispanic or Latino           2    480000.000000     77781.745931        452500.0        507500.0                75.000000                28.284271                65.00000                 85.0000                 43.000000                  8.485281                    40.00                    46.00        6.750000e+05       155563.491861           620000.0           730000.0  133.500000    2.121320     132.75     134.25         2       0          55000.0            110000.0        1.50         1.000000           100.000000
         American Indian or Alaska Native        Male     Hispanic or Latino           8    512500.000000    156638.801980        387500.0        617500.0                88.194875                 7.759423                80.00000                 95.4975                 44.250000                  5.188127                      NaN                      NaN        5.800000e+05       163357.626959           457500.0           635000.0  148.250000   52.545898     103.75     190.50         7       1         230000.0            177500.0       86.75         0.875000            87.500000
         American Indian or Alaska Native        Male Not Hispanic or Latino           2    230000.000000     91923.881554        197500.0        262500.0                72.603000                10.079100                69.03950                 76.1665                 49.000000                       NaN                      NaN                      NaN        3.150000e+05        84852.813742           285000.0           345000.0   63.500000   14.849242      58.25      68.75         2       0          65000.0             60000.0       10.50         1.000000           100.000000
                                    Asian      Female     Hispanic or Latino           3    398333.333333     25166.114784        385000.0        410000.0                82.416000                22.892471                75.49600                 95.6280                 43.500000                  7.778175                      NaN                      NaN        5.216667e+05       170098.010962           425000.0           585000.0  158.666667   62.915287     129.50     192.00         3       0          25000.0            160000.0       62.50         1.000000           100.000000
                                    Asian      Female Not Hispanic or Latino         223    571008.968610    221714.734158        405000.0        705000.0                72.856009                17.515175                64.33850                 81.7405                 43.904762                  4.015297                      NaN                      NaN        8.160314e+05       340803.652623           570000.0           970000.0  222.995516  524.804172     121.00     220.50       216       7         300000.0            400000.0       99.50         0.968610            96.860987
                                    Asian        Male     Hispanic or Latino          11    634090.909091    214357.390610        505000.0        765000.0                77.617455                10.716430                73.92050                 80.0000                 44.166667                  3.710346                      NaN                      NaN        8.213636e+05       277786.706927           630000.0           960000.0  204.636364   77.298477     156.00     250.00        10       1         260000.0            330000.0       94.00         0.909091            90.909091
                                    Asian        Male Not Hispanic or Latino         360    630333.333333    246540.181880        435000.0        795000.0                74.656636                17.899912                67.08550                 87.5065                 43.811321                  3.976525                      NaN                      NaN        8.923889e+05       398908.488314           612500.0          1140000.0  191.516667   92.422367     129.00     235.00       325      35         360000.0            527500.0      106.00         0.902778            90.277778
                Black or African American      Female     Hispanic or Latino           3    381666.666667    142945.210949        320000.0        460000.0                76.521000                33.753434                66.28150                 96.0000                 43.500000                  6.363961                      NaN                      NaN        5.183333e+05        86216.781043           480000.0           565000.0  114.000000   14.177447     108.50     122.00         3       0         140000.0             85000.0       13.50         1.000000           100.000000
                Black or African American      Female Not Hispanic or Latino          35    530428.571429    196653.515204        390000.0        695000.0                83.247829                17.552918                80.00000                 95.0000                 44.440000                  4.042277                      NaN                      NaN        6.678571e+05       232639.223699           505000.0           775000.0  158.285714   84.380989     110.00     185.50        32       3         305000.0            270000.0       75.50         0.914286            91.428571
                Black or African American        Male     Hispanic or Latino           1    485000.000000              NaN        485000.0        485000.0                80.000000                      NaN                80.00000                 80.0000                       NaN                       NaN                      NaN                      NaN        6.050000e+05                 NaN           605000.0           605000.0  192.000000         NaN     192.00     192.00         1       0              0.0                 0.0        0.00         1.000000           100.000000
                Black or African American        Male Not Hispanic or Latino          35    551571.428571    256778.032517        380000.0        710000.0                82.098286                19.226261                79.50000                 95.0000                 44.250000                  3.813591                      NaN                      NaN        7.790000e+05       680048.441181           475000.0           775000.0  184.542857  129.838892     110.00     222.00        31       4         330000.0            300000.0      112.00         0.885714            88.571429
Native Hawaiian or Other Pacific Islander      Female     Hispanic or Latino           1    355000.000000              NaN        355000.0        355000.0                95.900000                      NaN                95.90000                 95.9000                       NaN                       NaN                      NaN                      NaN        3.650000e+05                 NaN           365000.0           365000.0  120.000000         NaN     120.00     120.00         0       1              0.0                 0.0        0.00         0.000000             0.000000
Native Hawaiian or Other Pacific Islander      Female Not Hispanic or Latino           3    338333.333333     50332.229568        315000.0        365000.0                96.110000                 3.470778                94.16500                 97.5000                 44.500000                  0.707107                      NaN                      NaN        3.550000e+05        50000.000000           330000.0           380000.0   83.000000   18.520259      72.50      90.00         2       1          50000.0             50000.0       17.50         0.666667            66.666667
Native Hawaiian or Other Pacific Islander        Male Not Hispanic or Latino           6    580000.000000    296765.901006        350000.0        725000.0                90.806500                 9.027882                91.20975                 95.0000                 45.600000                  5.458938                      NaN                      NaN        6.533333e+05       356618.376793           367500.0           947500.0  162.833333   62.011021     125.25     206.25         6       0         375000.0            580000.0       81.00         1.000000           100.000000
                                    White      Female     Hispanic or Latino         170    445705.882353    193511.849921        315000.0        545000.0                81.725453                16.077567                79.45750                 95.0000                 44.595588                  3.758208                      NaN                      NaN        5.741765e+05       267476.534456           395000.0           695000.0  130.605882   62.482783      87.00     160.00       154      16         230000.0            300000.0       73.00         0.905882            90.588235
                                    White      Female Not Hispanic or Latino         378    467169.312169    236785.620643        305000.0        612500.0                69.567829                22.568272                56.59650                 85.0000                 43.633205                  4.136318                      NaN                      NaN        7.200000e+05       397129.788565           445000.0           855000.0  164.769841  123.906731     100.25     198.00       356      22         307500.0            410000.0       97.75         0.941799            94.179894
                                    White        Male     Hispanic or Latino         288    474236.111111    209798.575579        335000.0        577500.0                83.297934                15.433228                80.00000                 95.0000                 44.290323                  3.988821                      NaN                      NaN        5.889236e+05       271747.899667           405000.0           697500.0  155.826389  115.485844      91.00     182.50       259      29         242500.0            292500.0       91.50         0.899306            89.930556
                                    White        Male Not Hispanic or Latino         453    545706.401766    260921.503265        355000.0        705000.0                75.035820                18.314491                68.24900                 90.0000                 43.402685                  4.014988                      NaN                      NaN        7.747130e+05       413948.349492           485000.0           955000.0  196.562914  143.288738     113.00     244.00       426      27         350000.0            470000.0      131.00         0.940397            94.039735