                             derived_race derived_sex      derived_ethnicity  total_apps  avg_loan_amount  std_loan_amount  Q1_loan_amount  Q3_loan_amount  avg_loan_to_value_ratio  std_loan_to_value_ratio  Q1_loan_to_value_ratio  Q3_loan_to_value_ratio  avg_debt_to_income_ratio  std_debt_to_income_ratio  Q1_debt_to_income_ratio  Q3_debt_to_income_ratio  avg_property_value  std_property_value  Q1_property_value  Q3_property_value  avg_income  std_income  Q1_income  Q3_income  accepted  denied  iqr_loan_amount  iqr_property_value  iqr_income  acceptance_rate  acceptance_rate_pct
                 2 or more minority races      Female Not Hispanic or Latino           2    635000.000000    141421.356237        585000.0        685000.0                87.500000                10.606602                83.75000                91.25000                 44.000000                       NaN                      NaN                      NaN        7.200000e+05        63639.610307           697500.0           742500.0  124.500000   19.091883     117.75     131.25         1       1         100000.0             45000.0       13.50         0.500000            50.000000
                 2 or more minority races        Male Not Hispanic or Latino           3    671666.666667    388372.673258        455000.0        830000.0                71.421333                14.858687                67.13200                80.00000                 41.666667                  2.516611                     40.5                     43.0        9.050000e+05       407798.970082           670000.0          1035000.0  254.333333  126.737261     217.00     327.50         3       0         375000.0            365000.0      110.50         1.000000           100.000000
         American Indian or Alaska Native      Female     Hispanic or Latino           3    528333.333333    373139.830805        320000.0        680000.0                73.984000                 5.572142                70.97600                76.47600                 46.000000                  2.828427                      NaN                      NaN        7.116667e+05       514036.315189           420000.0           905000.0  129.333333   74.513981      92.50     167.00         1       2         360000.0            485000.0       74.50         0.333333            33.333333
         American Indian or Alaska Native      Female Not Hispanic or Latino           5    469000.000000    108535.708410        415000.0        555000.0                78.380600                18.011102                75.00000                90.00000                 46.666667                  2.516611                      NaN                      NaN        6.310000e+05       208398.656426           555000.0           695000.0  298.000000  221.430576     149.00     540.00         5       0         140000.0            140000.0      391.00         1.000000           100.000000
         American Indian or Alaska Native        Male     Hispanic or Latino           9    480555.555556    291380.812302        275000.0        655000.0                81.921556                18.865929                80.00000                95.00000                 46.200000                  2.167948                      NaN                      NaN        5.694444e+05       306639.491550           325000.0           685000.0  205.666667  219.148922      91.00     208.00         8       1         380000.0            360000.0      117.00         0.888889            88.888889
         American Indian or Alaska Native        Male Not Hispanic or Latino           1    105000.000000              NaN        105000.0        105000.0               100.000000                      NaN               100.00000               100.00000                 49.000000                       NaN                     49.0                     49.0        1.150000e+05                 NaN           115000.0           115000.0   33.000000         NaN      33.00      33.00         1       0              0.0                 0.0        0.00         1.000000           100.000000
                                    Asian      Female     Hispanic or Latino           5    359000.000000    186895.692834        285000.0        475000.0                56.115200                35.310549                29.90600                80.00000                 43.000000                  4.000000                      NaN                      NaN        7.630000e+05       278513.913477           595000.0           955000.0  132.800000   46.628318     107.00     135.00         4       1         190000.0            360000.0       28.00         0.800000            80.000000
                                    Asian      Female Not Hispanic or Latino         262    566488.549618    237378.074900        395000.0        742500.0                70.924874                18.668149                61.93425                80.00000                 43.638418                  4.296443                      NaN                      NaN        8.462214e+05       465969.960883           595000.0           985000.0  186.534351  132.319351     121.00     227.00       249      13         347500.0            390000.0      106.00         0.950382            95.038168
                                    Asian        Male     Hispanic or Latino           8    640000.000000    296888.627507        470000.0        795000.0                88.429125                 9.022018                87.50000                93.74975                 45.571429                  2.636737                      NaN                      NaN        7.487500e+05       403305.538200           570000.0           877500.0  149.750000   81.204768      97.25     183.75         7       1         325000.0            307500.0       86.50         0.875000            87.500000
                                    Asian        Male Not Hispanic or Latino         358    611284.916201    237866.090771        437500.0        755000.0                72.740393                18.121380                62.75700                82.96500                 43.215686                  4.086244                      NaN                      NaN        9.039385e+05       462466.280542           607500.0          1072500.0  198.589385  122.301169     125.25     246.75       341      17         317500.0            465000.0      121.50         0.952514            95.251397
                Black or African American      Female     Hispanic or Latino           3    268333.333333    172143.351116        200000.0        365000.0                87.130000                 9.631236                83.19500                92.50000                 41.500000                  4.949747                      NaN                      NaN        3.183333e+05       202319.878740           255000.0           435000.0  165.000000   88.791892     135.00     216.00         2       1         165000.0            180000.0       81.00         0.666667            66.666667
                Black or African American      Female Not Hispanic or Latino          47    490106.382979    260792.040593        325000.0        620000.0                90.040787                33.653521                80.00000                95.00000                 44.514286                  4.053839                      NaN                      NaN        5.907447e+05       323020.693111           400000.0           725000.0  149.212766   79.829420      89.00     192.50        35      12         295000.0            325000.0      103.50         0.744681            74.468085
                Black or African American        Male     Hispanic or Latino           4    482500.000000     37749.172176        455000.0        497500.0                85.007500                14.683332                78.50750                95.50000                 48.000000                  2.000000                     48.0                     49.0        5.875000e+05       162557.682070           495000.0           622500.0  133.500000   27.958302     120.00     136.00         3       1          42500.0            127500.0       16.00         0.750000            75.000000
                Black or African American        Male Not Hispanic or Latino          33    519545.454545    266001.537931        345000.0        705000.0                82.319212                18.705088                80.00000                95.00000                 44.240000                  4.264974                      NaN                      NaN        6.316667e+05       276819.736772           455000.0           805000.0  153.515152   76.079778     114.00     165.00        26       7         360000.0            350000.0       51.00         0.787879            78.787879
Native Hawaiian or Other Pacific Islander      Female     Hispanic or Latino           1    335000.000000              NaN        335000.0        335000.0                90.000000                      NaN                90.00000                90.00000                 49.000000                       NaN                     49.0                     49.0        3.650000e+05                 NaN           365000.0           365000.0  143.000000         NaN     143.00     143.00         1       0              0.0                 0.0        0.00         1.000000           100.000000
Native Hawaiian or Other Pacific Islander      Female Not Hispanic or Latino           2    490000.000000    445477.272148        332500.0        647500.0                82.500000                17.677670                76.25000                88.75000                 42.000000                       NaN                      NaN                      NaN        5.550000e+05       424264.068712           405000.0           705000.0  146.000000   63.639610     123.50     168.50         2       0         315000.0            300000.0       45.00         1.000000           100.000000
Native Hawaiian or Other Pacific Islander        Male     Hispanic or Latino           1    765000.000000              NaN        765000.0        765000.0                57.000000                      NaN                57.00000                57.00000                 45.000000                       NaN                     45.0                     45.0        1.355000e+06                 NaN          1355000.0          1355000.0  186.000000         NaN     186.00     186.00         1       0              0.0                 0.0        0.00         1.000000           100.000000
Native Hawaiian or Other Pacific Islander        Male Not Hispanic or Latino           3    505000.000000     65574.385243        470000.0        535000.0                87.801667                12.197754                84.20500                94.84350                 49.000000                       NaN                      NaN                      NaN        5.916667e+05       168621.864933           495000.0           650000.0  125.666667   47.961790     100.00     147.50         2       1          65000.0            155000.0       47.50         0.666667            66.666667
                                    White      Female     Hispanic or Latino         152    419144.736842    177299.253439        305000.0        530000.0                80.953375                17.124975                76.34300                95.00000                 43.887097                  4.189048                      NaN                      NaN        5.400000e+05       217142.794901           402500.0           687500.0  128.256579   68.748365      84.75     156.25       138      14         225000.0            285000.0       71.50         0.907895            90.789474
                                    White      Female Not Hispanic or Latino         378    493253.968254    247033.581728        305000.0        655000.0                70.345565                21.265914                58.19675                85.50700                 43.992308                  4.078375                      NaN                      NaN        7.443386e+05       399997.130812           485000.0           952500.0  169.735450  129.748109      98.00     201.75       351      27         350000.0            467500.0      103.75         0.928571            92.857143
                                    White        Male     Hispanic or Latino         270    449740.740741    195287.718840        325000.0        572500.0                83.091811                15.867089                80.00000                95.00000                 44.356436                  4.211059                      NaN                      NaN        5.644074e+05       258254.832112           395000.0           732500.0  153.562963  125.750098      88.25     177.00       242      28         247500.0            337500.0       88.75         0.896296            89.629630
                                    White        Male Not Hispanic or Latino         450    563666.666667    261009.689296        365000.0        735000.0                73.838518                19.290943                65.86950                85.07950                 43.651724                  4.047223                      NaN                      NaN        8.153556e+05       457284.867600           525000.0          1055000.0  233.417778  426.529099     115.00     246.75       430      20         370000.0            530000.0      131.75         0.955556            95.555556