                             derived_race derived_sex      derived_ethnicity  total_apps  avg_loan_amount  std_loan_amount  Q1_loan_amount  Q3_loan_amount  avg_loan_to_value_ratio  std_loan_to_value_ratio  Q1_loan_to_value_ratio  Q3_loan_to_value_ratio  avg_debt_to_income_ratio  std_debt_to_income_ratio  Q1_debt_to_income_ratio  Q3_debt_to_income_ratio  avg_property_value  std_property_value  Q1_property_value  Q3_property_value  avg_income  std_income  Q1_income  Q3_income  accepted  denied  iqr_loan_amount  iqr_property_value  iqr_income  acceptance_rate  acceptance_rate_pct
                 2 or more minority races      Female     Hispanic or Latino           2     5.650000e+05    183847.763109        500000.0        630000.0                77.177000                18.134461                70.76550                83.58850                 41.000000                  1.414214                    40.50                    41.50        8.000000e+05       190918.830920           732500.0           867500.0  183.500000   57.275649     163.25     203.75         2       0         130000.0            135000.0       40.50         1.000000           100.000000
                 2 or more minority races      Female Not Hispanic or Latino           5     3.630000e+05    151888.116718        355000.0        415000.0                71.567000                15.374068                59.82900                80.00000                 48.500000                  0.707107                      NaN                      NaN        4.990000e+05       202311.640792           435000.0           585000.0   90.200000   71.433186      48.00     129.00         4       1          60000.0            150000.0       81.00         0.800000            80.000000
                 2 or more minority races        Male Not Hispanic or Latino           2     1.010000e+06      7071.067812       1007500.0       1012500.0                86.500000                 2.121320                85.75000                87.25000                 45.000000                       NaN                      NaN                      NaN        1.175000e+06        28284.271247          1165000.0          1185000.0  455.500000  211.424928     380.75     530.25         2       0           5000.0             20000.0      149.50         1.000000           100.000000
         American Indian or Alaska Native      Female     Hispanic or Latino           5     4.550000e+05    188148.877222        445000.0        565000.0                79.000000                11.489125                70.00000                80.00000                 44.666667                  3.511885                      NaN                      NaN        6.130000e+05       299031.770887           555000.0           815000.0  153.000000   57.118298     155.00     188.00         5       0         120000.0            260000.0       33.00         1.000000           100.000000
         American Indian or Alaska Native      Female Not Hispanic or Latino           4     5.200000e+05    262106.848442        392500.0        697500.0                87.603250                10.401716                85.57750                93.57725                 44.500000                  3.872983                    42.25                    46.75        6.200000e+05       367559.518990           420000.0           810000.0  156.500000   73.441587     147.25     190.25         3       1         305000.0            390000.0       43.00         0.750000            75.000000
         American Indian or Alaska Native        Male     Hispanic or Latino           5     5.970000e+05    315705.559026        335000.0        745000.0                70.560000                26.084211                75.00000                80.00000                 41.333333                  1.154701                      NaN                      NaN        8.910000e+05       381614.989223           715000.0          1155000.0  185.000000   53.188345     170.00     213.00         5       0         410000.0            440000.0       43.00         1.000000           100.000000
         American Indian or Alaska Native        Male Not Hispanic or Latino           3     2.716667e+05    161658.075373        185000.0        345000.0                76.596333                27.205657                63.92450                90.97000                 49.000000                  0.000000                      NaN                      NaN        4.483333e+05       424421.174464           205000.0           595000.0   86.000000   20.808652      79.50      98.00         3       0         160000.0            390000.0       18.50         1.000000           100.000000
                                    Asian      Female     Hispanic or Latino           5     6.470000e+05    294482.597109        445000.0        825000.0                87.492000                10.307780                80.00000                95.00000                 44.500000                  5.196152                      NaN                      NaN        7.830000e+05       394550.377012           555000.0           875000.0  169.200000   77.448047     111.00     194.00         5       0         380000.0            320000.0       83.00         1.000000           100.000000
                                    Asian      Female Not Hispanic or Latino         220     5.469091e+05    216200.040359        405000.0        655000.0                72.122005                18.781076                60.07050                85.00000                 43.551282                  4.114953                      NaN                      NaN        8.000000e+05       345001.488978           572500.0           937500.0  181.895455  123.804320     115.00     216.00       200      20         250000.0            365000.0      101.00         0.909091            90.909091
                                    Asian        Male     Hispanic or Latino          11     4.886364e+05    167467.771662        340000.0        600000.0                77.194273                10.246294                75.00000                80.00000                 43.666667                  4.527693                      NaN                      NaN        6.240909e+05       162262.413729           505000.0           750000.0  153.363636   67.118213     100.50     193.00        10       1         260000.0            245000.0       92.50         0.909091            90.909091
                                    Asian        Male Not Hispanic or Latino         388     6.629124e+05    230824.883122        495000.0        805000.0                73.765186                16.749116                67.95000                84.99850                 43.550523                  4.098873                      NaN                      NaN        9.580670e+05       443288.306444           682500.0          1155000.0  214.590206  156.020090     153.00     248.25       360      28         310000.0            472500.0       95.25         0.927835            92.783505
                Black or African American      Female     Hispanic or Latino           3     6.083333e+05    127410.099024        535000.0        650000.0                80.666667                27.465129                72.00000                96.50000                 47.000000                       NaN                      NaN                      NaN        9.883333e+05       170098.010962           925000.0          1085000.0  179.666667   37.581024     164.00     200.50         3       0         115000.0            160000.0       36.50         1.000000           100.000000
                Black or African American      Female Not Hispanic or Latino          54     5.153704e+05    208190.433171        380000.0        672500.0                84.994352                18.968925                80.00000                95.00000                 44.475000                  3.869589                      NaN                      NaN        6.450000e+05       220599.526163           505000.0           777500.0  149.296296   66.952427     104.25     186.25        45       9         292500.0            272500.0       82.00         0.833333            83.333333
                Black or African American        Male     Hispanic or Latino           3     7.316667e+05    237557.010701        595000.0        810000.0                75.784333                26.575469                63.67650                90.00000                 40.500000                  4.949747                      NaN                      NaN        1.155000e+06       845399.313934           670000.0          1445000.0  198.333333   89.912921     149.50     238.00         3       0         215000.0            775000.0       88.50         1.000000           100.000000
                Black or African American        Male Not Hispanic or Latino          45     5.450000e+05    201855.033491        405000.0        695000.0                85.400400                13.343441                80.00000                95.00000                 44.666667                  3.593976                      NaN                      NaN        6.592222e+05       234380.119473           505000.0           795000.0  165.911111   70.422692     118.00     203.00        37       8         290000.0            290000.0       85.00         0.822222            82.222222
Native Hawaiian or Other Pacific Islander      Female Not Hispanic or Latino           2     3.900000e+05    304055.915910        282500.0        497500.0                81.511500                16.279719                75.75575                87.26725                 40.000000                       NaN                      NaN                      NaN        4.500000e+05       275771.644663           352500.0           547500.0  130.500000   41.719300     115.75     145.25         2       0         215000.0            195000.0       29.50         1.000000           100.000000
Native Hawaiian or Other Pacific Islander        Male Not Hispanic or Latino           3     6.316667e+05    189296.944860        565000.0        740000.0                97.035000                 4.697598                94.67750                99.37500                 43.666667                  4.618802                    41.00                    45.00        6.583333e+05       204042.479237           570000.0           770000.0  173.000000   80.018748     133.50     213.50         3       0         175000.0            200000.0       80.00         1.000000           100.000000
                                    White      Female     Hispanic or Latino         188     4.084043e+05    179384.289736        272500.0        505000.0                80.883200                19.546497                75.00000                95.00000                 44.048951                  4.075569                      NaN                      NaN        5.384043e+05       261683.374797           375000.0           665000.0  142.473404  269.054582      76.75     153.50       171      17         232500.0            290000.0       76.75         0.909574            90.957447
                                    White      Female Not Hispanic or Latino         350     4.752571e+05    244785.602098        325000.0        635000.0                70.221649                20.891502                58.24875                85.00000                 43.782787                  4.215144                      NaN                      NaN        7.049143e+05       369022.162653           445000.0           885000.0  171.277143  137.281403      96.00     200.00       334      16         310000.0            440000.0      104.00         0.954286            95.428571
                                    White        Male     Hispanic or Latino         278     4.725899e+05    201758.382607        337500.0        605000.0                83.317802                14.406113                80.00000                95.00000                 44.507317                  3.679060                      NaN                      NaN        5.902158e+05       271787.352176           405000.0           735000.0  153.431655  157.192680      94.00     176.00       248      30         267500.0            330000.0       82.00         0.892086            89.208633
                                    White        Male Not Hispanic or Latino         424     5.726651e+05    278159.216118        362500.0        765000.0                73.429800                19.330208                62.89675                89.13425                 43.777778                  4.117965                      NaN                      NaN        8.177123e+05       419956.039848           555000.0          1047500.0  235.544811  446.952330     119.75     255.00       398      26         402500.0            492500.0      135.25         0.938679            93.867925