                             derived_race derived_sex      derived_ethnicity  total_apps  avg_loan_amount  std_loan_amount  Q1_loan_amount  Q3_loan_amount  avg_loan_to_value_ratio  std_loan_to_value_ratio  Q1_loan_to_value_ratio  Q3_loan_to_value_ratio  avg_debt_to_income_ratio  std_debt_to_income_ratio  Q1_debt_to_income_ratio  Q3_debt_to_income_ratio  avg_property_value  std_property_value  Q1_property_value  Q3_property_value  avg_income  std_income  Q1_income  Q3_income  accepted  denied  iqr_loan_amount  iqr_property_value  iqr_income  acceptance_rate  acceptance_rate_pct
                 2 or more minority races      Female     Hispanic or Latino           1    585000.000000              NaN        585000.0        585000.0                97.000000                      NaN                97.00000                 97.0000                 38.000000                       NaN                     38.0                     38.0       605000.000000                 NaN           605000.0           605000.0  195.000000         NaN     195.00     195.00         1       0              0.0                 0.0        0.00         1.000000           100.000000
                 2 or more minority races      Female Not Hispanic or Latino           3    721666.666667    330807.093838        550000.0        880000.0                92.007333                12.152866                88.01100                 99.0000                 48.000000                  1.414214                      NaN                      NaN       841666.666667       478991.997150           580000.0          1050000.0  184.666667   98.439491     132.00     229.50         3       0         330000.0            470000.0       97.50         1.000000           100.000000
                 2 or more minority races        Male Not Hispanic or Latino           6    475000.000000    276333.132288        365000.0        457500.0                80.074833                20.699024                80.00000                 93.2500                 44.800000                  5.167204                      NaN                      NaN       628333.333333       334345.131065           472500.0           795000.0  138.833333   87.593188      89.00     141.25         5       1          92500.0            322500.0       52.25         0.833333            83.333333
         American Indian or Alaska Native      Female     Hispanic or Latino           7    460714.285714    132143.500642        400000.0        470000.0                85.473857                18.031817                77.05900                 98.1550                 43.666667                  2.943920                      NaN                      NaN       576428.571429       173822.569634           455000.0           695000.0  117.571429   29.432732     103.00     119.50         7       0          70000.0            240000.0       16.50         1.000000           100.000000
         American Indian or Alaska Native      Female Not Hispanic or Latino           4    272500.000000    272564.976963        135000.0        347500.0                86.497500                13.273157                81.11750                 92.8750                 47.000000                  1.000000                      NaN                      NaN       410000.000000       246644.143116           292500.0           457500.0  106.750000   62.739541      73.00     125.25         4       0         212500.0            165000.0       52.25         1.000000           100.000000
         American Indian or Alaska Native        Male     Hispanic or Latino          11    455000.000000    110905.365064        365000.0        530000.0                86.473909                13.293960                80.00000                 95.0000                 45.222222                  3.666667                      NaN                      NaN       542272.727273       175675.320355           425000.0           620000.0  152.454545   66.003581     103.50     193.00        11       0         165000.0            195000.0       89.50         1.000000           100.000000
         American Indian or Alaska Native        Male Not Hispanic or Latino           3    578333.333333    162890.556305        485000.0        635000.0                64.086667                23.228680                56.20550                 77.4245                 49.000000                       NaN                      NaN                      NaN       971666.666667       360046.293320           790000.0          1150000.0  207.666667   54.151023     179.50     233.50         3       0         150000.0            360000.0       54.00         1.000000           100.000000
                                    Asian      Female     Hispanic or Latino           7    413571.428571    224308.461085        340000.0        445000.0                71.623286                27.325571                48.10800                 95.0000                 45.666667                  4.366539                      NaN                      NaN       687857.142857       432385.410088           385000.0           905000.0  118.428571   60.271212      81.00     172.00         6       1         105000.0            520000.0       91.00         0.857143            85.714286
                                    Asian      Female Not Hispanic or Latino         234    555726.495726    226152.522650        405000.0        700000.0                72.010201                19.984944                60.00000                 85.0000                 43.421965                  4.049258                      NaN                      NaN       824102.564103       373607.351313           595000.0           962500.0  178.576923  101.669436     118.00     215.25       223      11         295000.0            367500.0       97.25         0.952991            95.299145
                                    Asian        Male     Hispanic or Latino          13    523461.538462    188937.650820        435000.0        565000.0                78.719846                17.331356                75.00000                 95.0000                 45.777778                  4.085884                      NaN                      NaN       678846.153846       242746.042245           505000.0           825000.0  156.076923   94.079276     112.00     178.00        12       1         130000.0            320000.0       66.00         0.923077            92.307692
                                    Asian        Male Not Hispanic or Latino         384    616276.041667    243445.002606        445000.0        765000.0                73.003193                17.802833                61.83325                 85.0000                 43.347490                  4.233827                      NaN                      NaN       905416.666667       448027.103494           612500.0          1145000.0  208.932292  136.021733     134.50     240.00       353      31         320000.0            532500.0      105.50         0.919271            91.927083
                Black or African American      Female     Hispanic or Latino           4    592500.000000    111168.040971        535000.0        612500.0                94.750000                 3.304038                93.75000                 97.0000                 49.000000                  0.000000                      NaN                      NaN       627500.000000       116726.175299           570000.0           652500.0  189.750000   43.568911     158.50     218.25         4       0          77500.0             82500.0       59.75         1.000000           100.000000
                Black or African American      Female Not Hispanic or Latino          55    471000.000000    221473.182057        305000.0        580000.0                82.541309                15.481369                80.00000                 95.0000                 43.810811                  3.542110                      NaN                      NaN       579727.272727       232377.841628           455000.0           675000.0  154.381818   90.664929     100.00     187.50        47       8         275000.0            220000.0       87.50         0.854545            85.454545
                Black or African American        Male     Hispanic or Latino           3    651666.666667    144337.567297        610000.0        735000.0                81.666667                11.547005                75.00000                 85.0000                 46.000000                  1.732051                     45.5                     47.0       798333.333333       172433.562085           705000.0           875000.0  194.000000   91.983694     144.00     234.50         3       0         125000.0            170000.0       90.50         1.000000           100.000000
                Black or African American        Male Not Hispanic or Latino          37    543378.378378    238601.405341        415000.0        675000.0                81.905243                16.367387                75.00000                 95.0000                 44.720000                  4.057093                      NaN                      NaN       685540.540541       313793.509121           475000.0           805000.0  188.135135  132.103319      99.00     235.00        30       7         260000.0            330000.0      136.00         0.810811            81.081081
Native Hawaiian or Other Pacific Islander      Female     Hispanic or Latino           1    515000.000000              NaN        515000.0        515000.0                90.430000                      NaN                90.43000                 90.4300                 46.000000                       NaN                     46.0                     46.0       585000.000000                 NaN           585000.0           585000.0  129.000000         NaN     129.00     129.00         1       0              0.0                 0.0        0.00         1.000000           100.000000
Native Hawaiian or Other Pacific Islander        Male Not Hispanic or Latino           2    300000.000000     77781.745931        272500.0        327500.0                68.510000                30.391449                57.76500                 79.2550                 40.000000                       NaN                      NaN                      NaN       515000.000000       339411.254970           395000.0           635000.0  161.500000   91.216775     129.25     193.75         2       0          55000.0            240000.0       64.50         1.000000           100.000000
                                    White      Female     Hispanic or Latino         148    432702.702703    188268.496194        285000.0        545000.0                83.258568                15.937650                80.00000                 95.0000                 44.394737                  4.287497                      NaN                      NaN       541351.351351       251461.439001           375000.0           647500.0  127.635135  102.739890      76.00     143.00       133      15         260000.0            272500.0       67.00         0.898649            89.864865
                                    White      Female Not Hispanic or Latino         322    493167.701863    244616.929491        315000.0        662500.0                72.025702                20.504373                60.96200                 85.0000                 43.556034                  4.090572                      NaN                      NaN       720900.621118       350002.175427           457500.0           905000.0  173.366460  150.948391      99.25     206.00       301      21         347500.0            447500.0      106.75         0.934783            93.478261
                                    White        Male     Hispanic or Latino         286    471258.741259    207358.464544        325000.0        595000.0                83.383636                16.071250                80.00000                 95.0000                 44.375587                  3.946549                      NaN                      NaN       590909.090909       286463.699892           415000.0           712500.0  152.199301  103.644697      89.00     174.50       271      15         270000.0            297500.0       85.50         0.947552            94.755245
                                    White        Male Not Hispanic or Latino         469    568560.767591    253683.772117        395000.0        745000.0                75.201850                17.563877                67.10000                 89.0350                 43.704545                  3.968161                      NaN                      NaN       804061.833689       433330.836302           515000.0           995000.0  230.569296  321.058962     121.00     260.00       436      33         350000.0            480000.0      139.00         0.929638            92.963753