                             derived_race derived_sex      derived_ethnicity  total_apps  avg_loan_amount  std_loan_amount  Q1_loan_amount  Q3_loan_amount  avg_loan_to_value_ratio  std_loan_to_value_ratio  Q1_loan_to_value_ratio  Q3_loan_to_value_ratio  avg_debt_to_income_ratio  std_debt_to_income_ratio  Q1_debt_to_income_ratio  Q3_debt_to_income_ratio  avg_property_value  std_property_value  Q1_property_value  Q3_property_value  avg_income  std_income  Q1_income  Q3_income  accepted  denied  iqr_loan_amount  iqr_property_value  iqr_income  acceptance_rate  acceptance_rate_pct
                 2 or more minority races      Female     Hispanic or Latino           1    605000.000000              NaN        605000.0        605000.0                85.374000                      NaN                85.37400                85.37400                 45.000000                       NaN                     45.0                     45.0       705000.000000                 NaN           705000.0           705000.0  138.000000         NaN     138.00     138.00         1       0              0.0                 0.0        0.00         1.000000           100.000000
                 2 or more minority races      Female Not Hispanic or Latino           5    763000.000000    307034.200049        485000.0       1035000.0                91.000000                 6.519202                90.00000                95.00000                 45.750000                  3.774917                      NaN                      NaN       855000.000000       375433.083252           505000.0          1175000.0  251.400000  152.083201     137.00     273.00         4       1         550000.0            670000.0      136.00         0.800000            80.000000
                 2 or more minority races        Male Not Hispanic or Latino           1    655000.000000              NaN        655000.0        655000.0                89.990000                      NaN                89.99000                89.99000                       NaN                       NaN                      NaN                      NaN       725000.000000                 NaN           725000.0           725000.0  167.000000         NaN     167.00     167.00         0       1              0.0                 0.0        0.00         0.000000             0.000000
         American Indian or Alaska Native      Female     Hispanic or Latino           7    403571.428571    161599.151341        305000.0        495000.0                79.281714                15.467810                69.83600                93.49500                 42.600000                  4.393177                      NaN                      NaN       520714.285714       222625.031750           365000.0           710000.0  132.428571   38.806602     102.50     170.00         7       0         190000.0            345000.0       67.50         1.000000           100.000000
         American Indian or Alaska Native      Female Not Hispanic or Latino           3    495000.000000     45825.756950        475000.0        520000.0                85.367667                10.190514                79.49150                88.56000                 41.500000                  7.778175                      NaN                      NaN       588333.333333        77674.534652           545000.0           620000.0  274.666667  230.002899     142.00     346.00         3       0          45000.0             75000.0      204.00         1.000000           100.000000
         American Indian or Alaska Native        Male     Hispanic or Latino          10    456000.000000    243787.247866        310000.0        485000.0                83.733900                 9.575063                77.53250                90.36000                 44.500000                  4.105745                      NaN                      NaN       557000.000000       323515.412650           392500.0           602500.0  142.700000   75.240429      92.75     212.50        10       0         175000.0            210000.0      119.75         1.000000           100.000000
         American Indian or Alaska Native        Male Not Hispanic or Latino           3    678333.333333    266895.734948        555000.0        820000.0                85.663333                 9.289243                82.49500                90.99500                 47.000000                       NaN                      NaN                      NaN       821666.666667       405257.120028           615000.0          1020000.0  256.000000  110.313191     196.00     304.50         3       0         265000.0            405000.0      108.50         1.000000           100.000000
                                    Asian      Female     Hispanic or Latino           3    501666.666667    185831.464864        425000.0        605000.0                66.125667                26.396375                53.43850                79.78150                 42.000000                  7.071068                      NaN                      NaN       901666.666667       541971.708979           645000.0          1185000.0  153.333333  103.847645      95.00     194.50         3       0         180000.0            540000.0       99.50         1.000000           100.000000
                                    Asian      Female Not Hispanic or Latino         208    538269.230769    213724.470725        405000.0        667500.0                70.986457                19.814107                60.48750                80.00000                 43.044872                  4.021463                      NaN                      NaN       803461.538462       399638.167822           562500.0           947500.0  165.302885   99.688208     117.75     193.00       185      23         262500.0            385000.0       75.25         0.889423            88.942308
                                    Asian        Male     Hispanic or Latino          11    637727.272727    207320.568641        515000.0        655000.0                78.093818                16.063323                77.50000                86.66300                 43.888889                  4.166667                      NaN                      NaN       862272.727273       380791.042675           635000.0           985000.0  160.090909   44.360916     130.00     171.00        11       0         140000.0            350000.0       41.00         1.000000           100.000000
                                    Asian        Male Not Hispanic or Latino         390    631000.000000    240908.520329        457500.0        765000.0                73.873887                16.900402                65.16100                84.35350                 43.474576                  4.035371                      NaN                      NaN       912307.692308       424762.667975           637500.0          1100000.0  214.994872  339.584564     133.50     237.00       369      21         307500.0            462500.0      103.50         0.946154            94.615385
                Black or African American      Female     Hispanic or Latino           4    825000.000000    279404.127863        670000.0        915000.0                91.252750                 6.233474                88.25275                95.50000                 44.000000                       NaN                      NaN                      NaN       912500.000000       321390.209351           780000.0           987500.0  455.500000  391.196881     222.75     544.75         4       0         245000.0            207500.0      322.00         1.000000           100.000000
                Black or African American      Female Not Hispanic or Latino          39    484230.769231    244770.403863        315000.0        665000.0                79.158897                22.632782                69.12550                95.00000                 43.862069                  3.997536                      NaN                      NaN       625512.820513       282870.146124           450000.0           825000.0  148.666667   88.346308      90.00     183.50        35       4         350000.0            375000.0       93.50         0.897436            89.743590
                Black or African American        Male     Hispanic or Latino           1    485000.000000              NaN        485000.0        485000.0                95.000000                      NaN                95.00000                95.00000                 49.000000                       NaN                     49.0                     49.0       515000.000000                 NaN           515000.0           515000.0  196.000000         NaN     196.00     196.00         1       0              0.0                 0.0        0.00         1.000000           100.000000
                Black or African American        Male Not Hispanic or Latino          38    562631.578947    203688.079107        417500.0        707500.0                86.173895                14.702547                80.00000                96.50000                 43.733333                  4.067816                      NaN                      NaN       678684.210526       215662.662666           555000.0           812500.0  200.894737  144.294329     131.50     221.75        30       8         290000.0            257500.0       90.25         0.789474            78.947368
Native Hawaiian or Other Pacific Islander      Female Not Hispanic or Latino           1    325000.000000              NaN        325000.0        325000.0                63.725000                      NaN                63.72500                63.72500                 48.000000                       NaN                     48.0                     48.0       515000.000000                 NaN           515000.0           515000.0   88.000000         NaN      88.00      88.00         1       0              0.0                 0.0        0.00         1.000000           100.000000
Native Hawaiian or Other Pacific Islander        Male     Hispanic or Latino           2    410000.000000    332340.187158        292500.0        527500.0                72.340500                31.594238                61.17025                83.51075                 46.000000                       NaN                      NaN                      NaN       735000.000000       777817.459305           460000.0          1010000.0 1127.000000 1516.036939     591.00    1663.00         2       0         235000.0            550000.0     1072.00         1.000000           100.000000
Native Hawaiian or Other Pacific Islander        Male Not Hispanic or Latino           1    545000.000000              NaN        545000.0        545000.0                80.000000                      NaN                80.00000                80.00000                       NaN                       NaN                      NaN                      NaN       675000.000000                 NaN           675000.0           675000.0  170.000000         NaN     170.00     170.00         1       0              0.0                 0.0        0.00         1.000000           100.000000
                                    White      Female     Hispanic or Latino         174    446551.724138    196219.781142        315000.0        552500.0                82.142402                17.406237                77.15500                95.00000                 44.633094                  3.954714                      NaN                      NaN       572126.436782       256038.779785           395000.0           692500.0  171.155172  359.301175      83.00     160.75       158      16         237500.0            297500.0       77.75         0.908046            90.804598
                                    White      Female Not Hispanic or Latino         351    496737.891738    244643.413307        315000.0        635000.0                71.842268                20.418299                61.45300                85.00000                 43.700375                  3.933675                      NaN                      NaN       736424.501425       381111.486311           480000.0           885000.0  168.760684  106.679679     100.00     208.50       327      24         320000.0            405000.0      108.50         0.931624            93.162393
                                    White        Male     Hispanic or Latino         269    446152.416357    184519.775575        305000.0        565000.0                83.213918                17.743950                80.00000                95.00000                 44.315789                  3.975380                      NaN                      NaN       554479.553903       242909.349359           385000.0           685000.0  136.643123   85.748194      86.00     161.00       248      21         260000.0            300000.0       75.00         0.921933            92.193309
                                    White        Male Not Hispanic or Latino         478    537510.460251    250926.114593        335000.0        705000.0                73.790792                18.660864                64.34750                87.95250                 43.589172                  4.059463                      NaN                      NaN       774225.941423       426280.814125           495000.0           955000.0  204.303347  315.341275     113.00     235.75       443      35         370000.0            460000.0      122.75         0.926778            92.677824