                             derived_race derived_sex      derived_ethnicity  total_apps  avg_loan_amount  std_loan_amount  Q1_loan_amount  Q3_loan_amount  avg_loan_to_value_ratio  std_loan_to_value_ratio  Q1_loan_to_value_ratio  Q3_loan_to_value_ratio  avg_debt_to_income_ratio  std_debt_to_income_ratio  Q1_debt_to_income_ratio  Q3_debt_to_income_ratio  avg_property_value  std_property_value  Q1_property_value  Q3_property_value  avg_income  std_income  Q1_income  Q3_income  accepted  denied  iqr_loan_amount  iqr_property_value  iqr_income  acceptance_rate  acceptance_rate_pct
                 2 or more minority races      Female     Hispanic or Latino           2    530000.000000    134350.288425        482500.0        577500.0                68.862000                 6.375275                66.60800                71.11600                 45.500000                  4.949747                    43.75                    47.25       755000.000000       127279.220614           710000.0           800000.0  143.000000    0.000000     143.00     143.00         2       0          95000.0             90000.0        0.00         1.000000           100.000000
                 2 or more minority races      Female Not Hispanic or Latino           6    441666.666667    137064.461720        345000.0        532500.0                79.193333                19.582039                76.25000                92.50000                 46.000000                  2.828427                      NaN                      NaN       558333.333333        96471.066474           487500.0           615000.0  132.166667   49.567799     100.25     157.50         6       0         187500.0            127500.0       57.25         1.000000           100.000000
                 2 or more minority races        Male Not Hispanic or Latino           2    395000.000000     56568.542495        375000.0        415000.0                67.724500                38.573382                54.08675                81.36225                 36.000000                       NaN                      NaN                      NaN       665000.000000       282842.712475           565000.0           765000.0  136.500000   13.435029     131.75     141.25         2       0          40000.0            200000.0        9.50         1.000000           100.000000
         American Indian or Alaska Native      Female     Hispanic or Latino           8    388750.000000    204515.979117        315000.0        472500.0               136.193125               129.108824                91.00000               100.00000                 41.400000                  5.128353                      NaN                      NaN       433750.000000       249939.278340           360000.0           475000.0  365.625000  651.682644     111.75     180.50         6       2         157500.0            115000.0       68.75         0.750000            75.000000
         American Indian or Alaska Native      Female Not Hispanic or Latino           3    508333.333333    245831.920900        380000.0        625000.0                66.172667                19.334514                59.50000                77.25900                 46.000000                  2.645751                    44.50                    47.00       745000.000000       190787.840283           635000.0           805000.0  116.666667   46.500896      93.50     140.00         3       0         245000.0            170000.0       46.50         1.000000           100.000000
         American Indian or Alaska Native        Male     Hispanic or Latino          12    450833.333333    196026.822531        295000.0        582500.0                80.861750                23.427554                80.00000                94.25575                 44.636364                  4.177864                      NaN                      NaN       580833.333333       233528.597950           382500.0           777500.0  141.416667   74.369420      74.75     200.75        10       2         287500.0            395000.0      126.00         0.833333            83.333333
         American Indian or Alaska Native        Male Not Hispanic or Latino           5    363000.000000    182811.378202        265000.0        505000.0                76.781000                26.225788                72.22000                97.00000                 44.000000                  5.597619                      NaN                      NaN       561000.000000       370782.955380           365000.0           635000.0   89.200000   41.130281      76.00     120.00         4       1         240000.0            270000.0       44.00         0.800000            80.000000
                                    Asian      Female     Hispanic or Latino           6    420000.000000     77136.243103        357500.0        480000.0                79.166667                20.595307                77.50000                92.50000                 46.200000                  3.563706                      NaN                      NaN       565000.000000       169233.566410           485000.0           592500.0  138.666667   53.155119     102.25     177.25         6       0         122500.0            107500.0       75.00         1.000000           100.000000
                                    Asian      Female Not Hispanic or Latino         226    593053.097345    223168.529869        445000.0        720000.0                71.597889                16.763600                61.37500                80.00000                 43.902439                  3.952509                      NaN                      NaN       880442.477876       395878.801612           625000.0          1045000.0  187.973451  109.287914     127.25     215.75       215      11         275000.0            420000.0       88.50         0.951327            95.132743
                                    Asian        Male     Hispanic or Latino           9    517222.222222    213704.104884        335000.0        675000.0                74.272333                18.329366                65.00000                85.00000                 45.000000                  4.242641                      NaN                      NaN       702777.777778       278378.239890           515000.0           835000.0  159.333333   74.580493     106.00     206.00         7       2         340000.0            320000.0      100.00         0.777778            77.777778
                                    Asian        Male Not Hispanic or Latino         371    648611.859838    229400.865404        475000.0        785000.0                73.891636                16.327708                65.16500                80.96000                 43.780919                  3.946637                      NaN                      NaN       916805.929919       386026.501075           655000.0          1105000.0  204.404313  108.262611     134.50     244.50       351      20         310000.0            450000.0      110.00         0.946092            94.609164
                Black or African American      Female     Hispanic or Latino           3    358333.333333    253837.218180        255000.0        500000.0                94.000000                 3.605551                92.50000                96.00000                 43.000000                  2.828427                      NaN                      NaN       385000.000000       264575.131106           285000.0           535000.0  134.333333   93.361305      81.50     170.00         2       1         245000.0            250000.0       88.50         0.666667            66.666667
                Black or African American      Female Not Hispanic or Latino          42    528333.333333    232501.420574        357500.0        610000.0                85.160405                14.406053                80.00000                95.00000                 43.742857                  3.720712                      NaN                      NaN       687142.857143       355353.041315           447500.0           882500.0  173.880952  105.538157     106.00     226.00        37       5         252500.0            435000.0      120.00         0.880952            88.095238
                Black or African American        Male     Hispanic or Latino           1    735000.000000              NaN        735000.0        735000.0                75.000000                      NaN                75.00000                75.00000                 47.000000                       NaN                    47.00                    47.00       985000.000000                 NaN           985000.0           985000.0  175.000000         NaN     175.00     175.00         1       0              0.0                 0.0        0.00         1.000000           100.000000
                Black or African American        Male Not Hispanic or Latino          42    483095.238095    199832.101418        360000.0        572500.0                83.995000                18.890260                80.00000                95.00000                 43.678571                  3.652027                      NaN                      NaN       623333.333333       301920.007712           467500.0           695000.0  154.928571   84.573361      96.25     190.00        33       9         212500.0            227500.0       93.75         0.785714            78.571429
Native Hawaiian or Other Pacific Islander      Female Not Hispanic or Latino           1    375000.000000              NaN        375000.0        375000.0               103.820000                      NaN               103.82000               103.82000                 47.000000                       NaN                    47.00                    47.00       445000.000000                 NaN           445000.0           445000.0  109.000000         NaN     109.00     109.00         1       0              0.0                 0.0        0.00         1.000000           100.000000
Native Hawaiian or Other Pacific Islander        Male     Hispanic or Latino           1    605000.000000              NaN        605000.0        605000.0                80.000000                      NaN                80.00000                80.00000                 46.000000                       NaN                    46.00                    46.00       765000.000000                 NaN           765000.0           765000.0  139.000000         NaN     139.00     139.00         1       0              0.0                 0.0        0.00         1.000000           100.000000
Native Hawaiian or Other Pacific Islander        Male Not Hispanic or Latino           3    495000.000000    104403.065089        460000.0        555000.0                77.982333                18.992052                68.47350                87.46550                 43.666667                  3.511885                    42.00                    45.50       678333.333333       263122.278292           560000.0           820000.0  141.666667   15.307950     133.00     147.50         3       0          95000.0            260000.0       14.50         1.000000           100.000000
                                    White      Female     Hispanic or Latino         158    438481.012658    183538.910001        315000.0        555000.0                80.332367                18.050559                70.35750                95.00000                 44.400000                  4.071294                      NaN                      NaN       580696.202532       283289.069553           395000.0           725000.0  145.094937  102.701769      83.00     165.00       138      20         240000.0            330000.0       82.00         0.873418            87.341772
                                    White      Female Not Hispanic or Latino         349    475716.332378    235343.481658        305000.0        615000.0                69.523656                21.382013                56.47100                83.00000                 43.706612                  4.149773                      NaN                      NaN       719355.300860       344053.674402           495000.0           875000.0  174.203438  132.645675      99.00     200.00       328      21         310000.0            380000.0      101.00         0.939828            93.982808
                                    White        Male     Hispanic or Latino         273    473278.388278    208794.604626        315000.0        605000.0                83.495751                13.804781                80.00000                95.00000                 44.014493                  3.936977                      NaN                      NaN       591263.736264       270028.518449           405000.0           735000.0  158.523810  113.877257      95.00     184.00       252      21         290000.0            330000.0       89.00         0.923077            92.307692
                                    White        Male Not Hispanic or Latino         477    565167.714885    278354.961187        355000.0        745000.0                73.919715                17.337911                67.20000                85.00000                 43.693291                  4.027373                      NaN                      NaN       808983.228512       482255.362865           505000.0          1015000.0  212.633124  266.692844     117.00     236.00       452      25         390000.0            510000.0      119.00         0.947589            94.758910