                             derived_race derived_sex      derived_ethnicity  total_apps  avg_loan_amount  std_loan_amount  Q1_loan_amount  Q3_loan_amount  avg_loan_to_value_ratio  std_loan_to_value_ratio  Q1_loan_to_value_ratio  Q3_loan_to_value_ratio  avg_debt_to_income_ratio  std_debt_to_income_ratio  Q1_debt_to_income_ratio  Q3_debt_to_income_ratio  avg_property_value  std_property_value  Q1_property_value  Q3_property_value  avg_income  std_income  Q1_income  Q3_income  accepted  denied  iqr_loan_amount  iqr_property_value  iqr_income  acceptance_rate  acceptance_rate_pct
                 2 or more minority races      Female     Hispanic or Latino           1    605000.000000              NaN        605000.0        605000.0                85.374000                      NaN                85.37400                85.37400                 45.000000                       NaN                    45.00                    45.00        7.050000e+05                 NaN           705000.0           705000.0  138.000000         NaN     138.00     138.00         1       0              0.0                 0.0        0.00         1.000000           100.000000
                 2 or more minority races      Female Not Hispanic or Latino           2    820000.000000    304055.915910        712500.0        927500.0                65.985000                33.948197                53.98250                77.98750                 48.500000                  0.707107                    48.25                    48.75        1.290000e+06       190918.830920          1222500.0          1357500.0  213.000000   38.183766     199.50     226.50         2       0         215000.0            135000.0       27.00         1.000000           100.000000
                 2 or more minority races        Male     Hispanic or Latino           1    455000.000000              NaN        455000.0        455000.0                75.000000                      NaN                75.00000                75.00000                 36.000000                       NaN                    36.00                    36.00        6.050000e+05                 NaN           605000.0           605000.0  147.000000         NaN     147.00     147.00         0       1              0.0                 0.0        0.00         0.000000             0.000000
                 2 or more minority races        Male Not Hispanic or Latino           5    577000.000000    124779.806059        505000.0        695000.0                85.339400                16.236220                80.00000                95.00000                 43.250000                  4.991660                      NaN                      NaN        7.270000e+05       218792.138798           625000.0           905000.0  237.800000  103.844595     157.00     340.00         4       1         190000.0            280000.0      183.00         0.800000            80.000000
         American Indian or Alaska Native      Female     Hispanic or Latino           4    447500.000000    150637.534057        362500.0        485000.0                88.452250                 8.688198                83.00000                92.35675                 45.333333                  3.055050                      NaN                      NaN        5.175000e+05       188392.321146           402500.0           555000.0  112.000000   13.589211     106.75     115.75         4       0         122500.0            152500.0        9.00         1.000000           100.000000
         American Indian or Alaska Native      Female Not Hispanic or Latino           5    435000.000000    139283.882772        325000.0        445000.0                84.729400                10.422054                76.74400                95.00000                 42.500000                  9.192388                      NaN                      NaN        5.330000e+05       215800.834104           345000.0           565000.0  163.400000   51.398444     149.00     154.00         5       0         120000.0            220000.0        5.00         1.000000           100.000000
         American Indian or Alaska Native        Male     Hispanic or Latino          14    465714.285714    196682.652855        345000.0        600000.0                77.523929                19.141939                71.38500                95.00000                 44.545455                  3.615623                      NaN                      NaN        6.128571e+05       228613.835352           482500.0           765000.0  143.857143   61.738726     104.00     199.25        11       3         255000.0            282500.0       95.25         0.785714            78.571429
         American Indian or Alaska Native        Male Not Hispanic or Latino           2    415000.000000     70710.678119        390000.0        440000.0                77.500000                 3.535534                76.25000                78.75000                 47.000000                       NaN                      NaN                      NaN        5.400000e+05       106066.017178           502500.0           577500.0  188.500000  106.773124     150.75     226.25         2       0          50000.0             75000.0       75.50         1.000000           100.000000
                                    Asian      Female     Hispanic or Latino           4    512500.000000    191550.689549        407500.0        580000.0                78.532500                12.041543                69.88750                83.75000                 43.750000                  3.500000                    42.00                    43.75        6.675000e+05       307069.481822           517500.0           690000.0  122.500000   41.412558     102.00     133.00         4       0         172500.0            172500.0       31.00         1.000000           100.000000
                                    Asian      Female Not Hispanic or Latino         232    581896.551724    223534.820759        415000.0        715000.0                73.735797                18.149329                63.83400                82.67200                 43.831325                  4.155520                      NaN                      NaN        8.507328e+05       389179.820394           602500.0           970000.0  179.668103   79.375960     122.50     222.00       214      18         300000.0            367500.0       99.50         0.922414            92.241379
                                    Asian        Male     Hispanic or Latino           5    461000.000000    182153.781185        375000.0        495000.0                81.509200                15.227888                79.47000                93.00000                 40.200000                  5.495453                    36.00                    44.00        5.690000e+05       214429.475586           475000.0           535000.0  137.200000   59.449138     103.00     167.00         4       1         120000.0             60000.0       64.00         0.800000            80.000000
                                    Asian        Male Not Hispanic or Latino         353    639702.549575    237715.176255        475000.0        785000.0                72.855253                17.984845                64.38000                83.13000                 43.835938                  4.055067                      NaN                      NaN        9.450283e+05       476692.259806           645000.0          1165000.0  194.957507   97.475527     135.00     233.00       330      23         310000.0            520000.0       98.00         0.934844            93.484419
                Black or African American      Female     Hispanic or Latino           1    655000.000000              NaN        655000.0        655000.0                94.988000                      NaN                94.98800                94.98800                 43.000000                       NaN                    43.00                    43.00        6.950000e+05                 NaN           695000.0           695000.0  133.000000         NaN     133.00     133.00         1       0              0.0                 0.0        0.00         1.000000           100.000000
                Black or African American      Female Not Hispanic or Latino          44    493636.363636    199913.829217        325000.0        587500.0               129.357932               298.107246                80.00000                97.00000                 44.419355                  4.023052                      NaN                      NaN        6.200000e+05       274009.845350           502500.0           750000.0  153.250000   78.267319     102.25     194.00        39       5         262500.0            247500.0       91.75         0.886364            88.636364
                Black or African American        Male     Hispanic or Latino           2    575000.000000    226274.169980        495000.0        655000.0                79.037500                 1.361181                78.55625                79.51875                 47.000000                       NaN                      NaN                      NaN        7.250000e+05       296984.848098           620000.0           830000.0  114.500000   89.802561      82.75     146.25         0       2         160000.0            210000.0       63.50         0.000000             0.000000
                Black or African American        Male Not Hispanic or Latino          27    424629.629630    172325.306894        315000.0        560000.0                83.243000                19.336995                77.64200                95.00000                 44.235294                  4.146224                      NaN                      NaN        5.146296e+05       177297.695796           360000.0           675000.0  148.296296   65.452164     102.00     181.50        24       3         245000.0            315000.0       79.50         0.888889            88.888889
Native Hawaiian or Other Pacific Islander      Female Not Hispanic or Latino           3    405000.000000     52915.026221        385000.0        435000.0                81.293333                19.570849                74.44000                92.50000                 46.333333                  3.055050                    45.00                    48.00        5.250000e+05       177763.888346           425000.0           595000.0  115.666667   22.120880     104.00     126.00         2       1          50000.0            170000.0       22.00         0.666667            66.666667
Native Hawaiian or Other Pacific Islander        Male Not Hispanic or Latino           6    405000.000000    114192.819389        367500.0        485000.0                66.255167                22.777597                50.00000                86.24625                 44.000000                  4.242641                      NaN                      NaN        6.616667e+05       295341.610117           417500.0           807500.0  166.500000   56.340927     140.00     203.25         6       0         117500.0            390000.0       63.25         1.000000           100.000000
                                    White      Female     Hispanic or Latino         153    439836.601307    185866.054541        315000.0        575000.0                81.450092                15.629378                75.00000                95.00000                 44.273438                  3.707228                      NaN                      NaN        5.661111e+05       256342.070893           405000.0           705000.0  129.228758   74.914381      78.00     160.00       132      21         260000.0            300000.0       82.00         0.862745            86.274510
                                    White      Female Not Hispanic or Latino         344    484069.767442    229956.912719        315000.0        625000.0                73.102596                19.614052                64.21875                87.23975                 44.384000                  3.864750                      NaN                      NaN        7.003488e+05       346484.881346           455000.0           897500.0  162.843023  139.986417      97.75     189.00       317      27         310000.0            442500.0       91.25         0.921512            92.151163
                                    White        Male     Hispanic or Latino         290    466482.758621    205955.133470        335000.0        585000.0                82.121155                16.289050                80.00000                95.00000                 44.018779                  3.831304                      NaN                      NaN        5.891034e+05       268644.018431           407500.0           715000.0  168.013793  183.827962      92.25     176.00       270      20         250000.0            307500.0       83.75         0.931034            93.103448
                                    White        Male Not Hispanic or Latino         502    545936.254980    246405.131729        357500.0        705000.0                74.054938                18.538468                63.35850                87.90125                 43.837349                  4.173437                      NaN                      NaN        7.822908e+05       416050.999527           505000.0           995000.0  223.320717  566.603459     114.25     233.00       469      33         347500.0            490000.0      118.75         0.934263            93.426295