                             derived_race derived_sex      derived_ethnicity  total_apps  avg_loan_amount  std_loan_amount  Q1_loan_amount  Q3_loan_amount  avg_loan_to_value_ratio  std_loan_to_value_ratio  Q1_loan_to_value_ratio  Q3_loan_to_value_ratio  avg_debt_to_income_ratio  std_debt_to_income_ratio  Q1_debt_to_income_ratio  Q3_debt_to_income_ratio  avg_property_value  std_property_value  Q1_property_value  Q3_property_value  avg_income  std_income  Q1_income  Q3_income  accepted  denied  iqr_loan_amount  iqr_property_value  iqr_income  acceptance_rate  acceptance_rate_pct
                 2 or more minority races      Female Not Hispanic or Latino           6    468333.333333    208102.538828        327500.0        645000.0                85.686167                21.877534                90.12650                 95.0000                 46.800000                  1.788854                      NaN                      NaN       575000.000000       205912.602820           395000.0           760000.0  104.166667   41.614501      79.00     107.00         4       2         317500.0            365000.0       28.00         0.666667            66.666667
                 2 or more minority races        Male     Hispanic or Latino           1    755000.000000              NaN        755000.0        755000.0                94.087000                      NaN                94.08700                 94.0870                 44.000000                       NaN                    44.00                    44.00       805000.000000                 NaN           805000.0           805000.0  176.000000         NaN     176.00     176.00         1       0              0.0                 0.0        0.00         1.000000           100.000000
                 2 or more minority races        Male Not Hispanic or Latino           4    715000.000000    225536.397654        602500.0        797500.0                86.250000                 9.464847                80.00000                 88.7500                 44.000000                  2.828427                      NaN                      NaN       832500.000000       256953.303151           700000.0           902500.0  309.250000  204.954263     207.50     350.75         4       0         195000.0            202500.0      143.25         1.000000           100.000000
         American Indian or Alaska Native      Female     Hispanic or Latino           3    718333.333333    230072.452356        605000.0        835000.0                77.317333                 3.813411                75.97600                 79.5000                 46.000000                  1.414214                      NaN                      NaN       941666.666667       345301.800362           765000.0          1110000.0  170.000000   28.618176     153.50     179.00         2       1         230000.0            345000.0       25.50         0.666667            66.666667
         American Indian or Alaska Native      Female Not Hispanic or Latino           3    311666.666667     61101.009266        285000.0        345000.0                89.539333                24.811050                79.39150                103.3690                 41.000000                  5.656854                      NaN                      NaN       355000.000000        34641.016151           335000.0           365000.0   96.666667   23.180452      89.00     110.00         2       1          60000.0             30000.0       21.00         0.666667            66.666667
         American Indian or Alaska Native        Male     Hispanic or Latino          17    415588.235294    188529.526475        295000.0        505000.0                87.340059                25.910723                83.70400                 95.0000                 44.461538                  3.799460                      NaN                      NaN       507352.941176       234081.433794           325000.0           675000.0  163.470588  123.712933      87.00     173.00        13       4         210000.0            350000.0       86.00         0.764706            76.470588
         American Indian or Alaska Native        Male Not Hispanic or Latino           7    510714.285714    197049.667416        430000.0        655000.0                80.780857                 8.722371                77.50000                 87.4950                 46.400000                  2.509980                      NaN                      NaN       622142.857143       211480.045214           530000.0           770000.0  186.000000  167.398726      90.00     204.50         7       0         225000.0            240000.0      114.50         1.000000           100.000000
                                    Asian      Female     Hispanic or Latino           6    611666.666667    382448.253580        412500.0        870000.0                74.163333                28.223254                76.98500                 91.2500                 45.750000                  4.573474                      NaN                      NaN       823333.333333       435954.890633           540000.0          1072500.0  250.000000  166.657733     143.00     343.75         6       0         457500.0            532500.0      200.75         1.000000           100.000000
                                    Asian      Female Not Hispanic or Latino         254    581338.582677    226622.345059        417500.0        712500.0                73.911059                16.523763                66.75025                 82.4275                 43.552632                  3.909677                      NaN                      NaN       816811.023622       352816.823837           585000.0           935000.0  188.118110  126.678867     124.25     208.75       237      17         295000.0            350000.0       84.50         0.933071            93.307087
                                    Asian        Male     Hispanic or Latino           8    553750.000000    134104.170597        432500.0        667500.0                82.558375                10.308021                75.00000                 89.9925                 43.125000                  3.226564                    41.50                    45.25       682500.000000       199266.512132           542500.0           797500.0  155.625000   59.121999     122.25     164.00         8       0         235000.0            255000.0       41.75         1.000000           100.000000
                                    Asian        Male Not Hispanic or Latino         363    627314.049587    251415.090059        450000.0        765000.0                73.790319                17.571592                65.00000                 85.0000                 43.479245                  4.014244                      NaN                      NaN       899820.936639       400751.584512           635000.0          1120000.0  217.355372  397.819315     131.50     236.50       338      25         315000.0            485000.0      105.00         0.931129            93.112948
                Black or African American      Female     Hispanic or Latino           2    635000.000000    183847.763109        570000.0        700000.0                91.000000                 8.485281                88.00000                 94.0000                 49.000000                       NaN                      NaN                      NaN       715000.000000       268700.576851           620000.0           810000.0  519.500000  529.622979     332.25     706.75         2       0         130000.0            190000.0      374.50         1.000000           100.000000
                Black or African American      Female Not Hispanic or Latino          47    441170.212766    225865.997128        290000.0        535000.0                78.477745                19.475033                78.53350                 90.0000                 43.742857                  3.943296                      NaN                      NaN       602234.042553       252928.088488           440000.0           670000.0  152.914894   90.348800      95.50     169.00        40       7         245000.0            230000.0       73.50         0.851064            85.106383
                Black or African American        Male     Hispanic or Latino           5    575000.000000    244028.686838        395000.0        735000.0                88.277200                 7.311627                87.56800                 90.0000                 46.400000                  1.816590                    46.00                    47.00       677000.000000       329120.038892           445000.0           825000.0  145.600000   57.313175     102.00     187.00         4       1         340000.0            380000.0       85.00         0.800000            80.000000
                Black or African American        Male Not Hispanic or Latino          30    551666.666667    255819.620360        377500.0        742500.0                84.193967                19.592442                80.00000                 95.0000                 44.363636                  3.946613                      NaN                      NaN       702666.666667       339408.037754           482500.0           790000.0  172.300000   97.515746     111.25     198.50        26       4         365000.0            307500.0       87.25         0.866667            86.666667
Native Hawaiian or Other Pacific Islander      Female Not Hispanic or Latino           3    721666.666667    227229.692895        600000.0        825000.0                90.000000                 8.660254                87.50000                 95.0000                 42.500000                  7.778175                      NaN                      NaN       825000.000000       341174.442185           635000.0           965000.0  189.333333   76.813627     145.00     212.50         3       0         225000.0            330000.0       67.50         1.000000           100.000000
Native Hawaiian or Other Pacific Islander        Male     Hispanic or Latino           2    475000.000000    183847.763109        410000.0        540000.0                76.495000                 4.956819                74.74250                 78.2475                 42.000000                       NaN                      NaN                      NaN       630000.000000       275771.644663           532500.0           727500.0  151.500000    2.121320     150.75     152.25         1       1         130000.0            195000.0        1.50         0.500000            50.000000
Native Hawaiian or Other Pacific Islander        Male Not Hispanic or Latino           2    715000.000000     28284.271247        705000.0        725000.0                85.000000                 7.071068                82.50000                 87.5000                 38.500000                  0.707107                    38.25                    38.75       845000.000000        42426.406871           830000.0           860000.0  306.000000  200.818326     235.00     377.00         2       0          20000.0             30000.0      142.00         1.000000           100.000000
                                    White      Female     Hispanic or Latino         164    470000.000000    199921.763839        322500.0        617500.0                82.843180                18.892094                80.00000                 95.0000                 44.220472                  4.045208                      NaN                      NaN       589268.292683       251640.168104           415000.0           705000.0  143.420732   86.129093      90.50     169.50       150      14         295000.0            290000.0       79.00         0.914634            91.463415
                                    White      Female Not Hispanic or Latino         361    473144.044321    230490.157115        315000.0        605000.0                72.151526                20.224474                59.65300                 88.4020                 43.836431                  4.167573                      NaN                      NaN       690096.952909       324464.608610           455000.0           885000.0  158.761773  105.575848      97.00     194.00       343      18         290000.0            430000.0       97.00         0.950139            95.013850
                                    White        Male     Hispanic or Latino         236    462711.864407    187184.792149        325000.0        577500.0                83.653979                14.442563                80.00000                 95.0000                 44.500000                  4.003490                      NaN                      NaN       568220.338983       237658.368631           385000.0           715000.0  139.974576   83.097990      85.75     165.25       210      26         252500.0            330000.0       79.50         0.889831            88.983051
                                    White        Male Not Hispanic or Latino         476    557079.831933    253762.595089        372500.0        725000.0                74.882258                18.218754                67.10300                 89.4275                 43.673203                  4.163589                      NaN                      NaN       789957.983193       398237.430263           515000.0           965000.0  217.550420  280.614288     119.50     240.25       438      38         352500.0            450000.0      120.75         0.920168            92.016807