                             derived_race derived_sex      derived_ethnicity  total_apps  avg_loan_amount  std_loan_amount  Q1_loan_amount  Q3_loan_amount  avg_loan_to_value_ratio  std_loan_to_value_ratio  Q1_loan_to_value_ratio  Q3_loan_to_value_ratio  avg_debt_to_income_ratio  std_debt_to_income_ratio  Q1_debt_to_income_ratio  Q3_debt_to_income_ratio  avg_property_value  std_property_value  Q1_property_value  Q3_property_value  avg_income  std_income  Q1_income  Q3_income  accepted  denied  iqr_loan_amount  iqr_property_value  iqr_income  acceptance_rate  acceptance_rate_pct
                 2 or more minority races      Female     Hispanic or Latino           1    285000.000000              NaN        285000.0        285000.0                99.140000                      NaN                99.14000                99.14000                 42.000000                       NaN                    42.00                    42.00        5.750000e+05                 NaN           575000.0           575000.0   95.000000         NaN      95.00      95.00         1       0              0.0                 0.0        0.00         1.000000           100.000000
                 2 or more minority races      Female Not Hispanic or Latino           4    540000.000000    392300.904919        385000.0        645000.0                71.413000                11.674061                67.32250                78.81650                       NaN                       NaN                      NaN                      NaN        8.650000e+05       520768.662652           580000.0          1230000.0  188.000000  106.094298     138.00     257.00         3       1         260000.0            650000.0      119.00         0.750000            75.000000
                 2 or more minority races        Male     Hispanic or Latino           2    520000.000000    120208.152802        477500.0        562500.0                68.241500                26.529939                58.86175                77.62125                 46.000000                  2.828427                    45.00                    47.00        8.550000e+05       509116.882454           675000.0          1035000.0  228.500000   43.133514     213.25     243.75         2       0          85000.0            360000.0       30.50         1.000000           100.000000
                 2 or more minority races        Male Not Hispanic or Latino           3    598333.333333     85049.005481        550000.0        630000.0                84.313667                 9.311722                78.97050                87.50000                       NaN                       NaN                      NaN                      NaN        7.083333e+05        25166.114784           695000.0           720000.0  379.333333   62.067168     343.50     397.50         3       0          80000.0             25000.0       54.00         1.000000           100.000000
         American Indian or Alaska Native      Female     Hispanic or Latino           4    432500.000000    204511.613362        377500.0        535000.0                91.250000                 7.500000                91.25000                95.00000                 43.000000                  5.656854                      NaN                      NaN        4.850000e+05       255342.906696           395000.0           595000.0  143.750000   30.015274     134.75     161.50         4       0         157500.0            200000.0       26.75         1.000000           100.000000
         American Indian or Alaska Native      Female Not Hispanic or Latino           6    590000.000000    160218.600668        505000.0        725000.0                85.414667                 6.208406                80.00000                89.99250                 47.500000                  2.121320                      NaN                      NaN        7.583333e+05       292004.566174           557500.0           912500.0  298.333333  213.424147     150.25     459.00         6       0         220000.0            355000.0      308.75         1.000000           100.000000
         American Indian or Alaska Native        Male     Hispanic or Latino          11    453181.818182    239867.387605        300000.0        625000.0                96.753909                20.449686                88.81900                96.00000                 40.600000                  3.847077                      NaN                      NaN        4.922727e+05       298231.148913           300000.0           700000.0  205.909091  156.319835     103.50     258.00         7       4         325000.0            400000.0      154.50         0.636364            63.636364
         American Indian or Alaska Native        Male Not Hispanic or Latino           4    350000.000000    301164.406928        102500.0        547500.0                81.250000                22.500000                72.50000                96.25000                 47.000000                  2.000000                      NaN                      NaN        4.275000e+05       353683.003079           167500.0           615000.0  166.000000  184.070639      71.25     191.25         4       0         445000.0            447500.0      120.00         1.000000           100.000000
                                    Asian      Female     Hispanic or Latino           5    467000.000000    107098.085884        435000.0        525000.0                83.052600                16.758038                80.00000                93.00000                 45.500000                  2.645751                      NaN                      NaN        6.050000e+05       239165.214862           455000.0           705000.0  225.800000  240.411522     118.00     140.00         5       0          90000.0            250000.0       22.00         1.000000           100.000000
                                    Asian      Female Not Hispanic or Latino         244    584672.131148    231402.716411        412500.0        717500.0                71.154869                16.424579                60.89350                80.00000                 43.802198                  4.077210                      NaN                      NaN        8.589344e+05       376319.751479           612500.0          1027500.0  178.450820   92.516007     120.00     219.00       231      13         305000.0            415000.0       99.00         0.946721            94.672131
                                    Asian        Male     Hispanic or Latino          10    524000.000000    198015.150935        392500.0        615000.0                85.532300                 8.727387                80.00000                92.49975                 46.166667                  2.786874                      NaN                      NaN        6.170000e+05       236022.597788           425000.0           805000.0  195.400000   81.762801     132.50     235.25        10       0         222500.0            380000.0      102.75         1.000000           100.000000
                                    Asian        Male Not Hispanic or Latino         379    644525.065963    246890.259621        465000.0        765000.0                75.186657                16.966128                69.92000                85.98550                 43.737762                  3.806427                      NaN                      NaN        9.037863e+05       392754.624344           635000.0          1115000.0  212.812665  195.576449     135.00     249.50       356      23         300000.0            480000.0      114.50         0.939314            93.931398
                Black or African American      Female     Hispanic or Latino           1    415000.000000              NaN        415000.0        415000.0                97.000000                      NaN                97.00000                97.00000                 39.000000                       NaN                    39.00                    39.00        4.250000e+05                 NaN           425000.0           425000.0  125.000000         NaN     125.00     125.00         1       0              0.0                 0.0        0.00         1.000000           100.000000
                Black or African American      Female Not Hispanic or Latino          38    550000.000000    210825.276704        377500.0        720000.0                86.293263                15.389608                80.00000                95.00000                 45.064516                  3.161598                      NaN                      NaN        6.665789e+05       238877.174317           545000.0           805000.0  171.684211   87.008886     116.25     217.25        33       5         342500.0            260000.0      101.00         0.868421            86.842105
                Black or African American        Male     Hispanic or Latino           2    405000.000000    127279.220614        360000.0        450000.0                70.806500                27.143708                61.20975                80.40325                 41.000000                       NaN                      NaN                      NaN        5.900000e+05        49497.474683           572500.0           607500.0  165.000000   49.497475     147.50     182.50         1       1          90000.0             35000.0       35.00         0.500000            50.000000
                Black or African American        Male Not Hispanic or Latino          36    553888.888889    234042.459857        385000.0        662500.0                86.403167                14.151021                80.00000                95.00000                 43.652174                  3.926700                      NaN                      NaN        6.388889e+05       225923.852883           507500.0           752500.0  197.722222  133.220464     109.00     223.25        29       7         277500.0            245000.0      114.25         0.805556            80.555556
Native Hawaiian or Other Pacific Islander      Female Not Hispanic or Latino           2    745000.000000     14142.135624        740000.0        750000.0                65.340000                20.732371                58.01000                72.67000                 48.500000                  0.707107                    48.25                    48.75        1.205000e+06       395979.797464          1065000.0          1345000.0  230.000000   70.710678     205.00     255.00         2       0          10000.0            280000.0       50.00         1.000000           100.000000
Native Hawaiian or Other Pacific Islander        Male     Hispanic or Latino           1    655000.000000              NaN        655000.0        655000.0                73.056000                      NaN                73.05600                73.05600                 46.000000                       NaN                    46.00                    46.00        9.050000e+05                 NaN           905000.0           905000.0  149.000000         NaN     149.00     149.00         1       0              0.0                 0.0        0.00         1.000000           100.000000
Native Hawaiian or Other Pacific Islander        Male Not Hispanic or Latino           8    451250.000000    173282.387202        347500.0        552500.0                81.811000                16.713877                78.75000                91.96400                 43.000000                  5.244044                      NaN                      NaN        5.900000e+05       287103.764219           432500.0           755000.0  141.250000   69.874888      82.00     187.25         7       1         205000.0            322500.0      105.25         0.875000            87.500000
                                    White      Female     Hispanic or Latino         169    439911.242604    196105.287389        295000.0        555000.0                79.728314                19.791873                74.00000                95.00000                 45.237762                  3.593731                      NaN                      NaN        5.760651e+05       249709.453594           415000.0           695000.0  123.852071   73.555183      80.00     148.00       149      20         260000.0            280000.0       68.00         0.881657            88.165680
                                    White      Female Not Hispanic or Latino         340    488176.470588    251377.147412        305000.0        627500.0                72.320824                20.353720                61.14575                85.16900                 43.506383                  4.101668                      NaN                      NaN        7.173235e+05       394528.449392           452500.0           895000.0  175.852941  147.649236      95.00     210.25       311      29         322500.0            442500.0      115.25         0.914706            91.470588
                                    White        Male     Hispanic or Latino         284    493556.338028    198258.389585        355000.0        615000.0                82.809620                15.298911                80.00000                95.00000                 44.803738                  3.767764                      NaN                      NaN        6.181690e+05       276678.608868           442500.0           755000.0  155.926056  197.175653      94.75     178.25       257      27         260000.0            312500.0       83.50         0.904930            90.492958
                                    White        Male Not Hispanic or Latino         446    555426.008969    257571.279796        355000.0        742500.0                74.517300                18.603824                69.26650                88.21125                 43.133333                  3.893650                      NaN                      NaN        8.002691e+05       451796.209685           485000.0           995000.0  205.327354  163.281340     115.00     248.75       423      23         387500.0            510000.0      133.75         0.948430            94.843049