                             derived_race derived_sex      derived_ethnicity  total_apps  avg_loan_amount  std_loan_amount  Q1_loan_amount  Q3_loan_amount  avg_loan_to_value_ratio  std_loan_to_value_ratio  Q1_loan_to_value_ratio  Q3_loan_to_value_ratio  avg_debt_to_income_ratio  std_debt_to_income_ratio  Q1_debt_to_income_ratio  Q3_debt_to_income_ratio  avg_property_value  std_property_value  Q1_property_value  Q3_property_value  avg_income  std_income  Q1_income  Q3_income  accepted  denied  iqr_loan_amount  iqr_property_value  iqr_income  acceptance_rate  acceptance_rate_pct
                 2 or more minority races      Female Not Hispanic or Latino           1    315000.000000              NaN        315000.0        315000.0                97.000000                      NaN                97.00000                97.00000                 40.000000                       NaN                     40.0                     40.0        6.250000e+05                 NaN           625000.0           625000.0  105.000000         NaN     105.00     105.00         1       0              0.0                 0.0        0.00         1.000000           100.000000
                 2 or more minority races        Male     Hispanic or Latino           3    721666.666667    210792.156717        605000.0        810000.0                82.239667                11.800988                75.85950                87.50000                 39.000000                       NaN                      NaN                      NaN        9.016667e+05        3.666515e+05           690000.0          1010000.0  181.333333   53.678053     151.00     202.00         2       1         205000.0            320000.0       51.00         0.666667            66.666667
                 2 or more minority races        Male Not Hispanic or Latino           4    550000.000000    244472.220644        415000.0        605000.0                60.334000                36.021719                43.96600                82.00000                 44.666667                  1.154701                      NaN                      NaN        1.525000e+06        1.564864e+06           595000.0          1845000.0  195.000000  130.759321     107.00     234.50         3       1         190000.0           1250000.0      127.50         0.750000            75.000000
         American Indian or Alaska Native      Female     Hispanic or Latino           6    400000.000000     61886.993787        380000.0        410000.0                80.226167                13.659945                80.00000                87.75000                 40.000000                  5.656854                      NaN                      NaN        5.083333e+05        9.688481e+04           450000.0           530000.0  154.666667   40.883575     134.75     165.00         5       1          30000.0             80000.0       30.25         0.833333            83.333333
         American Indian or Alaska Native      Female Not Hispanic or Latino           1    665000.000000              NaN        665000.0        665000.0                76.744000                      NaN                76.74400                76.74400                       NaN                       NaN                      NaN                      NaN        8.650000e+05                 NaN           865000.0           865000.0  250.000000         NaN     250.00     250.00         1       0              0.0                 0.0        0.00         1.000000           100.000000
         American Indian or Alaska Native        Male     Hispanic or Latino           5    399000.000000    259769.128266        215000.0        555000.0                69.292600                22.848390                58.00000                85.00000                 45.000000                  5.416026                      NaN                      NaN        5.930000e+05        3.462947e+05           355000.0           955000.0  171.400000  150.480231      58.00     189.00         3       2         340000.0            600000.0      131.00         0.600000            60.000000
         American Indian or Alaska Native        Male Not Hispanic or Latino           3    561666.666667    159478.316185        470000.0        615000.0                72.126667                 4.976759                70.69000                75.00000                 37.000000                       NaN                      NaN                      NaN        7.716667e+05        1.939931e+05           660000.0           835000.0  294.333333  214.928670     171.50     371.00         3       0         145000.0            175000.0      199.50         1.000000           100.000000
                                    Asian      Female     Hispanic or Latino           5    423000.000000    156907.616131        455000.0        505000.0                79.959400                16.436750                74.24100                95.00000                 43.333333                  3.511885                      NaN                      NaN        5.610000e+05        2.545192e+05           475000.0           675000.0   95.800000   41.318277      64.00     126.00         4       1          50000.0            200000.0       62.00         0.800000            80.000000
                                    Asian      Female Not Hispanic or Latino         238    550336.134454    222603.724548        387500.0        705000.0                70.583290                19.451906                60.05500                80.00000                 43.266304                  3.990392                      NaN                      NaN        8.346218e+05        4.046651e+05           565000.0           955000.0  173.289916   78.780392     120.00     206.50       227      11         317500.0            390000.0       86.50         0.953782            95.378151
                                    Asian        Male     Hispanic or Latino          15    647666.666667    211033.736865        500000.0        800000.0                82.389333                14.980529                80.00000                95.00000                 43.777778                  3.419714                      NaN                      NaN        7.883333e+05        2.439750e+05           625000.0           930000.0  196.400000   60.817995     159.50     213.00        14       1         300000.0            305000.0       53.50         0.933333            93.333333
                                    Asian        Male Not Hispanic or Latino         380    627000.000000    256225.288402        445000.0        787500.0                72.850895                18.164834                65.00000                82.04575                 43.851449                  4.084966                      NaN                      NaN        9.194737e+05        4.439574e+05           605000.0          1205000.0  210.705263  200.894523     131.75     250.00       337      43         342500.0            600000.0      118.25         0.886842            88.684211
                Black or African American      Female     Hispanic or Latino           3    338333.333333     76376.261583        305000.0        380000.0                87.466667                14.813957                82.70000                96.00000                 42.000000                       NaN                      NaN                      NaN        3.983333e+05        1.222020e+05           345000.0           465000.0  104.000000   75.226325      61.50     133.00         0       3          75000.0            120000.0       71.50         0.000000             0.000000
                Black or African American      Female Not Hispanic or Latino          46    451086.956522    233585.371126        297500.0        572500.0                84.123500                16.992231                80.00000                95.00000                 44.756757                  4.342333                      NaN                      NaN        5.754348e+05        2.745903e+05           417500.0           715000.0  140.282609   84.146608      81.00     175.75        39       7         275000.0            297500.0       94.75         0.847826            84.782609
                Black or African American        Male     Hispanic or Latino           2    435000.000000     28284.271247        425000.0        445000.0                87.500000                10.606602                83.75000                91.25000                 47.000000                       NaN                      NaN                      NaN        5.000000e+05        2.121320e+04           492500.0           507500.0   82.000000   43.840620      66.50      97.50         1       1          20000.0             15000.0       31.00         0.500000            50.000000
                Black or African American        Male Not Hispanic or Latino          33    518030.303030    268275.567846        355000.0        705000.0                76.666394                23.950943                61.40000                95.00000                 43.434783                  3.975220                      NaN                      NaN        6.750000e+05        2.544971e+05           475000.0           825000.0  210.666667  184.964298      96.00     241.00        30       3         350000.0            350000.0      145.00         0.909091            90.909091
Native Hawaiian or Other Pacific Islander      Female     Hispanic or Latino           2    330000.000000     21213.203436        322500.0        337500.0                92.500000                 7.778175                89.75000                95.25000                 47.000000                       NaN                      NaN                      NaN        3.650000e+05        0.000000e+00           365000.0           365000.0   88.500000   19.091883      81.75      95.25         1       1          15000.0                 0.0       13.50         0.500000            50.000000
Native Hawaiian or Other Pacific Islander      Female Not Hispanic or Latino           2    575000.000000    141421.356237        525000.0        625000.0                91.500000                 4.949747                89.75000                93.25000                 44.000000                  5.656854                     42.0                     46.0        6.500000e+05        2.050610e+05           577500.0           722500.0  183.500000   17.677670     177.25     189.75         2       0         100000.0            145000.0       12.50         1.000000           100.000000
Native Hawaiian or Other Pacific Islander        Male     Hispanic or Latino           3    425000.000000    153948.043183        340000.0        490000.0                92.333333                 6.429101                90.00000                96.00000                 46.500000                  3.535534                      NaN                      NaN        4.716667e+05        2.081666e+05           355000.0           555000.0   96.666667   27.300794      82.00     109.00         2       1         150000.0            200000.0       27.00         0.666667            66.666667
Native Hawaiian or Other Pacific Islander        Male Not Hispanic or Latino           5    715000.000000    244233.494836        695000.0        725000.0                92.400000                 6.985700                95.00000                95.00000                 40.800000                  4.086563                     39.0                     42.0        7.830000e+05        2.631919e+05           755000.0           875000.0  171.400000   28.823601     156.00     194.00         5       0          30000.0            120000.0       38.00         1.000000           100.000000
                                    White      Female     Hispanic or Latino         188    425691.489362    185806.668922        305000.0        517500.0                80.132223                17.528069                75.00000                94.05500                 44.552632                  3.942953                      NaN                      NaN        5.503191e+05        2.325203e+05           392500.0           685000.0  156.356383  334.174065      79.75     162.00       168      20         212500.0            292500.0       82.25         0.893617            89.361702
                                    White      Female Not Hispanic or Latino         362    468342.541436    246307.104688        275000.0        602500.0                71.407895                20.763695                57.46700                89.72525                 43.975904                  4.327265                      NaN                      NaN        6.951105e+05        4.037765e+05           425000.0           852500.0  161.461326  129.752844      94.00     199.75       342      20         327500.0            427500.0      105.75         0.944751            94.475138
                                    White        Male     Hispanic or Latino         293    472474.402730    215455.324311        325000.0        605000.0                84.661457                15.201006                80.00000                95.00000                 44.342593                  3.895524                      NaN                      NaN        5.819966e+05        2.769870e+05           385000.0           745000.0  153.215017  102.338303      88.00     184.00       262      31         280000.0            360000.0       96.00         0.894198            89.419795
                                    White        Male Not Hispanic or Latino         400    549775.000000    244030.380160        365000.0        715000.0                74.772768                17.250501                66.45975                88.15450                 43.441606                  4.160501                      NaN                      NaN        7.770000e+05        4.004753e+05           512500.0           947500.0  203.345000  149.850672     117.75     251.50       374      26         350000.0            435000.0      133.75         0.935000            93.500000