                             derived_race derived_sex      derived_ethnicity  total_apps  avg_loan_amount  std_loan_amount  Q1_loan_amount  Q3_loan_amount  avg_loan_to_value_ratio  std_loan_to_value_ratio  Q1_loan_to_value_ratio  Q3_loan_to_value_ratio  avg_debt_to_income_ratio  std_debt_to_income_ratio  Q1_debt_to_income_ratio  Q3_debt_to_income_ratio  avg_property_value  std_property_value  Q1_property_value  Q3_property_value  avg_income  std_income  Q1_income  Q3_income  accepted  denied  iqr_loan_amount  iqr_property_value  iqr_income  acceptance_rate  acceptance_rate_pct
                 2 or more minority races      Female Not Hispanic or Latino           2    785000.000000     98994.949366        750000.0        820000.0                72.500000                31.819805                 61.2500                 83.7500                 41.500000                  7.778175                    38.75                    44.25        1.225000e+06       678822.509939           985000.0          1465000.0  187.000000   38.183766     173.50     200.50         2       0          70000.0            480000.0       27.00         1.000000           100.000000
                 2 or more minority races        Male     Hispanic or Latino           4    387500.000000    289064.583326        157500.0        615000.0                91.250000                 7.500000                 91.2500                 95.0000                 39.500000                  2.121320                      NaN                      NaN        4.300000e+05       331612.223337           165000.0           700000.0  199.500000  119.422220     160.75     270.75         3       1         457500.0            535000.0      110.00         0.750000            75.000000
                 2 or more minority races        Male Not Hispanic or Latino           2    485000.000000     84852.813742        455000.0        515000.0                80.875000                29.521708                 70.4375                 91.3125                 43.000000                  7.071068                    40.50                    45.50        6.600000e+05       346482.322781           537500.0           782500.0  136.000000   29.698485     125.50     146.50         2       0          60000.0            245000.0       21.00         1.000000           100.000000
         American Indian or Alaska Native      Female     Hispanic or Latino          11    390454.545455    234962.279371        210000.0        450000.0                74.979182                17.629038                 61.4700                 89.3900                 43.857143                  3.078342                      NaN                      NaN        5.350000e+05       322645.316098           300000.0           645000.0  119.818182   35.996717      99.50     129.50        10       1         240000.0            345000.0       30.00         0.909091            90.909091
         American Indian or Alaska Native      Female Not Hispanic or Latino           3    455000.000000    164620.776332        360000.0        505000.0                89.945000                17.225245                 80.0000                 94.9175                 44.500000                  0.707107                      NaN                      NaN        5.316667e+05       251462.389501           390000.0           630000.0  183.666667   65.759663     162.00     221.50         2       1         145000.0            240000.0       59.50         0.666667            66.666667
         American Indian or Alaska Native        Male     Hispanic or Latino           8    556250.000000    156153.541655        515000.0        677500.0                89.750000                 7.005100                 87.5000                 95.0000                 40.750000                  4.425306                      NaN                      NaN        6.275000e+05       196523.353756           542500.0           760000.0  195.125000  110.650592     138.75     234.25         6       2         162500.0            217500.0       95.50         0.750000            75.000000
         American Indian or Alaska Native        Male Not Hispanic or Latino           2    475000.000000    325269.119346        360000.0        590000.0                88.500000                12.020815                 84.2500                 92.7500                 48.000000                  1.414214                    47.50                    48.50        5.650000e+05       438406.204336           410000.0           720000.0  114.500000   50.204581      96.75     132.25         2       0         230000.0            310000.0       35.50         1.000000           100.000000
                                    Asian      Female     Hispanic or Latino           5    655000.000000    314085.975491        485000.0        735000.0                77.444600                 7.524838                 75.9800                 80.0000                 45.000000                  5.291503                      NaN                      NaN        8.650000e+05       432030.091545           605000.0           935000.0  210.200000  116.153777     150.00     211.00         4       1         250000.0            330000.0       61.00         0.800000            80.000000
                                    Asian      Female Not Hispanic or Latino         219    564954.337900    221070.161383        420000.0        705000.0                73.734009                17.427506                 65.1390                 85.8100                 43.119497                  3.970404                      NaN                      NaN        8.210731e+05       456603.047802           560000.0           950000.0  181.415525  110.568904     110.50     226.00       200      19         285000.0            390000.0      115.50         0.913242            91.324201
                                    Asian        Male     Hispanic or Latino          13    497307.692308    182945.977734        425000.0        675000.0                82.041538                16.817092                 80.0000                 92.0000                 46.555556                  3.609401                      NaN                      NaN        6.311538e+05       239983.973824           475000.0           835000.0  137.153846   29.826851     126.00     152.00        12       1         250000.0            360000.0       26.00         0.923077            92.307692
                                    Asian        Male Not Hispanic or Latino         386    614740.932642    224580.267045        465000.0        755000.0                72.738925                16.915292                 65.0000                 80.0000                 43.547101                  4.001085                      NaN                      NaN        8.915026e+05       391359.861958           645000.0          1075000.0  239.256477  697.896888     132.25     235.00       366      20         290000.0            430000.0      102.75         0.948187            94.818653
                Black or African American      Female     Hispanic or Latino           2    560000.000000    106066.017178        522500.0        597500.0                87.500000                10.606602                 83.7500                 91.2500                 49.000000                  0.000000                    49.00                    49.00        6.500000e+05       190918.830920           582500.0           717500.0  130.500000    4.949747     128.75     132.25         2       0          75000.0            135000.0        3.50         1.000000           100.000000
                Black or African American      Female Not Hispanic or Latino          46    462173.913043    228090.265207        332500.0        595000.0                84.028761                19.193539                 80.0000                 95.7350                 43.545455                  4.373863                      NaN                      NaN        5.913043e+05       244961.300305           467500.0           760000.0  146.739130   94.372650      96.50     171.75        39       7         262500.0            292500.0       75.25         0.847826            84.782609
                Black or African American        Male     Hispanic or Latino           2    610000.000000    360624.458405        482500.0        737500.0                72.435000                24.840661                 63.6525                 81.2175                 44.000000                       NaN                      NaN                      NaN        8.100000e+05       219203.102168           732500.0           887500.0  298.000000   72.124892     272.50     323.50         2       0         255000.0            155000.0       51.00         1.000000           100.000000
                Black or African American        Male Not Hispanic or Latino          41    524512.195122    209128.563562        375000.0        635000.0                85.474000                14.353972                 80.0000                 95.0000                 44.900000                  3.613671                      NaN                      NaN        6.289024e+05       244426.656165           425000.0           775000.0  159.926829   89.283086      97.00     197.00        34       7         260000.0            350000.0      100.00         0.829268            82.926829
Native Hawaiian or Other Pacific Islander      Female     Hispanic or Latino           1    205000.000000              NaN        205000.0        205000.0                76.340000                      NaN                 76.3400                 76.3400                       NaN                       NaN                      NaN                      NaN        2.650000e+05                 NaN           265000.0           265000.0   28.000000         NaN      28.00      28.00         0       1              0.0                 0.0        0.00         0.000000             0.000000
Native Hawaiian or Other Pacific Islander      Female Not Hispanic or Latino           1    205000.000000              NaN        205000.0        205000.0                28.777000                      NaN                 28.7770                 28.7770                       NaN                       NaN                      NaN                      NaN        6.950000e+05                 NaN           695000.0           695000.0  180.000000         NaN     180.00     180.00         1       0              0.0                 0.0        0.00         1.000000           100.000000
Native Hawaiian or Other Pacific Islander        Male     Hispanic or Latino           2    775000.000000    240416.305603        690000.0        860000.0                85.000000                 7.071068                 82.5000                 87.5000                 47.000000                  1.414214                    46.50                    47.50        9.100000e+05       205060.966544           837500.0           982500.0  192.500000   75.660426     165.75     219.25         2       0         170000.0            145000.0       53.50         1.000000           100.000000
Native Hawaiian or Other Pacific Islander        Male Not Hispanic or Latino           4    592500.000000    122848.144742        555000.0        637500.0                78.476000                14.840832                 74.7260                 83.7500                 42.666667                  6.506407                      NaN                      NaN        7.525000e+05        17078.251277           742500.0           760000.0  161.500000   32.675169     147.00     185.50         4       0          82500.0             17500.0       38.50         1.000000           100.000000
                                    White      Female     Hispanic or Latino         160    448125.000000    190137.942313        312500.0        547500.0                81.647085                18.902150                 78.9620                 95.0000                 44.661538                  3.901011                      NaN                      NaN        5.726250e+05       256283.273649           412500.0           685000.0  136.612500   79.172131      82.00     165.25       146      14         235000.0            272500.0       83.25         0.912500            91.250000
                                    White      Female Not Hispanic or Latino         351    489985.754986    254966.524014        305000.0        635000.0                71.495766                21.009658                 58.4120                 88.5545                 43.517787                  4.040062                      NaN                      NaN        7.315242e+05       409721.715817           475000.0           890000.0  175.837607  136.142821     102.00     206.00       326      25         330000.0            415000.0      104.00         0.928775            92.877493
                                    White        Male     Hispanic or Latino         257    459124.513619    206505.788504        315000.0        595000.0                83.202494                17.007235                 80.0000                 95.0000                 43.967391                  3.968320                      NaN                      NaN        5.745331e+05       265180.834297           385000.0           715000.0  153.712062  150.700250      91.00     177.00       224      33         280000.0            330000.0       86.00         0.871595            87.159533
                                    White        Male Not Hispanic or Latino         478    547112.970711    263589.819760        345000.0        712500.0                73.752927                18.731429                 66.9775                 85.0000                 43.729904                  4.087476                      NaN                      NaN        7.808159e+05       429670.615883           505000.0           935000.0  209.769874  192.568748     114.25     243.75       448      30         367500.0            430000.0      129.50         0.937238            93.723849