                             derived_race derived_sex      derived_ethnicity  total_apps  avg_loan_amount  std_loan_amount  Q1_loan_amount  Q3_loan_amount  avg_loan_to_value_ratio  std_loan_to_value_ratio  Q1_loan_to_value_ratio  Q3_loan_to_value_ratio  avg_debt_to_income_ratio  std_debt_to_income_ratio  Q1_debt_to_income_ratio  Q3_debt_to_income_ratio  avg_property_value  std_property_value  Q1_property_value  Q3_property_value  avg_income  std_income  Q1_income  Q3_income  accepted  denied  iqr_loan_amount  iqr_property_value  iqr_income  acceptance_rate  acceptance_rate_pct
                 2 or more minority races      Female     Hispanic or Latino           1     95000.000000              NaN         95000.0         95000.0                59.560000                      NaN                59.56000                59.56000                 41.000000                       NaN                    41.00                    41.00        1.650000e+05                 NaN           165000.0           165000.0   57.000000         NaN      57.00      57.00         1       0              0.0                 0.0         0.0         1.000000           100.000000
                 2 or more minority races      Female Not Hispanic or Latino           6    673333.333333    212830.135711        507500.0        750000.0                77.452167                13.787583                69.78600                82.77500                 45.000000                  2.645751                      NaN                      NaN        9.316667e+05        2.448401e+05           795000.0          1067500.0  225.833333  137.929571     138.00     223.50         6       0         242500.0            272500.0        85.5         1.000000           100.000000
                 2 or more minority races        Male     Hispanic or Latino           2    570000.000000     91923.881554        537500.0        602500.0                64.561000                 0.332340                64.44350                64.67850                 43.500000                  0.707107                    43.25                    43.75        8.850000e+05        1.414214e+05           835000.0           935000.0  139.000000   46.669048     122.50     155.50         2       0          65000.0            100000.0        33.0         1.000000           100.000000
                 2 or more minority races        Male Not Hispanic or Latino           2    235000.000000    240416.305603        150000.0        320000.0                54.880000                39.555553                40.89500                68.86500                 44.000000                       NaN                      NaN                      NaN        8.000000e+05        1.025305e+06           437500.0          1162500.0  108.500000   94.045202      75.25     141.75         2       0         170000.0            725000.0        66.5         1.000000           100.000000
         American Indian or Alaska Native      Female     Hispanic or Latino           6    373333.333333    124646.165872        335000.0        457500.0                79.552333                22.580057                65.87000                96.25000                 44.000000                  2.549510                      NaN                      NaN        4.916667e+05        1.270695e+05           402500.0           582500.0  103.000000   23.958297      95.00     120.50         6       0         122500.0            180000.0        25.5         1.000000           100.000000
         American Indian or Alaska Native      Female Not Hispanic or Latino           7    513571.428571    144502.430363        460000.0        600000.0                73.942143                27.037328                58.49500                93.30250                 42.500000                  6.952218                      NaN                      NaN        8.492857e+05        5.287677e+05           565000.0           975000.0  193.000000  171.517735     108.50     216.00         6       1         140000.0            410000.0       107.5         0.857143            85.714286
         American Indian or Alaska Native        Male     Hispanic or Latino           9    441666.666667    210594.396887        345000.0        505000.0                79.986889                15.398061                80.00000                88.98000                 42.428571                  4.577377                      NaN                      NaN        5.638889e+05        2.821544e+05           395000.0           625000.0  170.444444  135.724087      81.00     185.00         8       1         160000.0            230000.0       104.0         0.888889            88.888889
         American Indian or Alaska Native        Male Not Hispanic or Latino           4    422500.000000    185000.000000        380000.0        522500.0                49.378750                23.796208                36.98075                50.81050                 47.000000                  2.828427                      NaN                      NaN        1.492500e+06        1.161848e+06          1045000.0          1842500.0  255.000000  278.375047      99.25     317.25         3       1         142500.0            797500.0       218.0         0.750000            75.000000
                                    Asian      Female     Hispanic or Latino           5    647000.000000    195371.441106        555000.0        665000.0                78.460000                16.826610                80.00000                86.84000                 44.666667                  2.516611                      NaN                      NaN        8.550000e+05        2.906028e+05           595000.0          1095000.0  432.800000  420.048450     183.00     516.00         5       0         110000.0            500000.0       333.0         1.000000           100.000000
                                    Asian      Female Not Hispanic or Latino         243    572695.473251    235049.752646        405000.0        705000.0                72.575279                18.509450                61.91600                85.00000                 44.261307                  4.077787                      NaN                      NaN        8.448765e+05        4.782600e+05           580000.0           990000.0  189.506173  185.007468     120.00     206.00       231      12         300000.0            410000.0        86.0         0.950617            95.061728
                                    Asian        Male     Hispanic or Latino           9    632777.777778    230096.598072        455000.0        765000.0                82.886444                 8.634377                80.00000                90.00000                 41.000000                  3.405877                      NaN                      NaN        7.883333e+05        3.327161e+05           495000.0          1095000.0  180.000000   80.420768     123.00     231.00         8       1         310000.0            600000.0       108.0         0.888889            88.888889
                                    Asian        Male Not Hispanic or Latino         363    629738.292011    230711.427570        465000.0        765000.0                75.240399                16.380894                70.00000                85.00000                 43.477778                  4.108820                      NaN                      NaN        8.819697e+05        3.852490e+05           610000.0          1075000.0  204.066116  119.470545     140.00     241.00       339      24         300000.0            465000.0       101.0         0.933884            93.388430
                Black or African American      Female     Hispanic or Latino           1    265000.000000              NaN        265000.0        265000.0                97.000000                      NaN                97.00000                97.00000                 44.000000                       NaN                    44.00                    44.00        2.750000e+05                 NaN           275000.0           275000.0   73.000000         NaN      73.00      73.00         0       1              0.0                 0.0         0.0         0.000000             0.000000
                Black or African American      Female Not Hispanic or Latino          40    530000.000000    231051.109897        375000.0        657500.0                86.249175                12.860028                80.00000                95.00000                 45.000000                  3.787457                      NaN                      NaN        6.415000e+05        2.940308e+05           497500.0           767500.0  163.425000  102.206399     102.25     178.75        34       6         282500.0            270000.0        76.5         0.850000            85.000000
                Black or African American        Male     Hispanic or Latino           1    405000.000000              NaN        405000.0        405000.0                88.013000                      NaN                88.01300                88.01300                 45.000000                       NaN                    45.00                    45.00        4.550000e+05                 NaN           455000.0           455000.0   92.000000         NaN      92.00      92.00         1       0              0.0                 0.0         0.0         1.000000           100.000000
                Black or African American        Male Not Hispanic or Latino          38    580526.315789    219405.799135        407500.0        740000.0                84.656947                13.048351                80.00000                94.37825                 43.400000                  4.753220                      NaN                      NaN        7.042105e+05        2.665230e+05           485000.0           870000.0  203.289474  119.759197     125.00     270.00        35       3         332500.0            385000.0       145.0         0.921053            92.105263
Native Hawaiian or Other Pacific Islander      Female Not Hispanic or Latino           1    685000.000000              NaN        685000.0        685000.0                79.999000                      NaN                79.99900                79.99900                       NaN                       NaN                      NaN                      NaN        8.550000e+05                 NaN           855000.0           855000.0  296.000000         NaN     296.00     296.00         1       0              0.0                 0.0         0.0         1.000000           100.000000
Native Hawaiian or Other Pacific Islander        Male     Hispanic or Latino           1    765000.000000              NaN        765000.0        765000.0                57.000000                      NaN                57.00000                57.00000                 45.000000                       NaN                    45.00                    45.00        1.355000e+06                 NaN          1355000.0          1355000.0  186.000000         NaN     186.00     186.00         1       0              0.0                 0.0         0.0         1.000000           100.000000
Native Hawaiian or Other Pacific Islander        Male Not Hispanic or Latino           2    260000.000000     49497.474683        242500.0        277500.0                95.419500                 0.820951                95.12925                95.70975                 42.000000                  7.071068                    39.50                    44.50        2.750000e+05        5.656854e+04           255000.0           295000.0   86.500000   43.133514      71.25     101.75         2       0          35000.0             40000.0        30.5         1.000000           100.000000
                                    White      Female     Hispanic or Latino         161    405310.559006    172791.139675        285000.0        515000.0                82.585834                16.750644                75.00000                95.00000                 44.284615                  4.096197                      NaN                      NaN        5.133230e+05        2.289712e+05           355000.0           645000.0  125.211180   88.414253      78.00     142.00       144      17         230000.0            290000.0        64.0         0.894410            89.440994
                                    White      Female Not Hispanic or Latino         349    474169.054441    225581.362757        315000.0        605000.0                71.230062                21.084318                60.00000                87.90800                 44.080321                  3.964761                      NaN                      NaN        7.190115e+05        3.964526e+05           465000.0           875000.0  172.865330  156.334161      99.00     197.00       329      20         290000.0            410000.0        98.0         0.942693            94.269341
                                    White        Male     Hispanic or Latino         274    482554.744526    214620.046574        325000.0        632500.0                82.001117                16.404358                76.93625                95.00000                 44.080402                  4.061841                      NaN                      NaN        6.065328e+05        2.522032e+05           435000.0           745000.0  174.193431  179.750690      94.25     184.75       249      25         307500.0            310000.0        90.5         0.908759            90.875912
                                    White        Male Not Hispanic or Latino         475    552515.789474    249905.757053        365000.0        725000.0                74.770232                18.539114                65.22900                89.18100                 43.470395                  4.045016                      NaN                      NaN        7.949158e+05        4.580388e+05           495000.0           965000.0  215.842105  232.666460     116.00     248.50       440      35         360000.0            470000.0       132.5         0.926316            92.631579