                             derived_race derived_sex      derived_ethnicity  total_apps  avg_loan_amount  std_loan_amount  Q1_loan_amount  Q3_loan_amount  avg_loan_to_value_ratio  std_loan_to_value_ratio  Q1_loan_to_value_ratio  Q3_loan_to_value_ratio  avg_debt_to_income_ratio  std_debt_to_income_ratio  Q1_debt_to_income_ratio  Q3_debt_to_income_ratio  avg_property_value  std_property_value  Q1_property_value  Q3_property_value  avg_income  std_income  Q1_income  Q3_income  accepted  denied  iqr_loan_amount  iqr_property_value  iqr_income  acceptance_rate  acceptance_rate_pct
                 2 or more minority races      Female     Hispanic or Latino           1    585000.000000              NaN        585000.0        585000.0                97.000000                      NaN                97.00000                 97.0000                 38.000000                       NaN                    38.00                    38.00        6.050000e+05                 NaN           605000.0           605000.0  195.000000         NaN     195.00     195.00         1       0              0.0                 0.0        0.00         1.000000           100.000000
                 2 or more minority races      Female Not Hispanic or Latino           5    545000.000000    336377.763831        305000.0        755000.0                77.623000                15.796333                78.14400                 89.0000                 47.800000                  1.095445                    48.00                    48.00        7.130000e+05       349885.695621           385000.0           955000.0  147.400000   79.421660      88.00     225.00         5       0         450000.0            570000.0      137.00         1.000000           100.000000
                 2 or more minority races        Male Not Hispanic or Latino           2    915000.000000    127279.220614        870000.0        960000.0                81.409000                 9.321082                78.11350                 84.7045                 46.500000                  2.121320                    45.75                    47.25        1.130000e+06        35355.339059          1117500.0          1142500.0  236.500000   98.287843     201.75     271.25         2       0          90000.0             25000.0       69.50         1.000000           100.000000
         American Indian or Alaska Native      Female     Hispanic or Latino           9    561666.666667    433560.837715        305000.0        625000.0                62.772111                23.390978                60.00000                 80.0000                 43.500000                  4.135215                      NaN                      NaN        9.005556e+05       658295.357554           595000.0           815000.0  127.555556   56.303000      86.00     177.00         7       2         320000.0            220000.0       91.00         0.777778            77.777778
         American Indian or Alaska Native      Female Not Hispanic or Latino           4    452500.000000    219146.070008        327500.0        530000.0                69.816750                15.892692                60.70025                 81.2500                 47.000000                       NaN                      NaN                      NaN        7.150000e+05       530722.777603           427500.0           777500.0  271.750000  191.043407     177.50     346.25         4       0         202500.0            350000.0      168.75         1.000000           100.000000
         American Indian or Alaska Native        Male     Hispanic or Latino          14    379285.714286    183291.037412        220000.0        452500.0                79.571214                15.239350                80.00000                 88.8050                 43.600000                  2.366432                      NaN                      NaN        4.800000e+05       205192.217576           412500.0           562500.0  131.214286   45.728595      89.75     178.50        11       3         232500.0            150000.0       88.75         0.785714            78.571429
         American Indian or Alaska Native        Male Not Hispanic or Latino           3    398333.333333    310214.979221        240000.0        550000.0                60.561667                32.472318                42.34250                 73.5000                 43.000000                       NaN                      NaN                      NaN        6.816667e+05       468223.593311           465000.0           930000.0  115.000000   58.077534      81.50     133.00         2       1         310000.0            465000.0       51.50         0.666667            66.666667
                                    Asian      Female     Hispanic or Latino           4    370000.000000     65574.385243        315000.0        415000.0                87.222750                 9.171321                79.97275                 92.2500                 46.333333                  4.618802                      NaN                      NaN        4.550000e+05        77459.666924           415000.0           475000.0   95.000000   33.256578      71.50     110.00         4       0         100000.0             60000.0       38.50         1.000000           100.000000
                                    Asian      Female Not Hispanic or Latino         213    562793.427230    213844.668000        415000.0        675000.0                73.509066                19.341164                65.13300                 89.9880                 43.602649                  3.959932                      NaN                      NaN        8.404930e+05       398100.876328           585000.0          1005000.0  176.896714   98.685314     124.00     201.00       197      16         260000.0            420000.0       77.00         0.924883            92.488263
                                    Asian        Male     Hispanic or Latino          11    594090.909091    139674.947321        545000.0        665000.0                83.024727                 5.096599                80.00000                 84.1410                 45.142857                  4.450789                      NaN                      NaN        7.240909e+05       157063.970754           670000.0           755000.0  340.636364  276.121449     209.00     321.50        11       0         120000.0             85000.0      112.50         1.000000           100.000000
                                    Asian        Male Not Hispanic or Latino         349    601848.137536    235995.890229        425000.0        735000.0                73.585741                17.402990                68.25300                 80.0000                 43.601562                  4.122325                      NaN                      NaN        8.615903e+05       380752.591130           575000.0          1045000.0  200.444126  154.914123     120.00     230.00       308      41         310000.0            470000.0      110.00         0.882521            88.252149
                Black or African American      Female     Hispanic or Latino           3    385000.000000    117898.261226        335000.0        450000.0                67.852000                44.561303                53.27800                 93.5000                 38.666667                  1.527525                    38.00                    39.50        8.250000e+05       591945.943478           485000.0          1025000.0  145.000000   18.681542     136.50     155.00         3       0         115000.0            540000.0       18.50         1.000000           100.000000
                Black or African American      Female Not Hispanic or Latino          46    442608.695652    203318.958865        337500.0        562500.0                80.092457                20.848159                73.23275                 95.0000                 45.060606                  3.630938                      NaN                      NaN        6.256522e+05       244680.310009           455000.0           752500.0  143.195652   79.151506      92.00     164.00        38       8         225000.0            297500.0       72.00         0.826087            82.608696
                Black or African American        Male     Hispanic or Latino           5    667000.000000    102567.051240        575000.0        735000.0                88.816600                 8.809922                80.00000                 94.1110                 46.000000                  1.732051                      NaN                      NaN        7.570000e+05       119457.105272           695000.0           845000.0  163.400000   37.872153     142.00     187.00         4       1         160000.0            150000.0       45.00         0.800000            80.000000
                Black or African American        Male Not Hispanic or Latino          39    473717.948718    217669.226208        315000.0        635000.0                77.816051                25.571502                69.63700                 95.0000                 45.071429                  3.620196                      NaN                      NaN        6.711538e+05       392559.853865           460000.0           745000.0  210.282051  328.787721      90.50     175.00        36       3         320000.0            285000.0       84.50         0.923077            92.307692
Native Hawaiian or Other Pacific Islander      Female Not Hispanic or Latino           4    715000.000000    431508.980208        475000.0       1010000.0                66.615000                12.472619                62.34500                 72.5000                 40.500000                  4.949747                      NaN                      NaN        1.117500e+06       555660.267910           955000.0          1337500.0  176.000000  173.291662      44.75     299.75         3       1         535000.0            382500.0      255.00         0.750000            75.000000
Native Hawaiian or Other Pacific Islander        Male     Hispanic or Latino           3    411666.666667    125033.328890        350000.0        475000.0                94.087667                 3.726230                92.49500                 96.1365                 45.000000                  6.928203                    43.00                    49.00        4.416667e+05       120554.275467           385000.0           505000.0  100.333333   20.231988      94.00     112.00         3       0         125000.0            120000.0       18.00         1.000000           100.000000
Native Hawaiian or Other Pacific Islander        Male Not Hispanic or Latino           2    750000.000000     35355.339059        737500.0        762500.0                84.000000                15.556349                78.50000                 89.5000                 43.500000                  2.121320                    42.75                    44.25        9.150000e+05       212132.034356           840000.0           990000.0  194.500000   54.447222     175.25     213.75         2       0          25000.0            150000.0       38.50         1.000000           100.000000
                                    White      Female     Hispanic or Latino         164    436097.560976    187737.619396        305000.0        537500.0                80.590665                20.122494                75.33000                 95.0000                 44.558621                  4.060097                      NaN                      NaN        5.762805e+05       264341.189379           412500.0           707500.0  126.829268   70.562908      81.00     155.25       154      10         232500.0            295000.0       74.25         0.939024            93.902439
                                    White      Female Not Hispanic or Latino         374    472352.941176    214054.936522        315000.0        595000.0                71.609864                20.002374                59.02275                 85.4050                 43.836957                  3.939388                      NaN                      NaN        6.900802e+05       314242.557540           495000.0           855000.0  163.596257  100.575476      98.50     201.75       358      16         280000.0            360000.0      103.25         0.957219            95.721925
                                    White        Male     Hispanic or Latino         262    452557.251908    206622.507715        307500.0        575000.0                82.841427                15.087729                80.00000                 95.0000                 44.345745                  3.790310                      NaN                      NaN        5.720229e+05       287361.346626           395000.0           720000.0  151.347328  122.897075      86.00     172.00       234      28         267500.0            325000.0       86.00         0.893130            89.312977
                                    White        Male Not Hispanic or Latino         483    563612.836439    250111.056662        375000.0        730000.0                75.873936                17.008971                68.87500                 89.8240                 43.362275                  3.976343                      NaN                      NaN        7.795342e+05       410477.331153           505000.0           955000.0  200.527950  133.950898     116.00     240.00       450      33         355000.0            450000.0      124.00         0.931677            93.167702