                             derived_race derived_sex      derived_ethnicity  total_apps  avg_loan_amount  std_loan_amount  Q1_loan_amount  Q3_loan_amount  avg_loan_to_value_ratio  std_loan_to_value_ratio  Q1_loan_to_value_ratio  Q3_loan_to_value_ratio  avg_debt_to_income_ratio  std_debt_to_income_ratio  Q1_debt_to_income_ratio  Q3_debt_to_income_ratio  avg_property_value  std_property_value  Q1_property_value  Q3_property_value  avg_income  std_income  Q1_income  Q3_income  accepted  denied  iqr_loan_amount  iqr_property_value  iqr_income  acceptance_rate  acceptance_rate_pct
                 2 or more minority races      Female Not Hispanic or Latino           1    375000.000000              NaN        375000.0        375000.0                80.000000                      NaN                80.00000                80.00000                 40.000000                       NaN                     40.0                     40.0       465000.000000                 NaN           465000.0           465000.0  121.000000         NaN     121.00     121.00         1       0              0.0                 0.0        0.00         1.000000           100.000000
                 2 or more minority races        Male     Hispanic or Latino           1     55000.000000              NaN         55000.0         55000.0                76.370000                      NaN                76.37000                76.37000                 37.000000                       NaN                     37.0                     37.0        65000.000000                 NaN            65000.0            65000.0   40.000000         NaN      40.00      40.00         1       0              0.0                 0.0        0.00         1.000000           100.000000
                 2 or more minority races        Male Not Hispanic or Latino           4    455000.000000    221960.957528        287500.0        607500.0                74.691750                21.016820                70.94175                86.25000                 45.000000                  3.000000                      NaN                      NaN       597500.000000       188745.860882           497500.0           685000.0  132.250000   38.404644     112.75     150.00         4       0         320000.0            187500.0       37.25         1.000000           100.000000
         American Indian or Alaska Native      Female     Hispanic or Latino           9    413888.888889    100554.020860        345000.0        475000.0                83.999111                18.126265                70.00000               100.00000                 46.500000                  1.643168                      NaN                      NaN       550555.555556       143275.182002           435000.0           645000.0  124.333333   40.367066      89.00     153.00         8       1         130000.0            210000.0       64.00         0.888889            88.888889
         American Indian or Alaska Native      Female Not Hispanic or Latino           6    405000.000000    168285.471744        302500.0        477500.0                82.866667                17.435558                80.32500                93.72500                 43.250000                  5.500000                      NaN                      NaN       513333.333333       249753.211524           337500.0           647500.0  193.666667  181.038854      83.00     203.00         6       0         175000.0            310000.0      120.00         1.000000           100.000000
         American Indian or Alaska Native        Male     Hispanic or Latino          15    452333.333333    200302.152712        335000.0        580000.0                80.180200                18.548653                78.04350                95.00000                 42.600000                  4.929503                      NaN                      NaN       643000.000000       509890.744600           400000.0           745000.0  173.800000   95.873577     117.00     187.00         9       6         245000.0            345000.0       70.00         0.600000            60.000000
         American Indian or Alaska Native        Male Not Hispanic or Latino           5    447000.000000    293035.833986        245000.0        675000.0                78.185600                27.118264                80.00000                95.00000                 46.666667                  2.516611                      NaN                      NaN       559000.000000       261686.835741           405000.0           715000.0  224.000000  184.764715      61.00     267.00         5       0         430000.0            310000.0      206.00         1.000000           100.000000
                                    Asian      Female     Hispanic or Latino           2    615000.000000     70710.678119        590000.0        640000.0                81.500000                 2.121320                80.75000                82.25000                 46.000000                  2.828427                     45.0                     47.0       755000.000000        70710.678119           730000.0           780000.0  131.500000   19.091883     124.75     138.25         2       0          50000.0             50000.0       13.50         1.000000           100.000000
                                    Asian      Female Not Hispanic or Latino         234    552777.777778    229930.428407        395000.0        675000.0                74.672158                16.936607                67.97750                85.75000                 44.572289                  3.800026                      NaN                      NaN       781153.846154       453373.328915           555000.0           885000.0  176.367521  161.059427     112.25     209.75       215      19         280000.0            330000.0       97.50         0.918803            91.880342
                                    Asian        Male     Hispanic or Latino           9    502777.777778    246108.602947        365000.0        505000.0                84.377000                10.681087                80.00000                91.78100                 43.875000                  3.482097                      NaN                      NaN       639444.444444       445929.117437           385000.0           625000.0  138.222222   55.337098     100.00     175.00         9       0         140000.0            240000.0       75.00         1.000000           100.000000
                                    Asian        Male Not Hispanic or Latino         348    649166.666667    223537.567734        475000.0        767500.0                72.727235                16.981976                65.38775                80.00000                 43.731405                  4.111285                      NaN                      NaN       951465.517241       439156.095958           665000.0          1185000.0  228.163793  375.094653     137.75     247.75       320      28         292500.0            520000.0      110.00         0.919540            91.954023
                Black or African American      Female     Hispanic or Latino           5    411000.000000    254813.657405        235000.0        565000.0                85.551400                27.726728                90.00000               102.00000                 46.000000                  5.196152                      NaN                      NaN       551000.000000       288409.431191           265000.0           815000.0  129.200000   83.577509      72.00     170.00         4       1         330000.0            550000.0       98.00         0.800000            80.000000
                Black or African American      Female Not Hispanic or Latino          48    498958.333333    199421.926101        365000.0        605000.0                85.047354                15.743068                80.00000                95.00000                 44.718750                  3.647663                      NaN                      NaN       613750.000000       268198.283270           442500.0           777500.0  161.479167   84.231947     104.75     195.50        41       7         240000.0            335000.0       90.75         0.854167            85.416667
                Black or African American        Male     Hispanic or Latino           3    345000.000000     85440.037453        305000.0        390000.0                82.290000                23.767463                74.93500                96.00000                 44.500000                  2.121320                      NaN                      NaN       465000.000000       195192.212959           370000.0           565000.0  168.666667   85.780728     129.50     214.50         2       1          85000.0            195000.0       85.00         0.666667            66.666667
                Black or African American        Male Not Hispanic or Latino          42    535714.285714    237716.708394        377500.0        702500.0                77.825881                19.721258                67.06650                94.15825                 44.862069                  3.758078                      NaN                      NaN       725238.095238       374794.175029           495000.0           775000.0  370.833333 1141.034552     103.00     226.75        37       5         325000.0            280000.0      123.75         0.880952            88.095238
Native Hawaiian or Other Pacific Islander        Male     Hispanic or Latino           2    380000.000000    134350.288425        332500.0        427500.0                76.000000                26.870058                66.50000                85.50000                 49.000000                       NaN                      NaN                      NaN       570000.000000       360624.458405           442500.0           697500.0  337.500000  368.402633     207.25     467.75         2       0          95000.0            255000.0      260.50         1.000000           100.000000
Native Hawaiian or Other Pacific Islander        Male Not Hispanic or Latino           6    493333.333333    151448.561124        402500.0        540000.0                78.511333                12.857599                73.17950                87.50000                 45.833333                  5.192944                     45.0                     49.0       646666.666667       238278.548482           485000.0           742500.0  138.000000   49.594355     114.25     145.00         6       0         137500.0            257500.0       30.75         1.000000           100.000000
                                    White      Female     Hispanic or Latino         165    410757.575758    195445.555750        265000.0        505000.0                83.035952                14.938133                80.00000                95.00000                 43.543307                  4.066424                      NaN                      NaN       512212.121212       235319.160226           335000.0           635000.0  125.945455   74.159293      78.00     162.00       142      23         240000.0            300000.0       84.00         0.860606            86.060606
                                    White      Female Not Hispanic or Latino         328    463597.560976    247083.012200        305000.0        595000.0                69.554969                22.454037                53.84600                85.44175                 44.056075                  4.077493                      NaN                      NaN       716006.097561       397561.250595           465000.0           855000.0  164.621951  109.555637      94.75     202.25       304      24         290000.0            390000.0      107.50         0.926829            92.682927
                                    White        Male     Hispanic or Latino         272    460514.705882    208432.278074        315000.0        605000.0                82.052632                17.781882                79.86800                95.00000                 44.025641                  3.796955                      NaN                      NaN       586985.294118       267074.681301           415000.0           757500.0  159.602941  141.000368      90.00     174.25       243      29         290000.0            342500.0       84.25         0.893382            89.338235
                                    White        Male Not Hispanic or Latino         495    555121.212121    254342.817234        365000.0        715000.0                72.586665                20.038843                60.07500                86.33350                 43.471125                  3.992361                      NaN                      NaN       819484.848485       464463.130145           520000.0           995000.0  212.280808  208.634620     116.00     245.50       470      25         350000.0            475000.0      129.50         0.949495            94.949495