                             derived_race derived_sex      derived_ethnicity  total_apps  avg_loan_amount  std_loan_amount  Q1_loan_amount  Q3_loan_amount  avg_loan_to_value_ratio  std_loan_to_value_ratio  Q1_loan_to_value_ratio  Q3_loan_to_value_ratio  avg_debt_to_income_ratio  std_debt_to_income_ratio  Q1_debt_to_income_ratio  Q3_debt_to_income_ratio  avg_property_value  std_property_value  Q1_property_value  Q3_property_value  avg_income  std_income  Q1_income  Q3_income  accepted  denied  iqr_loan_amount  iqr_property_value  iqr_income  acceptance_rate  acceptance_rate_pct
                 2 or more minority races      Female Not Hispanic or Latino           2    720000.000000    445477.272148        562500.0        877500.0                90.000000                14.142136                85.00000                95.00000                 44.500000                  3.535534                    43.25                    45.75       860000.000000       615182.899632           642500.0          1077500.0  294.000000  281.428499     194.50     393.50         2       0         315000.0            435000.0      199.00         1.000000           100.000000
                 2 or more minority races        Male Not Hispanic or Latino           1    505000.000000              NaN        505000.0        505000.0                80.000000                      NaN                80.00000                80.00000                 47.000000                       NaN                    47.00                    47.00       625000.000000                 NaN           625000.0           625000.0  340.000000         NaN     340.00     340.00         0       1              0.0                 0.0        0.00         0.000000             0.000000
         American Indian or Alaska Native      Female     Hispanic or Latino           4    592500.000000    385173.121250        342500.0        710000.0                83.541750                 7.648920                79.79175                83.75000                 49.000000                  0.000000                      NaN                      NaN       725000.000000       504579.032462           375000.0           890000.0  178.000000   84.786005     141.50     204.00         4       0         367500.0            515000.0       62.50         1.000000           100.000000
         American Indian or Alaska Native      Female Not Hispanic or Latino           3    458333.333333     90184.995056        415000.0        505000.0                90.117000                19.659761                80.25800                99.91750                 41.000000                  5.656854                      NaN                      NaN       535000.000000       175783.958312           470000.0           635000.0  153.666667   42.122836     135.00     176.50         2       1          90000.0            165000.0       41.50         0.666667            66.666667
         American Indian or Alaska Native        Male     Hispanic or Latino           6    430000.000000     99146.356464        350000.0        495000.0               102.364500                27.033811                89.98650               100.56250                 42.600000                  1.673320                      NaN                      NaN       446666.666667       170460.161524           305000.0           552500.0  188.833333  164.720875     111.00     147.75         5       1         145000.0            247500.0       36.75         0.833333            83.333333
         American Indian or Alaska Native        Male Not Hispanic or Latino           4    160000.000000     82663.978451         97500.0        222500.0                82.317500                33.682190                79.25000               100.56750                 46.250000                  3.201562                    43.75                    49.00       375000.000000       293371.209676           197500.0           477500.0   48.500000   20.856654      32.00      63.00         4       0         125000.0            280000.0       31.00         1.000000           100.000000
                                    Asian      Female     Hispanic or Latino           5    303000.000000    199549.492608        205000.0        445000.0                79.561800                30.014083                80.00000                92.31000                 44.750000                  3.862210                      NaN                      NaN       439000.000000       259480.249730           395000.0           615000.0   85.800000   28.039258      65.00     110.00         4       1         240000.0            220000.0       45.00         0.800000            80.000000
                                    Asian      Female Not Hispanic or Latino         199    600427.135678    219576.482769        445000.0        745000.0                73.524231                16.875190                65.84050                85.00000                 43.782313                  3.933553                      NaN                      NaN       849874.371859       327364.528688           610000.0          1020000.0  179.974874   92.115729     126.50     215.00       183      16         300000.0            410000.0       88.50         0.919598            91.959799
                                    Asian        Male     Hispanic or Latino           8    570000.000000    208737.702803        442500.0        765000.0                77.960250                12.097310                79.02250                80.00000                 44.833333                  5.036533                      NaN                      NaN       731250.000000       242424.509605           580000.0           957500.0  169.750000   80.307890     103.00     229.25         8       0         322500.0            377500.0      126.25         1.000000           100.000000
                                    Asian        Male Not Hispanic or Latino         386    637849.740933    235826.621791        475000.0        765000.0                74.282560                16.780373                69.87250                81.95575                 43.613793                  3.955962                      NaN                      NaN       912227.979275       408664.387556           645000.0          1105000.0  205.033679  115.946703     135.25     239.50       367      19         290000.0            460000.0      104.25         0.950777            95.077720
                Black or African American      Female     Hispanic or Latino           3    571666.666667    127410.099024        530000.0        645000.0                90.765333                11.173194                84.99500                96.14800                 47.666667                  2.309401                    47.00                    49.00       788333.333333        65064.070986           755000.0           820000.0  183.666667  100.201464     126.00     216.50         3       0         115000.0             65000.0       90.50         1.000000           100.000000
                Black or African American      Female Not Hispanic or Latino          45    545222.222222    188854.066903        425000.0        675000.0               130.389333               294.267441                80.00000                95.00000                 44.297297                  3.762866                      NaN                      NaN       655444.444444       254021.791796           495000.0           825000.0  154.044444   62.830564     107.00     189.00        40       5         250000.0            330000.0       82.00         0.888889            88.888889
                Black or African American        Male     Hispanic or Latino           5    617000.000000    216494.803633        425000.0        685000.0                87.000000                 8.631338                80.00000                95.00000                 45.750000                  1.892969                      NaN                      NaN       741000.000000       314292.857062           475000.0           845000.0  167.200000   51.484949     130.00     182.00         5       0         260000.0            370000.0       52.00         1.000000           100.000000
                Black or African American        Male Not Hispanic or Latino          24    542916.666667    202269.281699        430000.0        685000.0                82.167333                12.939438                79.02000                95.00000                 45.125000                  2.578759                      NaN                      NaN       762916.666667       438257.212214           592500.0           800000.0  191.625000  124.456318     104.50     283.75        18       6         255000.0            207500.0      179.25         0.750000            75.000000
Native Hawaiian or Other Pacific Islander      Female     Hispanic or Latino           1    335000.000000              NaN        335000.0        335000.0                90.000000                      NaN                90.00000                90.00000                 49.000000                       NaN                    49.00                    49.00       365000.000000                 NaN           365000.0           365000.0  143.000000         NaN     143.00     143.00         1       0              0.0                 0.0        0.00         1.000000           100.000000
Native Hawaiian or Other Pacific Islander      Female Not Hispanic or Latino           1    205000.000000              NaN        205000.0        205000.0                35.720000                      NaN                35.72000                35.72000                       NaN                       NaN                      NaN                      NaN       565000.000000                 NaN           565000.0           565000.0  117.000000         NaN     117.00     117.00         1       0              0.0                 0.0        0.00         1.000000           100.000000
Native Hawaiian or Other Pacific Islander        Male     Hispanic or Latino           2    380000.000000    134350.288425        332500.0        427500.0                94.000000                 1.414214                93.50000                94.50000                 49.000000                       NaN                      NaN                      NaN       410000.000000       134350.288425           362500.0           457500.0   95.500000   26.162951      86.25     104.75         1       1          95000.0             95000.0       18.50         0.500000            50.000000
Native Hawaiian or Other Pacific Islander        Male Not Hispanic or Latino           3    491666.666667    106926.766216        430000.0        525000.0                76.301333                15.874521                69.45200                85.00000                 42.500000                  9.192388                      NaN                      NaN       655000.000000       165227.116419           600000.0           750000.0  192.666667   67.928884     153.50     214.00         3       0          95000.0            150000.0       60.50         1.000000           100.000000
                                    White      Female     Hispanic or Latino         171    456169.590643    186044.999014        315000.0        585000.0                82.022392                16.591704                75.00000                95.00000                 44.059259                  4.263281                      NaN                      NaN       579385.964912       254095.981475           400000.0           715000.0  145.210526  120.013392      83.00     163.00       159      12         270000.0            315000.0       80.00         0.929825            92.982456
                                    White      Female Not Hispanic or Latino         374    460026.737968    246609.990103        285000.0        605000.0                69.570687                22.002551                53.52000                85.00000                 44.255639                  3.982327                      NaN                      NaN       705000.000000       395845.042393           455000.0           875000.0  158.058824  110.429708      88.25     196.00       348      26         320000.0            420000.0      107.75         0.930481            93.048128
                                    White        Male     Hispanic or Latino         273    459871.794872    211736.695818        315000.0        605000.0                82.293432                15.528275                79.98300                95.00000                 44.611940                  3.761470                      NaN                      NaN       588736.263736       292922.576921           395000.0           725000.0  167.424908  170.170230      85.00     182.00       239      34         290000.0            330000.0       97.00         0.875458            87.545788
                                    White        Male Not Hispanic or Latino         480    544291.666667    261540.957752        345000.0        725000.0                74.364431                18.933721                66.63525                89.00000                 43.272727                  4.363239                      NaN                      NaN       764125.000000       378736.589157           492500.0           957500.0  197.420833  226.575500     112.75     231.25       452      28         380000.0            465000.0      118.50         0.941667            94.166667