                             derived_race derived_sex      derived_ethnicity  total_apps  avg_loan_amount  std_loan_amount  Q1_loan_amount  Q3_loan_amount  avg_loan_to_value_ratio  std_loan_to_value_ratio  Q1_loan_to_value_ratio  Q3_loan_to_value_ratio  avg_debt_to_income_ratio  std_debt_to_income_ratio  Q1_debt_to_income_ratio  Q3_debt_to_income_ratio  avg_property_value  std_property_value  Q1_property_value  Q3_property_value  avg_income  std_income  Q1_income  Q3_income  accepted  denied  iqr_loan_amount  iqr_property_value  iqr_income  acceptance_rate  acceptance_rate_pct
                 2 or more minority races      Female Not Hispanic or Latino           2    655000.000000    226274.169980        575000.0        735000.0                66.500000                12.020815                62.25000                70.75000                       NaN                       NaN                      NaN                      NaN       970000.000000       162634.559673           912500.0          1027500.0  112.000000   79.195959      84.00     140.00         1       1         160000.0            115000.0       56.00         0.500000            50.000000
                 2 or more minority races        Male Not Hispanic or Latino           4    522500.000000    152616.076043        402500.0        610000.0                76.997750                33.496729                74.22750                95.27025                 47.000000                  2.000000                      NaN                      NaN       832500.000000       480373.118870           582500.0           940000.0  149.250000   47.317192     126.75     180.00         3       1         207500.0            357500.0       53.25         0.750000            75.000000
         American Indian or Alaska Native      Female Not Hispanic or Latino           2    605000.000000     98994.949366        570000.0        640000.0                82.500000                17.677670                76.25000                88.75000                 49.000000                       NaN                      NaN                      NaN       765000.000000       282842.712475           665000.0           865000.0  202.500000   95.459415     168.75     236.25         2       0          70000.0            200000.0       67.50         1.000000           100.000000
         American Indian or Alaska Native        Male     Hispanic or Latino          15    460333.333333    186657.312691        320000.0        620000.0                76.978800                20.275543                74.03600                91.46150                 42.111111                  4.539946                      NaN                      NaN       637000.000000       277648.287278           445000.0           775000.0  204.400000  141.631211     118.50     221.50        15       0         300000.0            330000.0      103.00         1.000000           100.000000
         American Indian or Alaska Native        Male Not Hispanic or Latino           5    669000.000000     92357.999112        625000.0        695000.0                78.335200                13.966781                74.94000                84.59300                 44.000000                  3.464102                      NaN                      NaN       929000.000000       303693.924865           825000.0           995000.0  186.800000   23.015212     173.00     200.00         4       1          70000.0            170000.0       27.00         0.800000            80.000000
                                    Asian      Female     Hispanic or Latino           3    445000.000000     70000.000000        405000.0        470000.0                86.666667                 7.637626                82.50000                90.00000                 41.666667                  5.686241                    38.50                    44.00       515000.000000        91651.513899           465000.0           555000.0  131.333333   16.041613     123.00     139.00         3       0          65000.0             90000.0       16.00         1.000000           100.000000
                                    Asian      Female Not Hispanic or Latino         206    581796.116505    220220.349040        415000.0        722500.0                71.721363                18.049511                60.14075                80.00000                 44.355072                  4.032352                      NaN                      NaN       865097.087379       382834.091674           615000.0          1032500.0  188.383495  129.446301     122.25     224.75       191      15         307500.0            417500.0      102.50         0.927184            92.718447
                                    Asian        Male     Hispanic or Latino          13    526538.461538    251258.371464        395000.0        645000.0                85.347846                18.201464                89.99000                95.00000                 43.800000                  4.315347                      NaN                      NaN       642692.307692       321381.233795           495000.0           735000.0  153.769231   73.113102     105.00     155.00        13       0         250000.0            240000.0       50.00         1.000000           100.000000
                                    Asian        Male Not Hispanic or Latino         407    627235.872236    235293.891045        445000.0        765000.0                73.565415                17.291592                64.34050                85.00000                 43.401384                  4.176422                      NaN                      NaN       921953.316953       473304.654366           605000.0          1130000.0  198.685504  129.918597     129.00     241.00       378      29         320000.0            525000.0      112.00         0.928747            92.874693
                Black or African American      Female     Hispanic or Latino           2    415000.000000     70710.678119        390000.0        440000.0                92.500000                 3.535534                91.25000                93.75000                 46.500000                  2.121320                    45.75                    47.25       445000.000000        56568.542495           425000.0           465000.0  133.000000    1.414214     132.50     133.50         2       0          50000.0             40000.0        1.00         1.000000           100.000000
                Black or African American      Female Not Hispanic or Latino          47    485212.765957    177022.343980        370000.0        595000.0                85.302574                16.423873                80.00000                95.00000                 44.135135                  4.243702                      NaN                      NaN       614787.234043       199341.190596           460000.0           740000.0  159.382979  101.297786     104.50     182.50        44       3         225000.0            280000.0       78.00         0.936170            93.617021
                Black or African American        Male     Hispanic or Latino           7    530714.285714    168211.884524        430000.0        650000.0                80.725000                11.467536                79.03750                85.00000                 41.000000                  2.449490                      NaN                      NaN       682142.857143       305653.086887           520000.0           765000.0  149.571429   79.745130     102.00     163.50         6       1         220000.0            245000.0       61.50         0.857143            85.714286
                Black or African American        Male Not Hispanic or Latino          22    501818.181818    212118.259101        325000.0        637500.0                79.919409                17.519097                75.66000                93.00000                 43.375000                  3.896580                      NaN                      NaN       641363.636364       244648.347333           507500.0           800000.0  168.272727   97.918422     107.00     190.75        20       2         312500.0            292500.0       83.75         0.909091            90.909091
Native Hawaiian or Other Pacific Islander      Female Not Hispanic or Latino           4    455000.000000    198158.185969        322500.0        612500.0                91.187500                13.094807                80.00000               101.06250                 40.000000                  5.416026                    37.50                    40.50       550000.000000       270493.376382           370000.0           765000.0  137.750000   36.926729     107.50     167.25         3       1         290000.0            395000.0       59.75         0.750000            75.000000
Native Hawaiian or Other Pacific Islander        Male     Hispanic or Latino           2    325000.000000     28284.271247        315000.0        335000.0                90.000000                 0.000000                90.00000                90.00000                 47.000000                       NaN                      NaN                      NaN       365000.000000        28284.271247           355000.0           375000.0   93.500000   44.547727      77.75     109.25         1       1          20000.0             20000.0       31.50         0.500000            50.000000
Native Hawaiian or Other Pacific Islander        Male Not Hispanic or Latino           4    490000.000000    184119.526395        347500.0        602500.0                91.750000                 7.889867                91.25000                95.50000                 43.250000                  6.291529                    39.00                    48.25       530000.000000       181567.251085           417500.0           627500.0  117.500000   56.086243      79.50     141.50         4       0         255000.0            210000.0       62.00         1.000000           100.000000
                                    White      Female     Hispanic or Latino         174    440287.356322    171196.666007        345000.0        552500.0                81.048943                19.528608                75.00000                95.00000                 44.270073                  3.896649                      NaN                      NaN       573678.160920       232480.914463           415000.0           675000.0  141.890805   92.317651      85.50     167.25       160      14         207500.0            260000.0       81.75         0.919540            91.954023
                                    White      Female Not Hispanic or Latino         333    508153.153153    244828.371094        335000.0        665000.0                71.876426                20.396971                59.13300                89.00000                 43.799145                  4.053060                      NaN                      NaN       765000.000000       434768.322185           475000.0           925000.0  168.888889  143.790143     101.00     207.00       311      22         330000.0            450000.0      106.00         0.933934            93.393393
                                    White        Male     Hispanic or Latino         280    464428.571429    198701.055797        322500.0        595000.0                82.971493                15.223257                76.44275                95.00000                 44.163462                  3.985749                      NaN                      NaN       582535.714286       264572.419251           415000.0           715000.0  153.632143  178.212240      89.00     172.50       252      28         272500.0            300000.0       83.50         0.900000            90.000000
                                    White        Male Not Hispanic or Latino         468    562628.205128    250528.637264        365000.0        735000.0                74.767075                17.140410                66.82500                85.00000                 43.759197                  3.873270                      NaN                      NaN       785940.170940       389471.684998           505000.0           995000.0  217.006410  283.898091     114.75     252.25       439      29         370000.0            490000.0      137.50         0.938034            93.803419