                             derived_race derived_sex      derived_ethnicity  total_apps  avg_loan_amount  std_loan_amount  Q1_loan_amount  Q3_loan_amount  avg_loan_to_value_ratio  std_loan_to_value_ratio  Q1_loan_to_value_ratio  Q3_loan_to_value_ratio  avg_debt_to_income_ratio  std_debt_to_income_ratio  Q1_debt_to_income_ratio  Q3_debt_to_income_ratio  avg_property_value  std_property_value  Q1_property_value  Q3_property_value  avg_income  std_income  Q1_income  Q3_income  accepted  denied  iqr_loan_amount  iqr_property_value  iqr_income  acceptance_rate  acceptance_rate_pct
                 2 or more minority races      Female     Hispanic or Latino           4    485000.000000    204124.145232        322500.0        647500.0                88.535000                 9.999245                80.00000                 96.0350                 44.750000                  4.425306                    41.50                    48.25       642500.000000       225591.814272           520000.0           802500.0  136.000000   77.858847      88.25     163.25         4       0         325000.0            282500.0       75.00         1.000000           100.000000
                 2 or more minority races      Female Not Hispanic or Latino           4    410000.000000    157585.955381        285000.0        535000.0                83.750000                11.086779                77.50000                 91.2500                 43.666667                  1.527525                      NaN                      NaN       500000.000000       212524.508391           330000.0           635000.0  117.000000   50.787137      83.50     140.00         4       0         250000.0            305000.0       56.50         1.000000           100.000000
                 2 or more minority races        Male     Hispanic or Latino           1    375000.000000              NaN        375000.0        375000.0                75.000000                      NaN                75.00000                 75.0000                 36.000000                       NaN                    36.00                    36.00       505000.000000                 NaN           505000.0           505000.0  159.000000         NaN     159.00     159.00         1       0              0.0                 0.0        0.00         1.000000           100.000000
                 2 or more minority races        Male Not Hispanic or Latino           2    275000.000000    183847.763109        210000.0        340000.0                53.455000                37.540299                40.18250                 66.7275                 40.000000                       NaN                      NaN                      NaN       870000.000000       926309.883354           542500.0          1197500.0  109.000000   93.338095      76.00     142.00         2       0         130000.0            655000.0       66.00         1.000000           100.000000
         American Indian or Alaska Native      Female     Hispanic or Latino           7    403571.428571    163852.430704        315000.0        525000.0                77.118000                20.408533                78.52000                 86.5450                 44.800000                  3.563706                      NaN                      NaN       530714.285714       170768.570767           500000.0           630000.0  112.000000   25.781130     105.50     129.50         6       1         210000.0            130000.0       24.00         0.857143            85.714286
         American Indian or Alaska Native      Female Not Hispanic or Latino           5    443000.000000    202533.947772        325000.0        505000.0                63.870600                28.012816                50.00000                 80.0000                 39.000000                  2.828427                      NaN                      NaN       845000.000000       505568.986391           605000.0          1225000.0  160.600000   81.788141     105.00     195.00         5       0         180000.0            620000.0       90.00         1.000000           100.000000
         American Indian or Alaska Native        Male     Hispanic or Latino          10    396000.000000    156379.168832        297500.0        500000.0                81.347600                16.609858                80.00000                 93.7500                 44.166667                  3.125167                      NaN                      NaN       483000.000000       154545.929886           400000.0           602500.0  151.300000   61.696479     103.75     173.25        10       0         202500.0            202500.0       69.50         1.000000           100.000000
         American Indian or Alaska Native        Male Not Hispanic or Latino           8    535000.000000    145994.129040        417500.0        625000.0                86.498750                 7.615117                80.00000                 92.7500                 46.333333                  2.081666                      NaN                      NaN       627500.000000       202678.492763           507500.0           752500.0  266.625000  174.926056     159.00     309.75         7       1         207500.0            245000.0      150.75         0.875000            87.500000
                                    Asian      Female     Hispanic or Latino           6    481666.666667    108012.344973        442500.0        562500.0                81.791667                18.140426                74.96750                 96.0000                 45.000000                  2.449490                      NaN                      NaN       641666.666667       278112.686993           460000.0           765000.0  283.500000  416.981894     102.00     134.50         5       1         120000.0            305000.0       32.50         0.833333            83.333333
                                    Asian      Female Not Hispanic or Latino         223    584013.452915    225835.615091        425000.0        735000.0                71.572487                17.962189                63.81600                 80.0000                 43.975904                  4.221090                      NaN                      NaN       880470.852018       467131.969897           605000.0          1015000.0  188.174888  179.116478     121.00     220.00       209      14         310000.0            410000.0       99.00         0.937220            93.721973
                                    Asian        Male     Hispanic or Latino           9    586111.111111    223015.943625        455000.0        615000.0                77.644111                16.356598                63.96000                 89.9900                 43.857143                  3.184785                      NaN                      NaN       821666.666667       449972.221365           495000.0          1115000.0  186.333333   85.514619     128.00     224.00         9       0         160000.0            620000.0       96.00         1.000000           100.000000
                                    Asian        Male Not Hispanic or Latino         408    626421.568627    240512.227185        465000.0        765000.0                72.167740                18.289142                63.00000                 80.0000                 43.723183                  4.006009                      NaN                      NaN       927279.411765       442899.149221           645000.0          1155000.0  203.017157  166.810099     132.75     230.00       383      25         300000.0            510000.0       97.25         0.938725            93.872549
                Black or African American      Female     Hispanic or Latino           6    388333.333333    189490.545059        267500.0        465000.0                77.362333                24.625017                72.50000                 90.0000                 47.333333                  1.861899                    46.00                    49.00       531666.666667       258353.762633           407500.0           590000.0  118.000000   64.003125      79.00     124.25         5       1         197500.0            182500.0       45.25         0.833333            83.333333
                Black or African American      Female Not Hispanic or Latino          48    477500.000000    235141.424172        292500.0        690000.0                86.092083                14.924266                80.00000                 95.0000                 44.513514                  3.797818                      NaN                      NaN       570416.666667       249501.275598           365000.0           757500.0  152.208333   84.911207      78.00     207.00        41       7         397500.0            392500.0      129.00         0.854167            85.416667
                Black or African American        Male     Hispanic or Latino           3    711666.666667    119303.534454        670000.0        780000.0                94.703667                 5.026275                92.05550                 97.0555                 45.000000                  1.414214                      NaN                      NaN       758333.333333       158850.034099           710000.0           850000.0  141.333333   22.007574     130.50     152.50         2       1         110000.0            140000.0       22.00         0.666667            66.666667
                Black or African American        Male Not Hispanic or Latino          38    528684.210526    208669.155605        395000.0        660000.0                88.375868                12.467486                85.00000                 95.0000                 44.000000                  3.937004                      NaN                      NaN       646578.947368       223649.415752           500000.0           772500.0  214.210526  276.122393     113.25     215.75        32       6         265000.0            272500.0      102.50         0.842105            84.210526
Native Hawaiian or Other Pacific Islander      Female     Hispanic or Latino           3    378333.333333     70945.988846        340000.0        410000.0                66.010000                30.495086                55.51500                 83.5000                 47.333333                  0.577350                    47.00                    47.50       698333.333333       416333.199893           465000.0           865000.0  170.666667  150.380628      84.00     218.50         2       1          70000.0            400000.0      134.50         0.666667            66.666667
Native Hawaiian or Other Pacific Islander      Female Not Hispanic or Latino           1    495000.000000              NaN        495000.0        495000.0                68.531000                      NaN                68.53100                 68.5310                 43.000000                       NaN                    43.00                    43.00       715000.000000                 NaN           715000.0           715000.0  144.000000         NaN     144.00     144.00         1       0              0.0                 0.0        0.00         1.000000           100.000000
Native Hawaiian or Other Pacific Islander        Male     Hispanic or Latino           2    510000.000000    134350.288425        462500.0        557500.0                84.995000                 7.063997                82.49750                 87.4925                 41.500000                  6.363961                    39.25                    43.75       610000.000000       219203.102168           532500.0           687500.0  125.000000   19.798990     118.00     132.00         2       0          95000.0            155000.0       14.00         1.000000           100.000000
Native Hawaiian or Other Pacific Islander        Male Not Hispanic or Latino           2    400000.000000     63639.610307        377500.0        422500.0                68.510000                30.391449                57.76500                 79.2550                 38.000000                  2.828427                    37.00                    39.00       620000.000000       190918.830920           552500.0           687500.0  107.000000   14.142136     102.00     112.00         2       0          45000.0            135000.0       10.00         1.000000           100.000000
                                    White      Female     Hispanic or Latino         149    413523.489933    199717.286124        285000.0        515000.0                81.303047                17.677231                75.55600                 95.0000                 44.520661                  4.119262                      NaN                      NaN       540436.241611       242045.012626           405000.0           655000.0  131.966443   86.789931      84.00     154.00       134      15         230000.0            250000.0       70.00         0.899329            89.932886
                                    White      Female Not Hispanic or Latino         356    492191.011236    249643.074850        325000.0        647500.0                71.891806                20.571451                59.97175                 86.3425                 43.302789                  4.187117                      NaN                      NaN       718117.977528       375330.235982           482500.0           857500.0  170.039326  120.931193     102.00     205.00       327      29         322500.0            375000.0      103.00         0.918539            91.853933
                                    White        Male     Hispanic or Latino         248    490483.870968    227479.962507        335000.0        615000.0                83.358935                15.408452                80.00000                 95.0000                 44.542105                  3.967569                      NaN                      NaN       619475.806452       289906.671111           415000.0           745000.0  162.084677  158.772967      90.00     178.25       224      24         280000.0            330000.0       88.25         0.903226            90.322581
                                    White        Male Not Hispanic or Latino         457    540339.168490    255165.806212        345000.0        725000.0                73.534558                19.529232                63.64000                 89.9000                 43.538983                  4.017522                      NaN                      NaN       780207.877462       403223.864870           505000.0           965000.0  242.343545  528.167859     112.00     241.00       429      28         380000.0            460000.0      129.00         0.938731            93.873085