                             derived_race derived_sex      derived_ethnicity  total_apps  avg_loan_amount  std_loan_amount  Q1_loan_amount  Q3_loan_amount  avg_loan_to_value_ratio  std_loan_to_value_ratio  Q1_loan_to_value_ratio  Q3_loan_to_value_ratio  avg_debt_to_income_ratio  std_debt_to_income_ratio  Q1_debt_to_income_ratio  Q3_debt_to_income_ratio  avg_property_value  std_property_value  Q1_property_value  Q3_property_value  avg_income  std_income  Q1_income  Q3_income  accepted  denied  iqr_loan_amount  iqr_property_value  iqr_income  acceptance_rate  acceptance_rate_pct
                 2 or more minority races      Female Not Hispanic or Latino           3    365000.000000    300499.584026        195000.0        480000.0                55.549333                22.492748                43.32400                65.45500                 45.666667                  3.511885                     44.0                     47.5       691666.666667       592818.128378           350000.0           880000.0   97.666667   70.995305      60.00     130.50         3       0         285000.0            530000.0       70.50         1.000000           100.000000
                 2 or more minority races        Male     Hispanic or Latino           2    395000.000000     42426.406871        380000.0        410000.0                80.000000                 0.000000                80.00000                80.00000                       NaN                       NaN                      NaN                      NaN       495000.000000        56568.542495           475000.0           515000.0  159.500000   50.204581     141.75     177.25         2       0          30000.0             40000.0       35.50         1.000000           100.000000
                 2 or more minority races        Male Not Hispanic or Latino           2    495000.000000    197989.898732        425000.0        565000.0                64.632000                14.662566                59.44800                69.81600                 44.000000                       NaN                      NaN                      NaN       745000.000000       141421.356237           695000.0           795000.0  174.000000   93.338095     141.00     207.00         2       0         140000.0            100000.0       66.00         1.000000           100.000000
         American Indian or Alaska Native      Female     Hispanic or Latino           7    463571.428571    326467.383334        270000.0        535000.0                72.895143                31.913128                56.69300                95.00000                 46.166667                  3.710346                      NaN                      NaN       683571.428571       353620.727684           375000.0           955000.0  130.285714   84.086690      77.50     157.00         7       0         265000.0            580000.0       79.50         1.000000           100.000000
         American Indian or Alaska Native      Female Not Hispanic or Latino           3    618333.333333    254034.118443        545000.0        765000.0                65.846333                11.195399                62.61450                72.31000                 43.000000                  2.000000                     42.0                     44.0       911666.666667       265581.123827           835000.0          1065000.0  150.000000   51.961524     135.00     180.00         2       1         220000.0            230000.0       45.00         0.666667            66.666667
         American Indian or Alaska Native        Male     Hispanic or Latino          12    398333.333333    165382.934886        262500.0        537500.0                88.402667                 8.154210                83.75000                95.00000                 43.444444                  4.362084                      NaN                      NaN       445833.333333       173700.805113           325000.0           567500.0  122.500000   51.584882      79.75     135.00        11       1         275000.0            242500.0       55.25         0.916667            91.666667
         American Indian or Alaska Native        Male Not Hispanic or Latino           1    695000.000000              NaN        695000.0        695000.0                91.106000                      NaN                91.10600                91.10600                       NaN                       NaN                      NaN                      NaN       765000.000000                 NaN           765000.0           765000.0  223.000000         NaN     223.00     223.00         1       0              0.0                 0.0        0.00         1.000000           100.000000
                                    Asian      Female     Hispanic or Latino           5    565000.000000    236537.523450        395000.0        745000.0                88.671400                 8.685240                80.00000                95.00000                 47.000000                  2.828427                     45.0                     49.0       619000.000000       220748.725931           495000.0           785000.0  136.800000   59.166714      78.00     183.00         5       0         350000.0            290000.0      105.00         1.000000           100.000000
                                    Asian      Female Not Hispanic or Latino         232    584224.137931    222975.357721        420000.0        725000.0                74.460379                17.282468                65.17850                85.00000                 43.500000                  3.994007                      NaN                      NaN       834741.379310       350372.618489           575000.0          1017500.0  181.581897   93.732567     120.00     217.25       216      16         305000.0            442500.0       97.25         0.931034            93.103448
                                    Asian        Male     Hispanic or Latino          10    492000.000000    199669.170825        382500.0        580000.0                73.054300                24.624236                68.58325                89.98050                 44.833333                  4.750439                      NaN                      NaN       698000.000000       223410.434452           537500.0           797500.0  141.800000   71.704331      90.75     175.25         8       2         197500.0            260000.0       84.50         0.800000            80.000000
                                    Asian        Male Not Hispanic or Latino         353    640949.008499    244921.758623        475000.0        785000.0                72.828915                17.222665                62.82600                80.00000                 43.793103                  4.095414                      NaN                      NaN       929759.206799       404505.887320           655000.0          1135000.0  249.583569  741.189534     132.00     240.00       335      18         310000.0            480000.0      108.00         0.949008            94.900850
                Black or African American      Female     Hispanic or Latino           3    505000.000000    280000.000000        365000.0        645000.0                62.335000                23.119822                51.83250                74.72100                 42.500000                  9.192388                      NaN                      NaN       795000.000000       337786.915081           600000.0           895000.0  125.000000   23.430749     117.50     138.50         3       0         280000.0            295000.0       21.00         1.000000           100.000000
                Black or African American      Female Not Hispanic or Latino          54    542037.037037    243168.003339        365000.0        705000.0                88.843981                33.804123                80.00000                95.96825                 44.476190                  3.946212                      NaN                      NaN       688703.703704       310546.057692           497500.0           852500.0  168.537037   89.646415     102.25     221.75        45       9         340000.0            355000.0      119.50         0.833333            83.333333
                Black or African American        Male Not Hispanic or Latino          28    533928.571429    176977.489377        442500.0        627500.0                81.945714                13.543537                80.00000                94.34750                 44.571429                  3.682003                      NaN                      NaN       658214.285714       204650.624985           572500.0           715000.0  192.178571   99.994094     130.50     220.00        24       4         185000.0            142500.0       89.50         0.857143            85.714286
Native Hawaiian or Other Pacific Islander      Female Not Hispanic or Latino           4    525000.000000    143294.568401        415000.0        625000.0                66.807500                26.777532                52.49750                83.75000                 48.333333                  0.577350                      NaN                      NaN       930000.000000       588585.875921           662500.0           992500.0  183.500000   62.825154     142.00     202.00         4       0         210000.0            330000.0       60.00         1.000000           100.000000
Native Hawaiian or Other Pacific Islander        Male Not Hispanic or Latino           3    731666.666667    223009.715782        605000.0        815000.0                82.643667                 6.454217                78.96550                85.00000                 44.000000                  3.605551                     42.5                     46.0       875000.000000       194679.223339           765000.0           950000.0  196.666667   64.376497     159.50     215.50         3       0         210000.0            185000.0       56.00         1.000000           100.000000
                                    White      Female     Hispanic or Latino         159    459150.943396    202610.500830        295000.0        590000.0                80.801396                19.136565                75.00000                95.00000                 44.480620                  4.147855                      NaN                      NaN       638584.905660       380948.654334           405000.0           740000.0  143.830189  103.589453      84.50     169.50       149      10         295000.0            335000.0       85.00         0.937107            93.710692
                                    White      Female Not Hispanic or Latino         365    500753.424658    236322.080743        335000.0        645000.0                72.311441                19.871782                60.00000                85.00000                 43.509091                  4.143735                      NaN                      NaN       731520.547945       373490.666197           485000.0           895000.0  166.578082  132.934164     103.00     197.00       345      20         310000.0            410000.0       94.00         0.945205            94.520548
                                    White        Male     Hispanic or Latino         272    469375.000000    204035.791575        322500.0        605000.0                83.907875                29.302084                79.56625                95.00000                 43.646226                  3.978894                      NaN                      NaN       585036.764706       248212.053969           405000.0           715000.0  150.529412  115.236157      91.00     181.00       254      18         282500.0            310000.0       90.00         0.933824            93.382353
                                    White        Male Not Hispanic or Latino         482    548236.514523    248169.812417        355000.0        722500.0                73.940793                18.337868                65.59700                85.00000                 43.918675                  4.026650                      NaN                      NaN       790186.721992       419716.846427           495000.0           975000.0  207.273859  208.495082     109.25     243.25       458      24         367500.0            480000.0      134.00         0.950207            95.020747