                             derived_race derived_sex      derived_ethnicity  total_apps  avg_loan_amount  std_loan_amount  Q1_loan_amount  Q3_loan_amount  avg_loan_to_value_ratio  std_loan_to_value_ratio  Q1_loan_to_value_ratio  Q3_loan_to_value_ratio  avg_debt_to_income_ratio  std_debt_to_income_ratio  Q1_debt_to_income_ratio  Q3_debt_to_income_ratio  avg_property_value  std_property_value  Q1_property_value  Q3_property_value  avg_income  std_income  Q1_income  Q3_income  accepted  denied  iqr_loan_amount  iqr_property_value  iqr_income  acceptance_rate  acceptance_rate_pct
                 2 or more minority races      Female     Hispanic or Latino           2    620000.000000      7071.067812        617500.0        622500.0                79.747000                 0.357796                79.62050                79.87350                 49.000000                       NaN                      NaN                      NaN       780000.000000        21213.203436           772500.0           787500.0  141.500000   21.920310     133.75     149.25         2       0           5000.0             15000.0       15.50         1.000000           100.000000
                 2 or more minority races      Female Not Hispanic or Latino           2    425000.000000     98994.949366        390000.0        460000.0                77.414500                24.869653                68.62175                86.20725                 44.000000                       NaN                      NaN                      NaN       595000.000000        14142.135624           590000.0           600000.0   50.500000   71.417785      25.25      75.75         0       2          70000.0             10000.0       50.50         0.000000             0.000000
                 2 or more minority races        Male     Hispanic or Latino           1    475000.000000              NaN        475000.0        475000.0                89.990000                      NaN                89.99000                89.99000                 41.000000                       NaN                     41.0                     41.0       525000.000000                 NaN           525000.0           525000.0  117.000000         NaN     117.00     117.00         1       0              0.0                 0.0        0.00         1.000000           100.000000
                 2 or more minority races        Male Not Hispanic or Latino           2    430000.000000    205060.966544        357500.0        502500.0                92.495000                 3.542605                91.24250                93.74750                 39.000000                  1.414214                     38.5                     39.5       465000.000000       240416.305603           380000.0           550000.0  134.500000    9.192388     131.25     137.75         2       0         145000.0            170000.0        6.50         1.000000           100.000000
         American Indian or Alaska Native      Female     Hispanic or Latino           6    566666.666667    267911.676988        415000.0        547500.0                88.226167                18.051363                83.75000                97.00000                 46.250000                  2.061553                      NaN                      NaN       670000.000000       261896.926290           522500.0           697500.0  192.000000   77.035057     128.75     255.75         6       0         132500.0            175000.0      127.00         1.000000           100.000000
         American Indian or Alaska Native      Female Not Hispanic or Latino           6    360000.000000    281904.239060        175000.0        557500.0                85.742000                12.488134                89.16000                89.99750                 46.500000                  0.707107                      NaN                      NaN       493333.333333       443504.979303           180000.0           672500.0  183.000000  208.186455      73.75     151.50         5       1         382500.0            492500.0       77.75         0.833333            83.333333
         American Indian or Alaska Native        Male     Hispanic or Latino          10    462000.000000    124637.251432        387500.0        560000.0                78.317800                13.431553                79.25000                84.50000                 46.400000                  2.073644                      NaN                      NaN       593000.000000       134313.067123           520000.0           690000.0  157.700000   63.104939     111.25     187.75        10       0         172500.0            170000.0       76.50         1.000000           100.000000
         American Indian or Alaska Native        Male Not Hispanic or Latino           5    243000.000000    193442.497916        105000.0        395000.0                91.000000                 9.617692                90.00000                95.00000                 46.333333                  3.785939                      NaN                      NaN       269000.000000       206228.029133           115000.0           445000.0   96.200000   58.814964      63.00     159.00         4       1         290000.0            330000.0       96.00         0.800000            80.000000
                                    Asian      Female     Hispanic or Latino          10    422000.000000    241018.671476        237500.0        530000.0                81.619500                18.498934                81.16825                91.64625                 43.500000                  4.460942                      NaN                      NaN       506000.000000       234305.119212           370000.0           617500.0  141.500000   86.864198     100.50     136.50         9       1         292500.0            247500.0       36.00         0.900000            90.000000
                                    Asian      Female Not Hispanic or Latino         204    585147.058824    223654.109135        432500.0        705000.0                74.631710                17.404886                65.91950                85.96500                 43.961290                  4.135503                      NaN                      NaN       831323.529412       382267.944657           602500.0           977500.0  174.200980   90.379625     118.75     208.25       185      19         272500.0            375000.0       89.50         0.906863            90.686275
                                    Asian        Male     Hispanic or Latino           1    365000.000000              NaN        365000.0        365000.0                95.000000                      NaN                95.00000                95.00000                 43.000000                       NaN                     43.0                     43.0       385000.000000                 NaN           385000.0           385000.0   81.000000         NaN      81.00      81.00         1       0              0.0                 0.0        0.00         1.000000           100.000000
                                    Asian        Male Not Hispanic or Latino         420    641595.238095    235519.185738        485000.0        765000.0                73.706738                16.882774                64.98225                84.99000                 43.287097                  4.082264                      NaN                      NaN       920476.190476       412531.635474           655000.0          1105000.0  210.957143  164.195000     141.00     240.25       395      25         280000.0            450000.0       99.25         0.940476            94.047619
                Black or African American      Female     Hispanic or Latino           3    475000.000000     60827.625303        455000.0        510000.0                94.914667                 2.129283                93.87200                96.00000                 46.000000                  4.242641                      NaN                      NaN       501666.666667        68068.592856           475000.0           540000.0  170.000000   22.605309     160.50     182.50         2       1          55000.0             65000.0       22.00         0.666667            66.666667
                Black or African American      Female Not Hispanic or Latino          45    481222.222222    181186.605075        345000.0        585000.0                83.560156                19.653598                80.00000                97.00000                 44.187500                  3.913892                      NaN                      NaN       611222.222222       194939.254978           455000.0           695000.0  158.066667   82.138575      97.00     176.00        41       4         240000.0            240000.0       79.00         0.911111            91.111111
                Black or African American        Male     Hispanic or Latino           5    545000.000000    148323.969742        485000.0        645000.0                82.734600                18.466317                80.00000                96.86600                 44.500000                  2.121320                      NaN                      NaN       721000.000000       378721.533584           575000.0           745000.0  168.200000   43.973856     147.00     192.00         4       1         160000.0            170000.0       45.00         0.800000            80.000000
                Black or African American        Male Not Hispanic or Latino          35    544428.571429    235920.510755        390000.0        720000.0                83.013571                17.060754                80.00000                95.00000                 44.192308                  3.274376                      NaN                      NaN       663857.142857       254070.062460           545000.0           790000.0  167.171429  101.157561     109.00     194.00        29       6         330000.0            245000.0       85.00         0.828571            82.857143
Native Hawaiian or Other Pacific Islander      Female Not Hispanic or Latino           2    435000.000000     14142.135624        430000.0        440000.0                92.124500                 3.004497                91.06225                93.18675                 47.000000                  2.828427                     46.0                     48.0       465000.000000        14142.135624           460000.0           470000.0  106.000000   12.727922     101.50     110.50         1       1          10000.0             10000.0        9.00         0.500000            50.000000
Native Hawaiian or Other Pacific Islander        Male     Hispanic or Latino           1    265000.000000              NaN        265000.0        265000.0                39.394000                      NaN                39.39400                39.39400                 38.000000                       NaN                     38.0                     38.0       665000.000000                 NaN           665000.0           665000.0   97.000000         NaN      97.00      97.00         1       0              0.0                 0.0        0.00         1.000000           100.000000
Native Hawaiian or Other Pacific Islander        Male Not Hispanic or Latino           5    497000.000000    216379.296607        395000.0        575000.0                73.459200                25.551797                73.00000                89.00000                 46.750000                  2.629956                      NaN                      NaN       691000.000000       234371.499974           645000.0           675000.0  168.800000   81.527296     130.00     233.00         5       0         180000.0             30000.0      103.00         1.000000           100.000000
                                    White      Female     Hispanic or Latino         156    436410.256410    200140.108079        262500.0        565000.0                79.953968                19.269919                73.65525                95.00000                 44.616000                  3.792573                      NaN                      NaN       569038.461538       269869.212878           395000.0           707500.0  133.865385   77.422435      80.75     165.25       139      17         302500.0            312500.0       84.50         0.891026            89.102564
                                    White      Female Not Hispanic or Latino         350    473800.000000    249682.296697        295000.0        605000.0                69.682271                21.505830                53.98650                83.38600                 43.787234                  4.107197                      NaN                      NaN       720914.285714       386677.336108           475000.0           895000.0  166.382857  127.534193      93.25     199.00       334      16         310000.0            420000.0      105.75         0.954286            95.428571
                                    White        Male     Hispanic or Latino         303    476683.168317    203663.805432        335000.0        615000.0                83.010198                14.920060                80.00000                95.00000                 43.977876                  4.187224                      NaN                      NaN       597211.221122       252539.541733           415000.0           760000.0  151.887789  100.419026      89.50     183.00       268      35         280000.0            345000.0       93.50         0.884488            88.448845
                                    White        Male Not Hispanic or Latino         426    552699.530516    252828.449348        355000.0        725000.0                74.130496                18.592249                66.10850                87.70675                 43.560284                  4.053677                      NaN                      NaN       797253.521127       448216.430441           505000.0           985000.0  215.943662  291.697719     115.00     247.00       401      25         370000.0            480000.0      132.00         0.941315            94.131455