                             derived_race derived_sex      derived_ethnicity  total_apps  avg_loan_amount  std_loan_amount  Q1_loan_amount  Q3_loan_amount  avg_loan_to_value_ratio  std_loan_to_value_ratio  Q1_loan_to_value_ratio  Q3_loan_to_value_ratio  avg_debt_to_income_ratio  std_debt_to_income_ratio  Q1_debt_to_income_ratio  Q3_debt_to_income_ratio  avg_property_value  std_property_value  Q1_property_value  Q3_property_value  avg_income  std_income  Q1_income  Q3_income  accepted  denied  iqr_loan_amount  iqr_property_value  iqr_income  acceptance_rate  acceptance_rate_pct
                 2 or more minority races      Female Not Hispanic or Latino           5    481000.000000    202311.640792        315000.0        605000.0                72.682000                19.372659                71.43000                80.00000                 46.000000                  2.828427                      NaN                      NaN       725000.000000       435430.821142           425000.0           765000.0  125.400000   50.707988      99.00     168.00         4       1         290000.0            340000.0       69.00         0.800000            80.000000
                 2 or more minority races        Male Not Hispanic or Latino           3    521666.666667    188237.438713        460000.0        630000.0                82.423333                 4.197336                80.00000                83.63500                 44.000000                  2.000000                    43.00                    45.00       628333.333333       217791.949652           540000.0           750000.0  182.333333   75.035547     140.50     213.00         3       0         170000.0            210000.0       72.50         1.000000           100.000000
         American Indian or Alaska Native      Female     Hispanic or Latino           3    468333.333333    102143.689640        410000.0        505000.0                97.300000                 2.463737                96.00000                98.45000                 47.666667                  1.527525                    47.00                    48.50       488333.333333       111504.857891           425000.0           530000.0  157.666667   97.572195     101.50     189.50         3       0          95000.0            105000.0       88.00         1.000000           100.000000
         American Indian or Alaska Native      Female Not Hispanic or Latino           2    660000.000000    275771.644663        562500.0        757500.0                84.995000                14.149207                79.99250                89.99750                 49.000000                  0.000000                    49.00                    49.00       965000.000000       664680.374315           730000.0          1200000.0  186.500000    6.363961     184.25     188.75         2       0         195000.0            470000.0        4.50         1.000000           100.000000
         American Indian or Alaska Native        Male     Hispanic or Latino           8    460000.000000    199141.012494        360000.0        605000.0                91.401250                34.158776                87.49475                95.00000                 42.571429                  4.649629                      NaN                      NaN       530000.000000       203960.780544           455000.0           657500.0  186.500000  141.589951     136.75     174.25         6       2         245000.0            202500.0       37.50         0.750000            75.000000
         American Indian or Alaska Native        Male Not Hispanic or Latino           5    383000.000000    116704.755687        285000.0        455000.0                77.400000                26.670208                75.00000                95.00000                 45.200000                  4.969909                    42.00                    49.00       543000.000000       179080.987266           455000.0           615000.0  120.600000   44.399324      86.00     131.00         5       0         170000.0            160000.0       45.00         1.000000           100.000000
                                    Asian      Female     Hispanic or Latino           7    440714.285714    125014.284898        335000.0        525000.0                81.780143                23.643972                79.94550                95.00000                 44.833333                  4.445972                      NaN                      NaN       607857.142857       234855.578723           475000.0           685000.0  116.714286   37.464269      88.00     139.00         7       0         190000.0            210000.0       51.00         1.000000           100.000000
                                    Asian      Female Not Hispanic or Latino         195    565974.358974    216057.873020        405000.0        695000.0                72.801866                17.732794                66.64350                80.00000                 43.899329                  4.006321                      NaN                      NaN       817512.820513       324816.115449           625000.0           930000.0  177.569231   92.467989     124.50     210.00       187       8         290000.0            305000.0       85.50         0.958974            95.897436
                                    Asian        Male     Hispanic or Latino           7    656428.571429    212636.510774        530000.0        685000.0                85.664286                11.000195                86.27500                90.00000                 44.750000                  3.095696                      NaN                      NaN       815000.000000       437378.554573           590000.0           795000.0  485.285714  845.704384     143.50     227.50         7       0         155000.0            205000.0       84.00         1.000000           100.000000
                                    Asian        Male Not Hispanic or Latino         418    633397.129187    242479.330260        465000.0        765000.0                75.270550                18.598487                68.06325                80.00000                 43.632258                  4.060257                      NaN                      NaN       887224.880383       415520.911585           607500.0          1072500.0  215.466507  181.590337     136.00     242.50       392      26         300000.0            465000.0      106.50         0.937799            93.779904
                Black or African American      Female     Hispanic or Latino           3    391666.666667    116761.865921        340000.0        455000.0                84.802000                19.421267                78.70300                96.00000                 44.333333                  3.511885                    42.50                    46.00       501666.666667       266333.124739           355000.0           615000.0  159.666667  139.004796      79.50     203.00         2       1         115000.0            260000.0      123.50         0.666667            66.666667
                Black or African American      Female Not Hispanic or Latino          37    521216.216216    246129.497886        385000.0        615000.0                86.199297                17.968689                85.00000                95.00000                 44.148148                  3.602389                      NaN                      NaN       630675.675676       305600.870241           455000.0           715000.0  203.243243  285.499504      99.00     203.00        32       5         230000.0            260000.0      104.00         0.864865            86.486486
                Black or African American        Male     Hispanic or Latino           4    587500.000000    174236.429409        462500.0        735000.0                82.133750                12.303193                75.00000                83.67125                 46.750000                  2.061553                    46.25                    47.50       777500.000000       215619.263209           620000.0           947500.0  138.750000   44.694332     107.00     175.75         3       1         272500.0            327500.0       68.75         0.750000            75.000000
                Black or African American        Male Not Hispanic or Latino          38    530263.157895    229037.195635        390000.0        662500.0                83.924605                17.348319                78.50000                95.00000                 44.777778                  4.163332                      NaN                      NaN       720526.315789       655198.329241           487500.0           765000.0  170.368421   84.001744     108.25     215.75        29       9         272500.0            277500.0      107.50         0.763158            76.315789
Native Hawaiian or Other Pacific Islander      Female Not Hispanic or Latino           3    485000.000000    177763.888346        385000.0        555000.0                88.333000                 7.638172                84.99950                92.50000                 44.500000                  2.121320                      NaN                      NaN       561666.666667       255799.400573           415000.0           650000.0  187.333333   96.209840     133.00     224.50         3       0         170000.0            235000.0       91.50         1.000000           100.000000
Native Hawaiian or Other Pacific Islander        Male     Hispanic or Latino           4    537500.000000    298593.927154        347500.0        660000.0                80.848500                27.832639                77.34850                97.00000                 45.250000                  4.991660                    44.00                    48.25       672500.000000       278612.634315           530000.0           762500.0  142.250000   69.748955     104.50     150.75         4       0         312500.0            232500.0       46.25         1.000000           100.000000
Native Hawaiian or Other Pacific Islander        Male Not Hispanic or Latino           1    455000.000000              NaN        455000.0        455000.0                60.000000                      NaN                60.00000                60.00000                 41.000000                       NaN                    41.00                    41.00       755000.000000                 NaN           755000.0           755000.0  135.000000         NaN     135.00     135.00         1       0              0.0                 0.0        0.00         1.000000           100.000000
                                    White      Female     Hispanic or Latino         161    439037.267081    205327.113656        315000.0        555000.0                80.419770                19.034949                75.00000                95.00000                 45.218487                  3.605927                      NaN                      NaN       579285.714286       265407.032418           405000.0           735000.0  136.198758  112.155407      84.00     158.00       149      12         240000.0            330000.0       74.00         0.925466            92.546584
                                    White      Female Not Hispanic or Latino         350    469028.571429    243835.280221        295000.0        625000.0                68.694351                21.008630                53.39175                80.00000                 44.193277                  4.057139                      NaN                      NaN       712685.714286       341544.718777           487500.0           895000.0  165.722857  118.609399      96.00     203.50       328      22         330000.0            407500.0      107.50         0.937143            93.714286
                                    White        Male     Hispanic or Latino         288    476562.500000    213108.704942        332500.0        595000.0                81.661330                16.318009                79.99000                95.00000                 44.114679                  3.950228                      NaN                      NaN       609687.500000       310111.657283           412500.0           725000.0  182.388889  233.553286      90.00     187.25       260      28         262500.0            312500.0       97.25         0.902778            90.277778
                                    White        Male Not Hispanic or Latino         458    556812.227074    261500.450194        355000.0        735000.0                74.970736                17.818835                65.89050                89.00000                 43.476974                  4.081609                      NaN                      NaN       794148.471616       438360.202557           477500.0           982500.0  233.362445  289.042598     115.25     267.75       432      26         380000.0            505000.0      152.50         0.943231            94.323144