                             derived_race derived_sex      derived_ethnicity  total_apps  avg_loan_amount  std_loan_amount  Q1_loan_amount  Q3_loan_amount  avg_loan_to_value_ratio  std_loan_to_value_ratio  Q1_loan_to_value_ratio  Q3_loan_to_value_ratio  avg_debt_to_income_ratio  std_debt_to_income_ratio  Q1_debt_to_income_ratio  Q3_debt_to_income_ratio  avg_property_value  std_property_value  Q1_property_value  Q3_property_value  avg_income  std_income  Q1_income  Q3_income  accepted  denied  iqr_loan_amount  iqr_property_value  iqr_income  acceptance_rate  acceptance_rate_pct
                 2 or more minority races      Female     Hispanic or Latino           2    350000.000000    261629.509039        257500.0        442500.0                98.140000                 4.440631                96.57000                99.71000                 40.000000                       NaN                      NaN                      NaN        3.650000e+05       282842.712475           265000.0           465000.0   97.000000   60.811183      75.50     118.50         1       1         185000.0            200000.0       43.00         0.500000            50.000000
                 2 or more minority races      Female Not Hispanic or Latino           4    335000.000000     77028.133389        280000.0        375000.0                83.457250                15.969334                81.70725                91.25000                 48.333333                  0.577350                      NaN                      NaN        4.300000e+05       121243.556530           345000.0           495000.0   69.500000   47.028360      64.50      92.00         3       1          95000.0            150000.0       27.50         0.750000            75.000000
                 2 or more minority races        Male     Hispanic or Latino           2    115000.000000     84852.813742         85000.0        145000.0                85.685000                13.173399                81.02750                90.34250                 37.000000                       NaN                      NaN                      NaN        1.250000e+05        84852.813742            95000.0           155000.0  171.500000  185.969083     105.75     237.25         2       0          60000.0             60000.0      131.50         1.000000           100.000000
                 2 or more minority races        Male Not Hispanic or Latino           6    598333.333333    276091.772182        407500.0        777500.0                87.136333                 9.851798                78.25000                95.00000                 44.400000                  4.505552                      NaN                      NaN        7.166667e+05       368967.026530           437500.0          1040000.0  176.333333   81.752472     128.50     221.75         6       0         370000.0            602500.0       93.25         1.000000           100.000000
         American Indian or Alaska Native      Female     Hispanic or Latino           4    322500.000000     97425.184971        247500.0        395000.0                79.121250                23.644001                64.37375                97.74250                 40.666667                  6.429101                      NaN                      NaN        4.150000e+05        75277.265271           377500.0           452500.0  120.250000   59.230482      96.75     138.00         4       0         147500.0             75000.0       41.25         1.000000           100.000000
         American Indian or Alaska Native      Female Not Hispanic or Latino           6    471666.666667    191171.824981        377500.0        445000.0                82.276667                20.901421                64.22000                95.00000                 47.750000                  1.892969                      NaN                      NaN        6.583333e+05       399833.298597           427500.0           642500.0  150.500000   32.185400     129.50     175.50         5       1          67500.0            215000.0       46.00         0.833333            83.333333
         American Indian or Alaska Native        Male     Hispanic or Latino          11    460454.545455    165067.479315        325000.0        550000.0                80.088273                16.008735                77.95200                90.93750                 44.857143                  3.625308                      NaN                      NaN        5.950000e+05       239081.576036           410000.0           655000.0  137.454545   59.740043      90.50     166.50        10       1         225000.0            245000.0       76.00         0.909091            90.909091
         American Indian or Alaska Native        Male Not Hispanic or Latino           6    536666.666667    227456.955635        355000.0        742500.0                69.090500                26.313386                49.46300                91.60900                 44.000000                  2.160247                      NaN                      NaN        8.416667e+05       369522.214037           600000.0          1055000.0  138.833333   52.139876      98.25     166.50         5       1         387500.0            455000.0       68.25         0.833333            83.333333
                                    Asian      Female     Hispanic or Latino          10    575000.000000    231516.738056        430000.0        580000.0                75.811200                16.865759                72.90825                80.00000                 44.800000                  3.114482                      NaN                      NaN        7.990000e+05       343647.105813           542500.0          1085000.0  177.300000   95.151400     119.00     215.50        10       0         150000.0            542500.0       96.50         1.000000           100.000000
                                    Asian      Female Not Hispanic or Latino         234    554914.529915    220891.660573        395000.0        715000.0                69.761991                19.446902                58.47500                80.00000                 43.617143                  4.161502                      NaN                      NaN        8.529060e+05       408099.720266           575000.0          1015000.0  169.029915   90.498969     112.25     209.75       219      15         320000.0            440000.0       97.50         0.935897            93.589744
                                    Asian        Male     Hispanic or Latino          10    540000.000000    237264.503128        360000.0        637500.0                80.699000                 9.650425                80.00000                87.42500                 42.777778                  4.146618                      NaN                      NaN        7.000000e+05       413017.352339           452500.0           780000.0  160.100000   41.116231     138.50     165.00         9       1         277500.0            327500.0       26.50         0.900000            90.000000
                                    Asian        Male Not Hispanic or Latino         356    616292.134831    240354.231646        422500.0        755000.0                73.564610                17.637631                64.99500                85.00000                 43.823755                  4.071426                      NaN                      NaN        9.012921e+05       434346.216219           595000.0          1107500.0  203.904494  126.306187     127.00     240.00       334      22         332500.0            512500.0      113.00         0.938202            93.820225
                Black or African American      Female     Hispanic or Latino           2    380000.000000    176776.695297        317500.0        442500.0                55.778000                55.468284                36.16700                75.38900                 41.000000                  5.656854                    39.00                    43.00        1.020000e+06       685893.577751           777500.0          1262500.0  145.500000   23.334524     137.25     153.75         2       0         125000.0            485000.0       16.50         1.000000           100.000000
                Black or African American      Female Not Hispanic or Latino          56    484464.285714    215907.552968        305000.0        635000.0                89.228732                13.523156                85.00000                97.95200                 44.439024                  3.585030                      NaN                      NaN        6.005357e+05       225363.703158           450000.0           795000.0  223.857143  482.982982     105.75     207.50        48       8         330000.0            345000.0      101.75         0.857143            85.714286
                Black or African American        Male Not Hispanic or Latino          33    480757.575758    232540.726312        355000.0        635000.0                85.182782                19.681912                80.00000                96.53200                 44.625000                  3.716152                      NaN                      NaN        5.868182e+05       262886.079717           415000.0           765000.0  139.030303   78.301295      81.00     171.00        27       6         280000.0            350000.0       90.00         0.818182            81.818182
Native Hawaiian or Other Pacific Islander      Female     Hispanic or Latino           1    495000.000000              NaN        495000.0        495000.0                80.000000                      NaN                80.00000                80.00000                 47.000000                       NaN                    47.00                    47.00        6.150000e+05                 NaN           615000.0           615000.0  131.000000         NaN     131.00     131.00         1       0              0.0                 0.0        0.00         1.000000           100.000000
Native Hawaiian or Other Pacific Islander      Female Not Hispanic or Latino           2    365000.000000    155563.491861        310000.0        420000.0                77.500000                24.748737                68.75000                86.25000                 48.000000                       NaN                      NaN                      NaN        4.700000e+05        49497.474683           452500.0           487500.0  120.000000   72.124892      94.50     145.50         2       0         110000.0             35000.0       51.00         1.000000           100.000000
Native Hawaiian or Other Pacific Islander        Male     Hispanic or Latino           2    390000.000000     35355.339059        377500.0        402500.0                93.495000                 4.956819                91.74250                95.24750                 43.000000                  8.485281                    40.00                    46.00        4.200000e+05        49497.474683           402500.0           437500.0  112.500000    2.121320     111.75     113.25         2       0          25000.0             35000.0        1.50         1.000000           100.000000
Native Hawaiian or Other Pacific Islander        Male Not Hispanic or Latino           2    540000.000000    247487.373415        452500.0        627500.0                67.443500                17.757573                61.16525                73.72175                 44.500000                  2.121320                    43.75                    45.25        7.800000e+05       162634.559673           722500.0           837500.0  130.500000   64.346717     107.75     153.25         2       0         175000.0            115000.0       45.50         1.000000           100.000000
                                    White      Female     Hispanic or Latino         162    399691.358025    170724.334992        307500.0        485000.0                80.306083                19.876726                75.04700                95.00000                 43.875969                  3.927085                      NaN                      NaN        5.304321e+05       254255.944715           395000.0           622500.0  120.055556   63.429351      80.25     140.50       148      14         177500.0            227500.0       60.25         0.913580            91.358025
                                    White      Female Not Hispanic or Latino         377    487970.822281    247746.614073        305000.0        645000.0                71.318093                21.302165                57.69000                89.90000                 43.480000                  3.984105                      NaN                      NaN        7.417109e+05       435741.363501           465000.0           905000.0  172.212202  132.519820     101.00     196.00       355      22         340000.0            440000.0       95.00         0.941645            94.164456
                                    White        Male     Hispanic or Latino         266    442105.263158    204026.182676        315000.0        525000.0                82.022267                15.800371                80.00000                95.00000                 44.978261                  3.767791                      NaN                      NaN        5.567293e+05       246020.435654           395000.0           692500.0  151.060150  143.463164      86.25     155.75       242      24         210000.0            297500.0       69.50         0.909774            90.977444
                                    White        Male Not Hispanic or Latino         446    543856.502242    242640.515602        367500.0        705000.0                72.496501                18.366454                62.29750                84.72100                 43.717391                  3.968034                      NaN                      NaN        7.927130e+05       396648.507872           525000.0          1002500.0  204.062780  194.367995     119.00     242.00       420      26         337500.0            477500.0      123.00         0.941704            94.170404