                             derived_race derived_sex      derived_ethnicity  total_apps  avg_loan_amount  std_loan_amount  Q1_loan_amount  Q3_loan_amount  avg_loan_to_value_ratio  std_loan_to_value_ratio  Q1_loan_to_value_ratio  Q3_loan_to_value_ratio  avg_debt_to_income_ratio  std_debt_to_income_ratio  Q1_debt_to_income_ratio  Q3_debt_to_income_ratio  avg_property_value  std_property_value  Q1_property_value  Q3_property_value  avg_income  std_income  Q1_income  Q3_income  accepted  denied  iqr_loan_amount  iqr_property_value  iqr_income  acceptance_rate  acceptance_rate_pct
                 2 or more minority races      Female Not Hispanic or Latino           3    521666.666667    158850.034099        430000.0        570000.0                71.303333                22.229846                59.45500                81.50000                 46.666667                  1.154701                     46.0                     47.0       821666.666667       485832.618639           545000.0          1000000.0  122.333333   44.433471      97.00     138.50         3       0         140000.0            455000.0       41.50         1.000000           100.000000
                 2 or more minority races        Male     Hispanic or Latino           2    565000.000000    155563.491861        510000.0        620000.0                86.000000                15.556349                80.50000                91.50000                 41.000000                  7.071068                     38.5                     43.5       790000.000000       261629.509039           697500.0           882500.0  175.000000   39.597980     161.00     189.00         1       1         110000.0            185000.0       28.00         0.500000            50.000000
                 2 or more minority races        Male Not Hispanic or Latino           1    715000.000000              NaN        715000.0        715000.0                89.947000                      NaN                89.94700                89.94700                 40.000000                       NaN                     40.0                     40.0       955000.000000                 NaN           955000.0           955000.0  234.000000         NaN     234.00     234.00         1       0              0.0                 0.0        0.00         1.000000           100.000000
         American Indian or Alaska Native      Female     Hispanic or Latino           3    411666.666667    225018.517757        300000.0        525000.0                52.731333                15.193073                45.09700                60.28950                 47.000000                  2.828427                      NaN                      NaN       738333.333333       230289.672659           640000.0           865000.0  161.333333   80.699029     130.50     207.00         3       0         225000.0            225000.0       76.50         1.000000           100.000000
         American Indian or Alaska Native      Female Not Hispanic or Latino           5    537000.000000    300116.643990        605000.0        655000.0                90.575200                 8.450367                84.99000                97.88600                 44.600000                  1.816590                     43.0                     46.0       673000.000000       215800.834104           615000.0           785000.0  164.400000   56.029457     166.00     195.00         5       0          50000.0            170000.0       29.00         1.000000           100.000000
         American Indian or Alaska Native        Male     Hispanic or Latino          10    349000.000000    145082.352093        237500.0        472500.0                86.089400                 7.575603                80.00000                91.64250                 44.200000                  4.549725                      NaN                      NaN       416000.000000       181931.000351           277500.0           550000.0  113.100000   38.379537      77.00     137.00         9       1         235000.0            272500.0       60.00         0.900000            90.000000
         American Indian or Alaska Native        Male Not Hispanic or Latino           6    473333.333333    262253.058451        260000.0        692500.0                80.551667                11.163172                74.95500                87.49250                 41.400000                  4.560702                      NaN                      NaN       600000.000000       330862.509209           322500.0           827500.0  155.833333   85.075065      82.50     218.00         5       1         432500.0            505000.0      135.50         0.833333            83.333333
                                    Asian      Female     Hispanic or Latino           5    571000.000000    272451.830605        395000.0        665000.0                74.331400                29.966122                80.00000                89.99000                 43.666667                  3.511885                      NaN                      NaN       841000.000000       352462.763991           625000.0          1205000.0  221.800000  167.029039     135.00     180.00         5       0         270000.0            580000.0       45.00         1.000000           100.000000
                                    Asian      Female Not Hispanic or Latino         216    577314.814815    223367.905843        435000.0        725000.0                72.545292                17.960191                61.41750                83.51750                 43.506494                  3.970885                      NaN                      NaN       841944.444444       383655.510045           582500.0           995000.0  193.875000  162.798229     121.00     231.00       203      13         290000.0            412500.0      110.00         0.939815            93.981481
                                    Asian        Male     Hispanic or Latino           7    625000.000000    257228.821610        445000.0        715000.0                79.687286                 7.984481                74.34650                85.00000                 44.666667                  4.366539                      NaN                      NaN       797857.142857       385820.091308           595000.0           840000.0  182.857143  149.563173      98.00     172.50         7       0         270000.0            245000.0       74.50         1.000000           100.000000
                                    Asian        Male Not Hispanic or Latino         390    593512.820513    244459.097761        405000.0        755000.0                74.486179                15.905037                66.54175                80.00000                 43.329588                  4.045324                      NaN                      NaN       838923.076923       391845.208711           555000.0          1025000.0  195.600000  125.360617     119.00     235.50       370      20         350000.0            470000.0      116.50         0.948718            94.871795
                Black or African American      Female     Hispanic or Latino           5    631000.000000    343991.278959        425000.0        655000.0                86.881200                15.142147                84.70600                94.98800                 44.250000                  2.986079                      NaN                      NaN       825000.000000       338969.025134           695000.0           855000.0  336.200000  397.013476     118.00     320.00         5       0         230000.0            160000.0      202.00         1.000000           100.000000
                Black or African American      Female Not Hispanic or Latino          42    489047.619048    212649.482847        330000.0        615000.0                79.680571                18.624474                65.06100                95.00000                 43.928571                  4.586038                      NaN                      NaN       667619.047619       348453.443885           477500.0           750000.0  151.428571   82.291019     101.75     172.50        31      11         285000.0            272500.0       70.75         0.738095            73.809524
                Black or African American        Male     Hispanic or Latino           1    385000.000000              NaN        385000.0        385000.0                85.000000                      NaN                85.00000                85.00000                 47.000000                       NaN                     47.0                     47.0       455000.000000                 NaN           455000.0           455000.0   72.000000         NaN      72.00      72.00         1       0              0.0                 0.0        0.00         1.000000           100.000000
                Black or African American        Male Not Hispanic or Latino          20    535500.000000    169565.233527        417500.0        630000.0                88.703500                14.332639                89.60250                95.00000                 45.538462                  3.178453                      NaN                      NaN       631500.000000       212337.244173           462500.0           740000.0  172.000000   77.067981     118.25     208.25        17       3         212500.0            277500.0       90.00         0.850000            85.000000
Native Hawaiian or Other Pacific Islander      Female Not Hispanic or Latino           6    611666.666667    199265.317270        512500.0        737500.0                89.105833                 7.350132                85.00000                93.64875                 42.750000                  4.787136                      NaN                      NaN       690000.000000       222238.610507           582500.0           812500.0  205.166667   48.478518     168.25     232.50         6       0         225000.0            230000.0       64.25         1.000000           100.000000
Native Hawaiian or Other Pacific Islander        Male     Hispanic or Latino           1    415000.000000              NaN        415000.0        415000.0                80.000000                      NaN                80.00000                80.00000                       NaN                       NaN                      NaN                      NaN       515000.000000                 NaN           515000.0           515000.0  139.000000         NaN     139.00     139.00         1       0              0.0                 0.0        0.00         1.000000           100.000000
Native Hawaiian or Other Pacific Islander        Male Not Hispanic or Latino           4    410000.000000    213619.599600        257500.0        577500.0                93.000000                 8.679478                92.75000                97.25000                 47.333333                  0.577350                      NaN                      NaN       457500.000000       265502.667909           267500.0           630000.0  137.500000   93.817198      89.75     160.75         3       1         320000.0            362500.0       71.00         0.750000            75.000000
                                    White      Female     Hispanic or Latino         165    434454.545455    177101.509219        305000.0        525000.0                80.145230                17.463903                73.75300                95.00000                 44.626761                  3.817855                      NaN                      NaN       580030.303030       237993.708265           405000.0           705000.0  126.581818   89.331875      82.00     146.00       156       9         220000.0            300000.0       64.00         0.945455            94.545455
                                    White      Female Not Hispanic or Latino         361    477326.869806    231300.942914        315000.0        625000.0                71.980478                20.634400                60.00000                87.68000                 43.996094                  4.023946                      NaN                      NaN       702008.310249       358110.663277           455000.0           855000.0  167.268698   95.979815     100.00     205.00       331      30         310000.0            400000.0      105.00         0.916898            91.689751
                                    White        Male     Hispanic or Latino         265    457301.886792    210728.317202        305000.0        575000.0                82.167717                16.573008                80.00000                95.00000                 43.842105                  4.146308                      NaN                      NaN       582698.113208       296848.955630           395000.0           695000.0  162.332075  193.164759      90.00     175.00       231      34         270000.0            300000.0       85.00         0.871698            87.169811
                                    White        Male Not Hispanic or Latino         482    556535.269710    258445.954976        345000.0        745000.0                76.799770                17.992399                72.17475                90.00000                 43.682216                  3.967102                      NaN                      NaN       770643.153527       455655.728227           495000.0           972500.0  203.844398  173.674100     115.00     240.75       449      33         400000.0            477500.0      125.75         0.931535            93.153527