                             derived_race derived_sex      derived_ethnicity  total_apps  avg_loan_amount  std_loan_amount  Q1_loan_amount  Q3_loan_amount  avg_loan_to_value_ratio  std_loan_to_value_ratio  Q1_loan_to_value_ratio  Q3_loan_to_value_ratio  avg_debt_to_income_ratio  std_debt_to_income_ratio  Q1_debt_to_income_ratio  Q3_debt_to_income_ratio  avg_property_value  std_property_value  Q1_property_value  Q3_property_value  avg_income  std_income  Q1_income  Q3_income  accepted  denied  iqr_loan_amount  iqr_property_value  iqr_income  acceptance_rate  acceptance_rate_pct
                 2 or more minority races      Female     Hispanic or Latino           4    485000.000000    161451.747177        372500.0        567500.0                90.500000                 7.593857                87.50000                95.50000                 42.000000                  2.000000                      NaN                      NaN       580000.000000       252256.483234           450000.0           650000.0  152.750000   57.418783     119.75     182.00         4       0         195000.0            200000.0       62.25         1.000000           100.000000
                 2 or more minority races      Female Not Hispanic or Latino           3    428333.333333     58594.652771        395000.0        450000.0                98.333333                 2.886751                97.50000               100.00000                 47.000000                       NaN                      NaN                      NaN       478333.333333       110151.410946           415000.0           515000.0  116.000000   31.320920      98.00     126.50         2       1          55000.0            100000.0       28.50         0.666667            66.666667
                 2 or more minority races        Male     Hispanic or Latino           2    370000.000000    374766.594029        237500.0        502500.0                79.898000                21.357453                72.34700                87.44900                 40.500000                  3.535534                    39.25                    41.75       545000.000000       622253.967444           325000.0           765000.0  101.500000   99.702056      66.25     136.75         2       0         265000.0            440000.0       70.50         1.000000           100.000000
                 2 or more minority races        Male Not Hispanic or Latino           6    591666.666667    187794.213613        475000.0        670000.0                81.467833                 9.979564                77.85275                87.50000                 43.600000                  6.148170                      NaN                      NaN       750000.000000       329165.611813           517500.0           832500.0  201.833333   91.162309     153.50     234.00         6       0         195000.0            315000.0       80.50         1.000000           100.000000
         American Indian or Alaska Native      Female     Hispanic or Latino           5    347000.000000    107563.934476        305000.0        395000.0                67.731400                26.488917                40.00000                85.00000                 44.250000                  2.753785                      NaN                      NaN       543000.000000       160996.894380           485000.0           585000.0   95.200000   23.295922      79.00     112.00         4       1          90000.0            100000.0       33.00         0.800000            80.000000
         American Indian or Alaska Native      Female Not Hispanic or Latino           1    655000.000000              NaN        655000.0        655000.0                97.000000                      NaN                97.00000                97.00000                 36.000000                       NaN                    36.00                    36.00       685000.000000                 NaN           685000.0           685000.0  220.000000         NaN     220.00     220.00         1       0              0.0                 0.0        0.00         1.000000           100.000000
         American Indian or Alaska Native        Male     Hispanic or Latino           9    410555.555556    224059.763853        225000.0        485000.0                83.673444                11.191495                80.00000                95.00000                 44.142857                  3.532165                      NaN                      NaN       485000.000000       245865.817063           285000.0           565000.0  143.333333   60.311690      91.00     187.00         6       3         260000.0            280000.0       96.00         0.666667            66.666667
         American Indian or Alaska Native        Male Not Hispanic or Latino           3    398333.333333    136137.185711        345000.0        475000.0                85.666667                 9.814955                80.00000                88.50000                 47.000000                  2.645751                    46.00                    48.50       481666.666667       200333.056018           405000.0           595000.0  114.333333   32.868425      99.50     132.00         3       0         130000.0            190000.0       32.50         1.000000           100.000000
                                    Asian      Female     Hispanic or Latino           9    502777.777778    208013.087195        395000.0        535000.0                70.936778                19.044146                67.39100                80.00000                 43.666667                  3.723797                      NaN                      NaN       717222.222222       271881.305802           625000.0           725000.0  155.111111   90.751645      95.00     167.00         8       1         140000.0            100000.0       72.00         0.888889            88.888889
                                    Asian      Female Not Hispanic or Latino         219    572990.867580    206882.894475        425000.0        685000.0                72.222511                18.546343                64.01950                84.60750                 43.574074                  4.153582                      NaN                      NaN       835000.000000       355529.066929           615000.0          1005000.0  172.812785   79.614188     123.50     207.00       204      15         260000.0            390000.0       83.50         0.931507            93.150685
                                    Asian        Male     Hispanic or Latino          11    550454.545455    182228.627628        485000.0        625000.0                74.116727                18.267335                70.12650                84.97500                 40.666667                  4.501851                      NaN                      NaN       745909.090909       174267.297302           620000.0           840000.0  207.727273   89.013584     157.00     253.50        10       1         140000.0            220000.0       96.50         0.909091            90.909091
                                    Asian        Male Not Hispanic or Latino         371    638557.951482    241931.995717        455000.0        775000.0                75.727377                15.162782                70.00000                85.00000                 43.487544                  4.012572                      NaN                      NaN       880013.477089       380195.806354           630000.0          1095000.0  202.021563  114.075269     132.50     242.50       358      13         320000.0            465000.0      110.00         0.964960            96.495957
                Black or African American      Female     Hispanic or Latino           6    631666.666667    222321.089118        527500.0        750000.0                87.999833                 8.941166                83.50825                93.74100                 41.600000                  2.073644                      NaN                      NaN       755000.000000       302390.476040           582500.0           890000.0  275.333333  307.211762     136.75     215.25         6       0         222500.0            307500.0       78.50         1.000000           100.000000
                Black or African American      Female Not Hispanic or Latino          50    497800.000000    217940.639737        365000.0        602500.0                81.260700                20.839234                76.25000                95.00000                 44.325581                  3.669183                      NaN                      NaN       665800.000000       316181.554665           445000.0           830000.0  150.000000   66.292487     105.75     191.75        40      10         237500.0            385000.0       86.00         0.800000            80.000000
                Black or African American        Male     Hispanic or Latino           1    765000.000000              NaN        765000.0        765000.0                90.000000                      NaN                90.00000                90.00000                 46.000000                       NaN                    46.00                    46.00       855000.000000                 NaN           855000.0           855000.0  163.000000         NaN     163.00     163.00         1       0              0.0                 0.0        0.00         1.000000           100.000000
                Black or African American        Male Not Hispanic or Latino          38    468684.210526    260772.460126        257500.0        600000.0                79.002974                19.549756                75.00000                94.67275                 43.652174                  4.107739                      NaN                      NaN       637105.263158       305429.762747           445000.0           815000.0  194.315789  140.714798     115.00     205.25        28      10         342500.0            370000.0       90.25         0.736842            73.684211
Native Hawaiian or Other Pacific Islander      Female Not Hispanic or Latino           5    477000.000000    105688.220725        385000.0        545000.0                73.106200                25.639133                68.53100                80.00000                 44.250000                  2.500000                      NaN                      NaN       817000.000000       558677.008655           475000.0           715000.0  169.200000   62.555575     130.00     178.00         5       0         160000.0            240000.0       48.00         1.000000           100.000000
Native Hawaiian or Other Pacific Islander        Male     Hispanic or Latino           3    501666.666667    110604.400154        450000.0        560000.0                82.150667                11.459264                75.72600                86.73100                 43.000000                  1.414214                      NaN                      NaN       628333.333333       211266.025033           530000.0           740000.0  121.000000   29.000000     106.50     135.50         1       2         110000.0            210000.0       29.00         0.333333            33.333333
Native Hawaiian or Other Pacific Islander        Male Not Hispanic or Latino           3    581666.666667     32145.502537        570000.0        600000.0                85.000000                 8.660254                80.00000                87.50000                 49.000000                       NaN                      NaN                      NaN       691666.666667       101159.939370           660000.0           750000.0  136.666667   42.099089     112.50     151.00         2       1          30000.0             90000.0       38.50         0.666667            66.666667
                                    White      Female     Hispanic or Latino         168    415595.238095    190346.996034        265000.0        547500.0                79.444897                18.987227                73.82575                95.00000                 44.400000                  4.055048                      NaN                      NaN       547142.857143       243345.305181           380000.0           700000.0  128.416667   79.100135      74.50     152.25       150      18         282500.0            320000.0       77.75         0.892857            89.285714
                                    White      Female Not Hispanic or Latino         357    497633.053221    256088.363272        315000.0        655000.0                71.207043                21.566838                57.76300                85.00000                 44.290323                  3.808735                      NaN                      NaN       738417.366947       362143.396130           485000.0           945000.0  177.526611  137.209908     104.00     216.00       329      28         340000.0            460000.0      112.00         0.921569            92.156863
                                    White        Male     Hispanic or Latino         295    434796.610169    188004.086985        305000.0        555000.0                82.601475                16.143434                75.56100                95.00000                 44.084821                  3.965879                      NaN                      NaN       551474.576271       244134.829198           380000.0           675000.0  148.508475  120.548403      84.00     165.50       272      23         250000.0            295000.0       81.50         0.922034            92.203390
                                    White        Male Not Hispanic or Latino         431    571055.684455    250188.276376        385000.0        730000.0                75.355689                17.256609                68.68150                88.68200                 43.276667                  4.175112                      NaN                      NaN       799709.976798       373757.596943           545000.0           995000.0  200.740139  148.158046     118.50     249.50       404      27         345000.0            450000.0      131.00         0.937355            93.735499