                             derived_race derived_sex      derived_ethnicity  total_apps  avg_loan_amount  std_loan_amount  Q1_loan_amount  Q3_loan_amount  avg_loan_to_value_ratio  std_loan_to_value_ratio  Q1_loan_to_value_ratio  Q3_loan_to_value_ratio  avg_debt_to_income_ratio  std_debt_to_income_ratio  Q1_debt_to_income_ratio  Q3_debt_to_income_ratio  avg_property_value  std_property_value  Q1_property_value  Q3_property_value  avg_income  std_income  Q1_income  Q3_income  accepted  denied  iqr_loan_amount  iqr_property_value  iqr_income  acceptance_rate  acceptance_rate_pct
                 2 or more minority races      Female Not Hispanic or Latino           6    596666.666667    315177.198837        472500.0        692500.0                92.084333                 6.468777                90.87650                 96.5000                 45.250000                  4.500000                      NaN                      NaN        6.483333e+05       327882.092629           577500.0           735000.0  167.666667   58.294654     126.50     178.75         6       0         220000.0            157500.0       52.25         1.000000           100.000000
                 2 or more minority races        Male     Hispanic or Latino           4    502500.000000    192418.814049        405000.0        627500.0                71.457000                18.937165                62.13000                 80.0000                 41.000000                  5.099020                    38.25                    42.75        7.850000e+05       426223.728418           522500.0          1087500.0  145.250000   58.030883     126.25     178.50         2       2         222500.0            565000.0       52.25         0.500000            50.000000
                 2 or more minority races        Male Not Hispanic or Latino           4    400000.000000    146173.412995        345000.0        505000.0                92.250000                 8.220908                91.25000                 97.0000                 46.000000                  2.943920                    45.00                    47.50        4.450000e+05       179629.247804           370000.0           550000.0  154.000000  127.208490      80.25     181.75         2       2         160000.0            180000.0      101.50         0.500000            50.000000
         American Indian or Alaska Native      Female     Hispanic or Latino           7    392142.857143    359477.133520        245000.0        375000.0               137.417571               140.809319                81.05500                 98.5000                 43.600000                  5.029911                      NaN                      NaN        4.707143e+05       387679.297997           275000.0           555000.0  413.714286  694.780952      84.50     295.00         6       1         130000.0            280000.0      210.50         0.857143            85.714286
         American Indian or Alaska Native      Female Not Hispanic or Latino           7    333571.428571    252284.797496        150000.0        520000.0                80.303571                19.055506                71.25000                 92.4950                 44.500000                  4.509250                      NaN                      NaN        4.621429e+05       223809.017223           335000.0           610000.0  177.142857  169.605846      83.50     186.00         7       0         370000.0            275000.0      102.50         1.000000           100.000000
         American Indian or Alaska Native        Male     Hispanic or Latino          10    416000.000000    174766.510903        295000.0        537500.0                88.579400                10.222880                82.50000                 95.0000                 45.428571                  3.154739                      NaN                      NaN        4.740000e+05       191453.504654           332500.0           560000.0  131.100000   54.655385      87.25     152.25         6       4         242500.0            227500.0       65.00         0.600000            60.000000
         American Indian or Alaska Native        Male Not Hispanic or Latino           6    405000.000000    291204.395571        155000.0        660000.0                83.051167                16.003947                80.25000                 92.3115                 47.000000                  2.645751                      NaN                      NaN        5.050000e+05       338585.292061           227500.0           740000.0  170.666667  158.718199      72.50     200.25         5       1         505000.0            512500.0      127.75         0.833333            83.333333
                                    Asian      Female     Hispanic or Latino           5    511000.000000    238914.210544        415000.0        515000.0                79.368000                25.371088                80.00000                 95.0000                 42.000000                  4.082483                      NaN                      NaN        7.230000e+05       400711.866558           435000.0          1145000.0  164.600000  122.424671     108.00     148.00         5       0         100000.0            710000.0       40.00         1.000000           100.000000
                                    Asian      Female Not Hispanic or Latino         232    556206.896552    218549.548296        415000.0        695000.0                72.646185                18.612637                62.57425                 85.0000                 43.570552                  3.947134                      NaN                      NaN        8.176293e+05       348604.491410           575000.0           967500.0  178.409483   91.248106     116.50     219.00       212      20         280000.0            392500.0      102.50         0.913793            91.379310
                                    Asian        Male     Hispanic or Latino          11    499545.454545    246996.503472        375000.0        645000.0                79.387273                22.804863                80.00000                 93.5000                 42.285714                  1.603567                      NaN                      NaN        6.995455e+05       244023.098758           500000.0           780000.0  167.181818   64.601576     122.00     210.00        10       1         270000.0            280000.0       88.00         0.909091            90.909091
                                    Asian        Male Not Hispanic or Latino         378    618703.703704    240489.194267        435000.0        765000.0                73.018228                17.618898                65.57525                 80.0000                 43.571970                  4.033431                      NaN                      NaN        8.988624e+05       406342.817094           625000.0          1092500.0  201.066138  113.243164     134.00     236.00       358      20         330000.0            467500.0      102.00         0.947090            94.708995
                Black or African American      Female     Hispanic or Latino           3    611666.666667     58594.652771        590000.0        645000.0                74.662667                23.453984                64.50000                 87.4940                 46.000000                  4.242641                      NaN                      NaN        8.650000e+05       221133.443875           740000.0           950000.0  152.333333   32.624122     133.50     162.00         3       0          55000.0            210000.0       28.50         1.000000           100.000000
                Black or African American      Female Not Hispanic or Latino          54    522222.222222    244705.573312        365000.0        647500.0                84.592870                18.855065                79.58100                 96.5000                 43.711111                  4.429356                      NaN                      NaN        6.729630e+05       293562.243920           445000.0           810000.0  163.759259  105.811319     102.00     190.25        48       6         282500.0            365000.0       88.25         0.888889            88.888889
                Black or African American        Male     Hispanic or Latino           3    468333.333333    127410.099024        395000.0        510000.0                88.337667                 8.504649                84.00650                 92.5065                 45.500000                  0.707107                      NaN                      NaN        5.383333e+05       198578.280115           425000.0           610000.0  131.000000   44.844175     106.50     150.50         3       0         115000.0            185000.0       44.00         1.000000           100.000000
                Black or African American        Male Not Hispanic or Latino          40    477750.000000    206732.671428        290000.0        620000.0                81.736750                19.662291                80.00000                 94.2025                 42.909091                  4.207806                      NaN                      NaN        6.625000e+05       582803.788946           447500.0           745000.0  150.650000   90.689538      92.75     179.75        32       8         330000.0            297500.0       87.00         0.800000            80.000000
Native Hawaiian or Other Pacific Islander        Male     Hispanic or Latino           1    855000.000000              NaN        855000.0        855000.0                79.480000                      NaN                79.48000                 79.4800                       NaN                       NaN                      NaN                      NaN        1.075000e+06                 NaN          1075000.0          1075000.0  367.000000         NaN     367.00     367.00         1       0              0.0                 0.0        0.00         1.000000           100.000000
Native Hawaiian or Other Pacific Islander        Male Not Hispanic or Latino           3    515000.000000    132287.565553        465000.0        590000.0                85.666667                 9.814955                80.00000                 88.5000                 44.500000                  4.949747                      NaN                      NaN        6.016667e+05       155670.592384           520000.0           675000.0  173.333333   84.583292     124.50     198.00         3       0         125000.0            155000.0       73.50         1.000000           100.000000
                                    White      Female     Hispanic or Latino         160    435750.000000    176409.151348        302500.0        547500.0                82.113094                18.443317                80.00000                 95.0000                 44.836066                  4.100717                      NaN                      NaN        5.586875e+05       243252.649349           395000.0           700000.0  157.412500  355.683546      82.00     161.00       139      21         245000.0            305000.0       79.00         0.868750            86.875000
                                    White      Female Not Hispanic or Latino         376    478191.489362    223002.362994        315000.0        605000.0                71.144104                21.215826                57.66300                 89.0325                 43.371841                  4.227541                      NaN                      NaN        7.206915e+05       368525.784581           475000.0           897500.0  180.510638  181.449526      98.00     203.75       351      25         290000.0            422500.0      105.75         0.933511            93.351064
                                    White        Male     Hispanic or Latino         273    465512.820513    219195.791182        295000.0        605000.0                83.430179                15.422991                80.00000                 95.0000                 44.343284                  3.802179                      NaN                      NaN        5.803846e+05       280423.685588           385000.0           735000.0  151.128205  105.325904      79.00     178.00       246      27         310000.0            350000.0       99.00         0.901099            90.109890
                                    White        Male Not Hispanic or Latino         417    532961.630695    240755.857955        345000.0        705000.0                73.953444                22.016091                63.00000                 89.5170                 43.581227                  4.012400                      NaN                      NaN        7.727938e+05       407590.157157           495000.0           925000.0  226.839329  334.799999     114.00     235.00       395      22         360000.0            430000.0      121.00         0.947242            94.724221