                             derived_race derived_sex      derived_ethnicity  total_apps  avg_loan_amount  std_loan_amount  Q1_loan_amount  Q3_loan_amount  avg_loan_to_value_ratio  std_loan_to_value_ratio  Q1_loan_to_value_ratio  Q3_loan_to_value_ratio  avg_debt_to_income_ratio  std_debt_to_income_ratio  Q1_debt_to_income_ratio  Q3_debt_to_income_ratio  avg_property_value  std_property_value  Q1_property_value  Q3_property_value  avg_income  std_income  Q1_income  Q3_income  accepted  denied  iqr_loan_amount  iqr_property_value  iqr_income  acceptance_rate  acceptance_rate_pct
                 2 or more minority races      Female Not Hispanic or Latino           3     3.583333e+05    126622.799421        290000.0        415000.0                60.386667                18.535602                50.58000                69.00000                 44.000000                       NaN                      NaN                      NaN        6.083333e+05       224796.204001           485000.0           705000.0  109.666667   51.403632      80.50     129.00         3       0         125000.0            220000.0       48.50         1.000000           100.000000
                 2 or more minority races        Male     Hispanic or Latino           1     7.750000e+05              NaN        775000.0        775000.0                48.125000                      NaN                48.12500                48.12500                 41.000000                       NaN                    41.00                    41.00        1.605000e+06                 NaN          1605000.0          1605000.0  195.000000         NaN     195.00     195.00         1       0              0.0                 0.0        0.00         1.000000           100.000000
                 2 or more minority races        Male Not Hispanic or Latino           1     1.045000e+06              NaN       1045000.0       1045000.0                95.000000                      NaN                95.00000                95.00000                 48.000000                       NaN                    48.00                    48.00        1.105000e+06                 NaN          1105000.0          1105000.0  240.000000         NaN     240.00     240.00         1       0              0.0                 0.0        0.00         1.000000           100.000000
         American Indian or Alaska Native      Female     Hispanic or Latino           3     4.316667e+05    266520.793435        280000.0        530000.0                65.293333                39.187474                50.44000                87.50000                 44.500000                  4.949747                      NaN                      NaN        7.750000e+05       370000.000000           590000.0           960000.0  114.333333   40.869712      92.50     133.00         3       0         250000.0            370000.0       40.50         1.000000           100.000000
         American Indian or Alaska Native      Female Not Hispanic or Latino           2     7.800000e+05    106066.017178        742500.0        817500.0                70.990000                 5.656854                68.99000                72.99000                 48.500000                  0.707107                    48.25                    48.75        1.240000e+06       275771.644663          1142500.0          1337500.0  167.500000   33.234019     155.75     179.25         2       0          75000.0            195000.0       23.50         1.000000           100.000000
         American Indian or Alaska Native        Male     Hispanic or Latino           7     4.692857e+05    276999.226404        355000.0        520000.0                82.285714                 9.464218                80.00000                86.50000                 45.200000                  2.387467                      NaN                      NaN        5.792857e+05       326795.407090           420000.0           650000.0  212.285714  252.229865      85.50     180.50         5       2         165000.0            230000.0       95.00         0.714286            71.428571
         American Indian or Alaska Native        Male Not Hispanic or Latino           2     2.350000e+05    226274.169980        155000.0        315000.0                97.135000                 7.261987                94.56750                99.70250                 43.000000                       NaN                      NaN                      NaN        4.000000e+05        35355.339059           387500.0           412500.0   94.000000   91.923882      61.50     126.50         2       0         160000.0             25000.0       65.00         1.000000           100.000000
                                    Asian      Female     Hispanic or Latino           3     3.316667e+05     20816.659995        320000.0        340000.0                81.077667                15.637847                72.11650                86.51150                 42.000000                  1.000000                    41.50                    42.50        4.583333e+05        30550.504633           445000.0           475000.0   93.000000   22.271057      81.00     103.00         3       0          20000.0             30000.0       22.00         1.000000           100.000000
                                    Asian      Female Not Hispanic or Latino         216     5.718981e+05    218419.499931        412500.0        705000.0                71.941060                17.792471                60.73600                80.00000                 43.503030                  3.988741                      NaN                      NaN        8.433796e+05       372379.731609           582500.0           977500.0  176.106481  102.061736     115.00     203.50       208       8         292500.0            395000.0       88.50         0.962963            96.296296
                                    Asian        Male     Hispanic or Latino          10     4.010000e+05    111075.549865        357500.0        450000.0                79.000000                16.469311                71.25000                89.97500                 41.714286                  3.728909                      NaN                      NaN        5.190000e+05       121582.162434           460000.0           592500.0  144.600000   73.714464      97.25     171.75         8       2          92500.0            132500.0       74.50         0.800000            80.000000
                                    Asian        Male Not Hispanic or Latino         392     6.408929e+05    242094.903819        475000.0        765000.0                72.817466                16.628287                66.60350                80.00000                 43.818505                  4.015036                      NaN                      NaN        9.219643e+05       394865.017890           642500.0          1145000.0  234.176020  684.035862     136.00     238.25       366      26         290000.0            502500.0      102.25         0.933673            93.367347
                Black or African American      Female     Hispanic or Latino           2     5.400000e+05    233345.237792        457500.0        622500.0                86.505500                 4.941969                84.75825                88.25275                 46.500000                  3.535534                    45.25                    47.75        6.300000e+05       304055.915910           522500.0           737500.0  136.000000   49.497475     118.50     153.50         2       0         165000.0            215000.0       35.00         1.000000           100.000000
                Black or African American      Female Not Hispanic or Latino          46     4.852174e+05    240614.852506        360000.0        595000.0                86.962152                13.657048                80.00000                96.35000                 43.515152                  3.817077                      NaN                      NaN        6.058696e+05       266723.544659           447500.0           745000.0  157.108696  100.998620     106.00     161.50        42       4         235000.0            297500.0       55.50         0.913043            91.304348
                Black or African American        Male     Hispanic or Latino           6     6.383333e+05    282252.841734        390000.0        847500.0                83.222167                17.984064                86.24500                90.00000                 42.400000                  4.219005                      NaN                      NaN        8.750000e+05       658817.121818           425000.0           942500.0  236.666667  113.182449     156.50     317.75         6       0         457500.0            517500.0      161.25         1.000000           100.000000
                Black or African American        Male Not Hispanic or Latino          29     5.239655e+05    215445.465881        385000.0        675000.0                77.488483                22.503018                74.78000                93.15100                 45.142857                  3.837782                      NaN                      NaN        7.281034e+05       353978.444141           545000.0           815000.0  171.793103   91.655169     108.00     230.00        26       3         290000.0            270000.0      122.00         0.896552            89.655172
Native Hawaiian or Other Pacific Islander      Female Not Hispanic or Latino           1     1.145000e+06              NaN       1145000.0       1145000.0                66.460000                      NaN                66.46000                66.46000                       NaN                       NaN                      NaN                      NaN        1.735000e+06                 NaN          1735000.0          1735000.0    2.000000         NaN       2.00       2.00         0       1              0.0                 0.0        0.00         0.000000             0.000000
Native Hawaiian or Other Pacific Islander        Male     Hispanic or Latino           2     3.250000e+05     28284.271247        315000.0        335000.0                85.000000                 7.071068                82.50000                87.50000                 47.000000                       NaN                      NaN                      NaN        3.900000e+05        63639.610307           367500.0           412500.0  139.000000   19.798990     132.00     146.00         2       0          20000.0             45000.0       14.00         1.000000           100.000000
Native Hawaiian or Other Pacific Islander        Male Not Hispanic or Latino           5     5.130000e+05    313799.298916        315000.0        565000.0                94.800000                 2.863564                95.00000                97.00000                 42.250000                  4.787136                      NaN                      NaN        5.510000e+05       351183.712606           335000.0           585000.0  135.200000   80.874594     108.00     124.00         4       1         250000.0            250000.0       16.00         0.800000            80.000000
                                    White      Female     Hispanic or Latino         168     4.119048e+05    189316.300233        272500.0        515000.0                79.340179                20.656014                74.40700                95.00000                 44.320000                  4.255168                      NaN                      NaN        5.545238e+05       235394.456876           395000.0           657500.0  137.577381  118.132753      80.75     157.75       149      19         242500.0            262500.0       77.00         0.886905            88.690476
                                    White      Female Not Hispanic or Latino         330     4.967879e+05    251084.245489        305000.0        655000.0                72.024673                20.851684                60.33050                89.98850                 44.004098                  3.919454                      NaN                      NaN        7.259394e+05       353503.562008           475000.0           912500.0  170.727273  115.989642     100.25     205.75       307      23         350000.0            437500.0      105.50         0.930303            93.030303
                                    White        Male     Hispanic or Latino         297     4.723401e+05    202315.971210        345000.0        585000.0                82.692209                15.587522                80.00000                95.00000                 44.271028                  4.127248                      NaN                      NaN        5.974579e+05       283261.087447           415000.0           705000.0  158.777778  152.127895      94.00     176.00       270      27         240000.0            290000.0       82.00         0.909091            90.909091
                                    White        Male Not Hispanic or Latino         474     5.193249e+05    269669.886544        315000.0        695000.0                74.308277                19.688986                67.45250                89.39175                 43.748344                  4.121443                      NaN                      NaN        7.540295e+05       473129.014820           435000.0           935000.0  193.748945  176.682579     104.00     234.25       433      41         380000.0            500000.0      130.25         0.913502            91.350211