                             derived_race derived_sex      derived_ethnicity  total_apps  avg_loan_amount  std_loan_amount  Q1_loan_amount  Q3_loan_amount  avg_loan_to_value_ratio  std_loan_to_value_ratio  Q1_loan_to_value_ratio  Q3_loan_to_value_ratio  avg_debt_to_income_ratio  std_debt_to_income_ratio  Q1_debt_to_income_ratio  Q3_debt_to_income_ratio  avg_property_value  std_property_value  Q1_property_value  Q3_property_value  avg_income  std_income  Q1_income  Q3_income  accepted  denied  iqr_loan_amount  iqr_property_value  iqr_income  acceptance_rate  acceptance_rate_pct
                 2 or more minority races      Female     Hispanic or Latino           3    721666.666667    230723.499742        590000.0        805000.0                84.831333                 8.809957               79.747000                 87.5000                 45.000000                  5.656854                      NaN                      NaN        8.683333e+05       326241.219550           690000.0          1010000.0  170.000000   73.368931     130.50     203.00         2       1         215000.0            320000.0       72.50         0.666667            66.666667
                 2 or more minority races      Female Not Hispanic or Latino           4    612500.000000    312449.995999        382500.0        800000.0                91.251500                 5.058690               88.750000                 94.0045                 45.666667                  4.932883                      NaN                      NaN        7.650000e+05       316333.157710           577500.0           912500.0  170.000000   84.581322     101.00     241.50         4       0         417500.0            335000.0      140.50         1.000000           100.000000
                 2 or more minority races        Male     Hispanic or Latino           3    548333.333333    153731.367435        460000.0        600000.0                92.317333                 4.055332               89.976000                 93.4950                 45.000000                  5.656854                      NaN                      NaN        5.916667e+05       142243.921956           510000.0           640000.0  142.000000   21.794495     134.50     154.50         3       0         140000.0            130000.0       20.00         1.000000           100.000000
                 2 or more minority races        Male Not Hispanic or Latino           1    645000.000000              NaN        645000.0        645000.0                80.000000                      NaN               80.000000                 80.0000                 46.000000                       NaN                     46.0                     46.0        8.050000e+05                 NaN           805000.0           805000.0  266.000000         NaN     266.00     266.00         1       0              0.0                 0.0        0.00         1.000000           100.000000
         American Indian or Alaska Native      Female     Hispanic or Latino           9    336111.111111     89084.853433        335000.0        385000.0                82.776667                16.687780               78.151000                 90.0000                 46.285714                  2.690371                      NaN                      NaN        4.172222e+05        96795.890638           385000.0           465000.0  105.888889   62.996914      79.00     112.00         8       1          50000.0             80000.0       33.00         0.888889            88.888889
         American Indian or Alaska Native      Female Not Hispanic or Latino           1    325000.000000              NaN        325000.0        325000.0                96.903000                      NaN               96.903000                 96.9030                       NaN                       NaN                      NaN                      NaN        3.350000e+05                 NaN           335000.0           335000.0  112.000000         NaN     112.00     112.00         1       0              0.0                 0.0        0.00         1.000000           100.000000
         American Indian or Alaska Native        Male     Hispanic or Latino           9    578333.333333    208626.460450        405000.0        735000.0                75.901444                18.371925               70.180000                 80.0000                 46.200000                  2.683282                      NaN                      NaN        8.650000e+05       588960.949469           505000.0           855000.0  227.777778  142.962213     133.00     236.00         7       2         330000.0            350000.0      103.00         0.777778            77.777778
         American Indian or Alaska Native        Male Not Hispanic or Latino           2    415000.000000    438406.204336        260000.0        570000.0                90.000000                14.142136               85.000000                 95.0000                 43.000000                  8.485281                     40.0                     46.0        5.150000e+05       565685.424949           315000.0           715000.0  149.000000  164.048773      91.00     207.00         2       0         310000.0            400000.0      116.00         1.000000           100.000000
                                    Asian      Female     Hispanic or Latino           3    501666.666667    583980.593285        180000.0        750000.0                87.888333                22.342088               75.001500                 94.8210                 46.000000                  4.242641                      NaN                      NaN        6.683333e+05       771513.663737           245000.0          1000000.0  185.000000  187.445992      77.00     245.00         2       1         570000.0            755000.0      168.00         0.666667            66.666667
                                    Asian      Female Not Hispanic or Latino         220    555818.181818    224058.178266        402500.0        687500.0                70.924295                17.859936               60.000000                 80.0000                 44.527607                  3.909963                      NaN                      NaN        8.310000e+05       409878.476255           572500.0           965000.0  179.072727  132.227644     113.00     205.00       212       8         285000.0            392500.0       92.00         0.963636            96.363636
                                    Asian        Male     Hispanic or Latino          12    563333.333333    174347.267535        440000.0        717500.0                78.218250                13.150898               76.175250                 82.4895                 44.600000                  3.405877                      NaN                      NaN        7.333333e+05       248589.962985           567500.0           867500.0  151.666667   60.651513     117.00     201.25        12       0         277500.0            300000.0       84.25         1.000000           100.000000
                                    Asian        Male Not Hispanic or Latino         364    654313.186813    240153.350323        492500.0        795000.0                73.017602                16.850357               64.821493                 80.0000                 43.408730                  3.954372                      NaN                      NaN        9.481593e+05       419096.058465           665000.0          1187500.0  228.684066  242.506952     135.00     253.00       343      21         302500.0            522500.0      118.00         0.942308            94.230769
                Black or African American      Female     Hispanic or Latino           2    395000.000000    523259.018078        210000.0        580000.0                92.500000                10.606602               88.750000                 96.2500                 37.000000                       NaN                      NaN                      NaN        7.750000e+05       183847.763109           710000.0           840000.0  529.000000  516.187950     346.50     711.50         2       0         370000.0            130000.0      365.00         1.000000           100.000000
                Black or African American      Female Not Hispanic or Latino          44    496818.181818    231207.877142        342500.0        627500.0                83.224795                15.816980               80.000000                 95.0000                 44.323529                  4.204763                      NaN                      NaN        6.181818e+05       248069.501957           462500.0           750000.0  163.977273  103.172803      92.00     201.00        39       5         285000.0            287500.0      109.00         0.886364            88.636364
                Black or African American        Male     Hispanic or Latino           3    721666.666667    300887.575904        625000.0        895000.0                84.333333                 6.027714               81.500000                 87.5000                 45.000000                  0.000000                      NaN                      NaN        8.716667e+05       402533.642486           720000.0          1100000.0  259.333333   13.796135     251.50     264.50         3       0         270000.0            380000.0       13.00         1.000000           100.000000
                Black or African American        Male Not Hispanic or Latino          33    497121.212121    217927.131970        385000.0        605000.0                79.092606                21.577092               80.000000                 95.0000                 43.782609                  3.704500                      NaN                      NaN        7.225758e+05       673377.820688           475000.0           795000.0  174.151515  139.599454     105.00     193.00        30       3         220000.0            320000.0       88.00         0.909091            90.909091
Native Hawaiian or Other Pacific Islander      Female     Hispanic or Latino           1    365000.000000              NaN        365000.0        365000.0                31.030000                      NaN               31.030000                 31.0300                 47.000000                       NaN                     47.0                     47.0        1.165000e+06                 NaN          1165000.0          1165000.0  344.000000         NaN     344.00     344.00         0       1              0.0                 0.0        0.00         0.000000             0.000000
Native Hawaiian or Other Pacific Islander      Female Not Hispanic or Latino           5    501000.000000    297707.910543        345000.0        575000.0                77.000000                17.888544               70.000000                 90.0000                 42.750000                  4.193249                      NaN                      NaN        7.170000e+05       419904.751104           385000.0          1145000.0  182.000000  132.442440      95.00     278.00         4       1         230000.0            760000.0      183.00         0.800000            80.000000
Native Hawaiian or Other Pacific Islander        Male     Hispanic or Latino           2    455000.000000    212132.034356        380000.0        530000.0                81.920000                11.426846               77.880000                 85.9600                 48.000000                  1.414214                     47.5                     48.5        5.800000e+05       332340.187158           462500.0           697500.0  116.000000   12.727922     111.50     120.50         2       0         150000.0            235000.0        9.00         1.000000           100.000000
Native Hawaiian or Other Pacific Islander        Male Not Hispanic or Latino           1    325000.000000              NaN        325000.0        325000.0                95.000000                      NaN               95.000000                 95.0000                 49.000000                       NaN                     49.0                     49.0        3.350000e+05                 NaN           335000.0           335000.0   69.000000         NaN      69.00      69.00         1       0              0.0                 0.0        0.00         1.000000           100.000000
                                    White      Female     Hispanic or Latino         160    449312.500000    184256.527068        325000.0        547500.0                82.183500                17.147517               75.000000                 95.0000                 44.539062                  3.885978                      NaN                      NaN        5.733750e+05       231682.084008           425000.0           665000.0  133.206250   80.323802      87.75     149.00       152       8         222500.0            240000.0       61.25         0.950000            95.000000
                                    White      Female Not Hispanic or Latino         370    485378.378378    253514.842053        305000.0        635000.0                73.252349                20.617507               62.321000                 89.9975                 43.615385                  4.093284                      NaN                      NaN        7.042162e+05       395008.396545           435000.0           875000.0  165.129730  167.857984      95.00     189.75       336      34         330000.0            440000.0       94.75         0.908108            90.810811
                                    White        Male     Hispanic or Latino         276    475326.086957    202567.794732        335000.0        595000.0                83.438779                15.005324               80.000000                 95.0000                 44.466346                  4.019136                      NaN                      NaN        5.903261e+05       249889.216561           415000.0           705000.0  172.695652  399.377099      91.00     174.00       250      26         260000.0            290000.0       83.00         0.905797            90.579710
                                    White        Male Not Hispanic or Latino         472    550911.016949    260948.816933        355000.0        725000.0                73.643322                19.269319               63.985250                 85.2500                 43.574534                  4.080465                      NaN                      NaN        7.932627e+05       415024.557183           525000.0           975000.0  195.250000  143.153167     109.50     230.50       443      29         370000.0            450000.0      121.00         0.938559            93.855932