                             derived_race derived_sex      derived_ethnicity  total_apps  avg_loan_amount  std_loan_amount  Q1_loan_amount  Q3_loan_amount  avg_loan_to_value_ratio  std_loan_to_value_ratio  Q1_loan_to_value_ratio  Q3_loan_to_value_ratio  avg_debt_to_income_ratio  std_debt_to_income_ratio  Q1_debt_to_income_ratio  Q3_debt_to_income_ratio  avg_property_value  std_property_value  Q1_property_value  Q3_property_value  avg_income  std_income  Q1_income  Q3_income  accepted  denied  iqr_loan_amount  iqr_property_value  iqr_income  acceptance_rate  acceptance_rate_pct
                 2 or more minority races      Female Not Hispanic or Latino           4    320000.000000    164418.166069        210000.0        435000.0                63.434500                21.177515                52.43450                80.00000                 42.500000                  9.192388                      NaN                      NaN       512500.000000       245543.614592           362500.0           600000.0   92.250000   59.968742      52.25     124.50         4       0         225000.0            237500.0       72.25         1.000000           100.000000
                 2 or more minority races        Male Not Hispanic or Latino           4    427500.000000    236273.147014        317500.0        535000.0                91.520250                14.465291                80.00000                99.56075                 44.250000                  3.862210                    41.50                    47.25       475000.000000       239304.547944           312500.0           632500.0  122.750000   62.505333     100.00     149.25         2       2         217500.0            320000.0       49.25         0.500000            50.000000
         American Indian or Alaska Native      Female     Hispanic or Latino           6    575000.000000    284534.707900        430000.0        625000.0                83.801500                13.553657                82.45225                90.00000                 47.250000                  2.061553                      NaN                      NaN       668333.333333       264095.942162           477500.0           712500.0  171.833333   65.572606     125.75     178.75         5       1         195000.0            235000.0       53.00         0.833333            83.333333
         American Indian or Alaska Native      Female Not Hispanic or Latino           4    525000.000000    242487.113060        410000.0        600000.0                86.642500                12.798662                78.74750                91.54500                 43.666667                  4.725816                      NaN                      NaN       705000.000000       498664.884132           450000.0           790000.0  134.500000   52.488094     121.00     155.00         3       1         190000.0            340000.0       34.00         0.750000            75.000000
         American Indian or Alaska Native        Male     Hispanic or Latino           9    558333.333333    293938.769134        315000.0        745000.0                80.750222                13.198533                70.00000                90.00000                 46.000000                  3.521363                      NaN                      NaN       705000.000000       348855.270850           465000.0           935000.0  215.000000  216.805212     123.00     213.00         7       2         430000.0            470000.0       90.00         0.777778            77.777778
         American Indian or Alaska Native        Male Not Hispanic or Latino           8    466250.000000    155603.663196        395000.0        542500.0                81.093250                10.776810                74.98500                83.75000                 45.500000                  3.619392                      NaN                      NaN       581250.000000       193312.293601           482500.0           682500.0  146.125000   60.295552     119.25     162.50         7       1         147500.0            200000.0       43.25         0.875000            87.500000
                                    Asian      Female     Hispanic or Latino           2    355000.000000     70710.678119        330000.0        380000.0                64.815000                35.461405                52.27750                77.35250                 41.000000                  0.000000                    41.00                    41.00       600000.000000       219203.102168           522500.0           677500.0  102.000000    7.071068      99.50     104.50         2       0          50000.0            155000.0        5.00         1.000000           100.000000
                                    Asian      Female Not Hispanic or Latino         235    569723.404255    218542.735961        410000.0        685000.0                71.875806                18.379499                59.88850                85.00000                 44.151515                  3.666935                      NaN                      NaN       831468.085106       390414.903729           605000.0           955000.0  179.072340  113.061510     113.50     215.50       220      15         275000.0            350000.0      102.00         0.936170            93.617021
                                    Asian        Male     Hispanic or Latino           9    601666.666667    175783.958312        465000.0        675000.0                84.829222                 6.007929                80.00000                89.99000                 47.333333                  3.614784                      NaN                      NaN       716111.111111       233529.679294           525000.0           835000.0  201.555556   79.696473     142.00     240.00         8       1         210000.0            310000.0       98.00         0.888889            88.888889
                                    Asian        Male Not Hispanic or Latino         367    610258.855586    238488.812494        440000.0        765000.0                72.513926                16.826990                64.34000                80.00000                 43.594697                  3.984587                      NaN                      NaN       891621.253406       423526.730772           625000.0          1075000.0  193.926431  120.095511     122.00     238.00       343      24         325000.0            450000.0      116.00         0.934605            93.460490
                Black or African American      Female     Hispanic or Latino           5    491000.000000    227881.548178        485000.0        635000.0                83.600000                13.501852                75.00000                95.00000                 47.000000                  3.082207                    46.00                    49.00       607000.000000       293376.890705           515000.0           785000.0  147.600000   71.486362     127.00     154.00         5       0         150000.0            270000.0       27.00         1.000000           100.000000
                Black or African American      Female Not Hispanic or Latino          50    523600.000000    236876.011656        385000.0        642500.0                83.273660                16.939622                80.00000                95.00000                 43.911765                  4.187772                      NaN                      NaN       679600.000000       281027.342703           485000.0           812500.0  180.920000  108.685624     108.00     217.50        42       8         257500.0            327500.0      109.50         0.840000            84.000000
                Black or African American        Male     Hispanic or Latino           3    715000.000000    105830.052443        675000.0        775000.0                83.037000                19.955578                77.05550                94.55550                 42.000000                       NaN                      NaN                      NaN       908333.333333       319739.477283           735000.0          1050000.0  214.333333   87.088078     166.00     250.50         2       1         100000.0            315000.0       84.50         0.666667            66.666667
                Black or African American        Male Not Hispanic or Latino          32    554375.000000    234739.904108        365000.0        677500.0                86.495063                17.618372                83.75000                95.50000                 43.916667                  4.106375                      NaN                      NaN       704687.500000       335861.764719           455000.0           855000.0  183.156250   95.998357     125.75     207.50        27       5         312500.0            400000.0       81.75         0.843750            84.375000
Native Hawaiian or Other Pacific Islander      Female     Hispanic or Latino           2    205000.000000     28284.271247        195000.0        215000.0                58.750000                30.052038                48.12500                69.37500                 42.000000                  0.000000                    42.00                    42.00       420000.000000       261629.509039           327500.0           512500.0   75.000000   12.727922      70.50      79.50         2       0          20000.0            185000.0        9.00         1.000000           100.000000
Native Hawaiian or Other Pacific Islander      Female Not Hispanic or Latino           1    345000.000000              NaN        345000.0        345000.0                90.000000                      NaN                90.00000                90.00000                 43.000000                       NaN                    43.00                    43.00       385000.000000                 NaN           385000.0           385000.0  113.000000         NaN     113.00     113.00         1       0              0.0                 0.0        0.00         1.000000           100.000000
Native Hawaiian or Other Pacific Islander        Male Not Hispanic or Latino           6    566666.666667    120568.099706        467500.0        640000.0                90.321833                 8.866107                83.75000                96.50000                 45.833333                  2.316607                    43.75                    47.75       631666.666667       122909.180563           555000.0           720000.0  142.666667   49.770138     100.00     180.00         6       0         172500.0            165000.0       80.00         1.000000           100.000000
                                    White      Female     Hispanic or Latino         176    436136.363636    204877.283511        305000.0        565000.0                80.803142                17.419171                75.00000                95.00000                 44.226277                  3.794331                      NaN                      NaN       570113.636364       250845.401761           385000.0           727500.0  141.142045   87.678029      81.00     166.25       155      21         260000.0            342500.0       85.25         0.880682            88.068182
                                    White      Female Not Hispanic or Latino         331    482069.486405    236911.039446        325000.0        615000.0                71.560233                19.737295                60.71750                84.21000                 43.668122                  4.252335                      NaN                      NaN       690528.700906       336327.683275           475000.0           820000.0  161.936556  101.505152      96.50     195.00       309      22         290000.0            345000.0       98.50         0.933535            93.353474
                                    White        Male     Hispanic or Latino         293    470460.750853    195127.836554        335000.0        575000.0                82.381782                15.749392                80.00000                95.00000                 44.413146                  3.934393                      NaN                      NaN       591313.993174       241846.628014           425000.0           715000.0  148.160410   88.725517      91.00     179.00       257      36         240000.0            290000.0       88.00         0.877133            87.713311
                                    White        Male Not Hispanic or Latino         453    562748.344371    268204.053671        365000.0        755000.0                74.780269                17.617670                66.28000                87.67000                 43.596273                  4.026979                      NaN                      NaN       815419.426049       556295.864787           475000.0          1025000.0  204.079470  144.233196     115.00     253.00       428      25         390000.0            550000.0      138.00         0.944812            94.481236