                             derived_race derived_sex      derived_ethnicity  total_apps  avg_loan_amount  std_loan_amount  Q1_loan_amount  Q3_loan_amount  avg_loan_to_value_ratio  std_loan_to_value_ratio  Q1_loan_to_value_ratio  Q3_loan_to_value_ratio  avg_debt_to_income_ratio  std_debt_to_income_ratio  Q1_debt_to_income_ratio  Q3_debt_to_income_ratio  avg_property_value  std_property_value  Q1_property_value  Q3_property_value  avg_income  std_income  Q1_income  Q3_income  accepted  denied  iqr_loan_amount  iqr_property_value  iqr_income  acceptance_rate  acceptance_rate_pct
                 2 or more minority races      Female     Hispanic or Latino           1    605000.000000              NaN        605000.0        605000.0                85.374000                      NaN                 85.3740                 85.3740                 45.000000                       NaN                     45.0                     45.0       705000.000000                 NaN           705000.0           705000.0  138.000000         NaN     138.00     138.00         1       0              0.0                 0.0        0.00         1.000000           100.000000
                 2 or more minority races      Female Not Hispanic or Latino           3    441666.666667    251462.389501        300000.0        540000.0                77.778333                16.948066                 69.9145                 86.7530                 44.500000                  0.707107                      NaN                      NaN       555000.000000       236431.808351           445000.0           680000.0   82.333333   93.511140      31.50     123.50         2       1         240000.0            235000.0       92.00         0.666667            66.666667
                 2 or more minority races        Male Not Hispanic or Latino           6    616666.666667    397060.029047        355000.0        707500.0                86.166667                 9.064583                 80.0000                 93.7500                 43.600000                  3.286335                      NaN                      NaN       748333.333333       547381.646264           420000.0           812500.0  315.833333  338.942719     133.25     283.25         5       1         352500.0            392500.0      150.00         0.833333            83.333333
         American Indian or Alaska Native      Female     Hispanic or Latino           6    308333.333333    152665.211056        172500.0        392500.0                87.348333                10.203530                 84.8175                 93.7500                 43.666667                  4.618802                      NaN                      NaN       361666.666667       184137.629687           207500.0           432500.0  113.666667   45.054042      76.75     148.50         6       0         220000.0            225000.0       71.75         1.000000           100.000000
         American Indian or Alaska Native      Female Not Hispanic or Latino           3    481666.666667    465008.960487        250000.0        715000.0                94.966667                 5.050083                 92.4500                 97.5000                 48.000000                       NaN                      NaN                      NaN       618333.333333       342685.472895           430000.0           765000.0  218.333333  192.281911     110.00     293.50         3       0         465000.0            335000.0      183.50         1.000000           100.000000
         American Indian or Alaska Native        Male     Hispanic or Latino           8    425000.000000    230527.345759        262500.0        605000.0                77.301500                25.365709                 70.0975                 95.0000                 44.400000                  4.979960                      NaN                      NaN       546250.000000       228375.474040           347500.0           745000.0  117.250000   36.448594     100.25     148.00         4       4         342500.0            397500.0       47.75         0.500000            50.000000
         American Indian or Alaska Native        Male Not Hispanic or Latino           5    349000.000000    182290.976189        245000.0        455000.0                80.270800                25.388089                 75.0000                100.0000                 47.400000                  2.607681                     47.0                     49.0       573000.000000       526516.856330           255000.0           605000.0   78.000000   32.825295      62.00      94.00         5       0         210000.0            350000.0       32.00         1.000000           100.000000
                                    Asian      Female     Hispanic or Latino           6    500000.000000    255558.212547        310000.0        577500.0                72.793500                28.029715                 64.7780                 91.1225                 46.250000                  2.217356                      NaN                      NaN       785000.000000       385953.365059           452500.0          1125000.0  236.166667  245.218610     103.50     204.75         6       0         267500.0            672500.0      101.25         1.000000           100.000000
                                    Asian      Female Not Hispanic or Latino         228    550219.298246    223029.689605        402500.0        675000.0                71.726408                20.585543                 60.2305                 83.9565                 44.430380                  4.057496                      NaN                      NaN       825482.456140       387908.925513           582500.0           965000.0  167.578947   83.895613     108.00     208.25       204      24         272500.0            382500.0      100.25         0.894737            89.473684
                                    Asian        Male     Hispanic or Latino           5    557000.000000    174269.905606        455000.0        675000.0                87.041600                17.452103                 89.9580                 97.0000                 40.250000                  3.304038                      NaN                      NaN       659000.000000       208158.593385           585000.0           805000.0  148.200000   68.852741      89.00     178.00         4       1         220000.0            220000.0       89.00         0.800000            80.000000
                                    Asian        Male Not Hispanic or Latino         367    660449.591281    248034.353437        455000.0        850000.0                73.910648                17.863287                 65.0000                 87.6625                 43.303644                  4.117298                      NaN                      NaN       946008.174387       393070.882300           660000.0          1205000.0  208.735695  106.178005     139.50     253.50       341      26         395000.0            545000.0      114.00         0.929155            92.915531
                Black or African American      Female     Hispanic or Latino           4    592500.000000    215619.263209        437500.0        770000.0                77.850500                11.399459                 69.3255                 86.2250                 46.000000                  4.242641                      NaN                      NaN       777500.000000       329380.732082           512500.0           975000.0  302.750000  396.435262     109.75     328.50         3       1         332500.0            462500.0      218.75         0.750000            75.000000
                Black or African American      Female Not Hispanic or Latino          51    514607.843137    218659.194038        335000.0        640000.0                80.888020                19.435055                 79.1670                 95.0000                 44.195122                  3.702833                      NaN                      NaN       685196.078431       290740.366623           445000.0           855000.0  166.588235   93.166555      97.50     207.00        46       5         305000.0            410000.0      109.50         0.901961            90.196078
                Black or African American        Male     Hispanic or Latino           3    638333.333333    100166.528009        590000.0        690000.0                80.866000                13.768182                 76.2990                 88.7840                 47.333333                  1.527525                     46.5                     48.0       798333.333333        46188.021535           785000.0           825000.0  161.333333   48.128301     134.50     181.00         3       0         100000.0             40000.0       46.50         1.000000           100.000000
                Black or African American        Male Not Hispanic or Latino          34    457941.176471    218334.319846        340000.0        575000.0                82.540441                19.481846                 80.0000                 95.0000                 44.250000                  3.883727                      NaN                      NaN       590294.117647       338501.468544           447500.0           682500.0  140.117647   67.621838     100.25     163.75        29       5         235000.0            235000.0       63.50         0.852941            85.294118
Native Hawaiian or Other Pacific Islander      Female Not Hispanic or Latino           2    415000.000000    212132.034356        340000.0        490000.0                66.145000                40.778848                 51.7275                 80.5625                 49.000000                       NaN                      NaN                      NaN       665000.000000        84852.813742           635000.0           695000.0  153.000000   19.798990     146.00     160.00         2       0         150000.0             60000.0       14.00         1.000000           100.000000
Native Hawaiian or Other Pacific Islander        Male     Hispanic or Latino           3    411666.666667    245017.006212        290000.0        535000.0                64.317667                30.980003                 51.4815                 81.5230                 42.000000                  4.582576                     40.0                     44.5       631666.666667       240069.434400           495000.0           720000.0  100.666667   54.243279      76.50     130.00         2       1         245000.0            225000.0       53.50         0.666667            66.666667
Native Hawaiian or Other Pacific Islander        Male Not Hispanic or Latino           3    501666.666667    270246.800783        370000.0        640000.0                73.638000                25.717008                 62.4570                 87.6890                 42.500000                  7.778175                      NaN                      NaN       775000.000000       474447.046571           600000.0          1045000.0  129.666667   64.825407     105.50     166.50         3       0         270000.0            445000.0       61.00         1.000000           100.000000
                                    White      Female     Hispanic or Latino         172    423197.674419    176779.859122        305000.0        507500.0                80.916273                16.044851                 74.0130                 95.0000                 44.380597                  3.986433                      NaN                      NaN       558604.651163       283810.383907           385000.0           677500.0  148.436047  171.291931      85.00     153.25       152      20         202500.0            292500.0       68.25         0.883721            88.372093
                                    White      Female Not Hispanic or Latino         364    476895.604396    234882.257785        305000.0        605000.0                70.165823                21.875373                 55.5520                 84.5760                 43.858268                  4.151716                      NaN                      NaN       725989.010989       381537.573496           475000.0           905000.0  166.252747  123.871331      97.00     200.25       340      24         300000.0            430000.0      103.25         0.934066            93.406593
                                    White        Male     Hispanic or Latino         289    471816.608997    204880.311268        325000.0        605000.0                84.625661                14.824921                 80.0000                 95.0000                 44.457711                  3.865159                      NaN                      NaN       579394.463668       265992.109265           395000.0           745000.0  160.069204  125.103993      90.00     182.00       261      28         280000.0            350000.0       92.00         0.903114            90.311419
                                    White        Male Not Hispanic or Latino         437    556830.663616    249098.997808        365000.0        705000.0                74.968002                17.810066                 67.7420                 89.6050                 43.644366                  4.055743                      NaN                      NaN       796853.546911       479217.152677           515000.0           955000.0  205.752860  141.117503     117.00     247.00       418      19         340000.0            440000.0      130.00         0.956522            95.652174