                             derived_race derived_sex      derived_ethnicity  total_apps  avg_loan_amount  std_loan_amount  Q1_loan_amount  Q3_loan_amount  avg_loan_to_value_ratio  std_loan_to_value_ratio  Q1_loan_to_value_ratio  Q3_loan_to_value_ratio  avg_debt_to_income_ratio  std_debt_to_income_ratio  Q1_debt_to_income_ratio  Q3_debt_to_income_ratio  avg_property_value  std_property_value  Q1_property_value  Q3_property_value  avg_income  std_income  Q1_income  Q3_income  accepted  denied  iqr_loan_amount  iqr_property_value  iqr_income  acceptance_rate  acceptance_rate_pct
                 2 or more minority races      Female     Hispanic or Latino           1    355000.000000              NaN        355000.0        355000.0                97.000000                      NaN                97.00000                 97.0000                 44.000000                       NaN                     44.0                     44.0       365000.000000                 NaN           365000.0           365000.0   97.000000         NaN      97.00      97.00         1       0              0.0                 0.0        0.00         1.000000           100.000000
                 2 or more minority races      Female Not Hispanic or Latino           4    425000.000000     73936.910043        380000.0        480000.0                80.575500                11.807760                76.52550                 84.6500                 45.000000                  1.732051                      NaN                      NaN       700000.000000       334912.924007           550000.0           750000.0  127.250000   80.143101      86.00     137.25         2       2         100000.0            200000.0       51.25         0.500000            50.000000
                 2 or more minority races        Male     Hispanic or Latino           4    585000.000000    120830.459736        577500.0        642500.0                78.699000                10.398577                76.19900                 82.5000                 44.333333                  4.163332                      NaN                      NaN       760000.000000       202731.349327           662500.0           872500.0  156.000000   25.625508     142.50     174.00         4       0          65000.0            210000.0       31.50         1.000000           100.000000
                 2 or more minority races        Male Not Hispanic or Latino           4    660000.000000    190175.357675        590000.0        780000.0                80.987000                 5.952964                78.70450                 82.2825                 46.000000                  4.358899                      NaN                      NaN       820000.000000       250931.597585           735000.0           925000.0  374.500000  413.883639     145.50     445.00         4       0         190000.0            190000.0      299.50         1.000000           100.000000
         American Indian or Alaska Native      Female     Hispanic or Latino           6    348333.333333    130639.452948        260000.0        407500.0                78.396667                24.683278                72.50000                 95.2485                 43.333333                  5.131601                      NaN                      NaN       481666.666667       207814.019418           345000.0           590000.0  116.166667   40.340633      90.75     134.00         6       0         147500.0            245000.0       43.25         1.000000           100.000000
         American Indian or Alaska Native      Female Not Hispanic or Latino           6    300000.000000    231667.865704         95000.0        447500.0                81.563167                18.135643                70.90925                 96.2500                 44.500000                  5.446712                      NaN                      NaN       526666.666667       188405.590858           367500.0           655000.0  234.666667  230.475740      71.25     423.75         6       0         352500.0            287500.0      352.50         1.000000           100.000000
         American Indian or Alaska Native        Male     Hispanic or Latino          11    395909.090909    276891.839730        220000.0        435000.0                78.495182                20.234071                80.00000                 87.5000                 43.875000                  4.015595                      NaN                      NaN       510454.545455       311973.192322           345000.0           550000.0  155.909091  207.397423      77.50     116.50         9       2         215000.0            205000.0       39.00         0.818182            81.818182
         American Indian or Alaska Native        Male Not Hispanic or Latino           7    425000.000000    211738.832842        280000.0        540000.0                71.997714                23.931479                60.95150                 86.5410                 44.500000                  6.363961                      NaN                      NaN       606428.571429       220939.552173           545000.0           760000.0  189.142857  137.293395     106.00     221.00         7       0         260000.0            215000.0      115.00         1.000000           100.000000
                                    Asian      Female     Hispanic or Latino           4    452500.000000    145688.022843        380000.0        477500.0                72.174250                25.672590                67.60275                 83.7500                 44.666667                  3.785939                      NaN                      NaN       712500.000000       362801.598673           460000.0           917500.0  118.750000   49.080716      87.75     135.50         4       0          97500.0            457500.0       47.75         1.000000           100.000000
                                    Asian      Female Not Hispanic or Latino         222    548333.333333    201300.447805        405000.0        672500.0                73.066666                17.031619                63.12250                 84.2695                 44.267516                  3.995803                      NaN                      NaN       796756.756757       367621.773865           565000.0           925000.0  171.265766   96.173376     111.25     213.00       201      21         267500.0            360000.0      101.75         0.905405            90.540541
                                    Asian        Male     Hispanic or Latino          10    625000.000000    210554.822631        515000.0        725000.0                81.372800                 9.034635                79.64750                 84.7270                 44.000000                  4.876246                     40.0                     48.5       794000.000000       312958.996249           597500.0           942500.0  171.200000   53.355829     135.50     196.75        10       0         210000.0            345000.0       61.25         1.000000           100.000000
                                    Asian        Male Not Hispanic or Latino         392    636377.551020    237660.464690        465000.0        805000.0                73.707189                16.260304                65.45450                 80.0000                 43.636042                  4.146054                      NaN                      NaN       913622.448980       423094.966523           625000.0          1127500.0  215.867347  196.134624     130.00     246.25       360      32         340000.0            502500.0      116.25         0.918367            91.836735
                Black or African American      Female     Hispanic or Latino           4    475000.000000    151217.282963        437500.0        542500.0                88.686000                 7.629398                83.75000                 93.8080                 44.333333                  1.527525                      NaN                      NaN       545000.000000       194935.886896           485000.0           645000.0  150.750000   81.483638      93.25     195.50         3       1         105000.0            160000.0      102.25         0.750000            75.000000
                Black or African American      Female Not Hispanic or Latino          40    496250.000000    234774.168631        340000.0        602500.0                86.523975                17.025404                83.75000                 95.0000                 43.093750                  4.098461                      NaN                      NaN       612750.000000       252652.467296           470000.0           670000.0  167.275000   81.381970     118.00     198.50        33       7         262500.0            200000.0       80.50         0.825000            82.500000
                Black or African American        Male     Hispanic or Latino           4    310000.000000    117331.439379        252500.0        392500.0                78.222500                29.563796                68.97250                 97.7500                 45.000000                  3.605551                      NaN                      NaN       462500.000000       261963.737949           335000.0           582500.0   74.250000   36.582099      48.25      94.00         2       2         140000.0            247500.0       45.75         0.500000            50.000000
                Black or African American        Male Not Hispanic or Latino          35    505571.428571    232112.331542        340000.0        630000.0                80.836400                20.660596                77.50000                 95.0000                 44.360000                  3.522310                      NaN                      NaN       675571.428571       339532.055639           450000.0           800000.0  171.914286  119.099902      89.50     184.00        31       4         290000.0            350000.0       94.50         0.885714            88.571429
Native Hawaiian or Other Pacific Islander        Male Not Hispanic or Latino           3    358333.333333    158850.034099        310000.0        450000.0                82.666667                20.033306                75.00000                 94.0000                 41.333333                  5.507571                     38.5                     44.0       475000.000000       285131.548588           335000.0           620000.0  101.666667   43.096790      85.00     126.00         2       1         140000.0            285000.0       41.00         0.666667            66.666667
                                    White      Female     Hispanic or Latino         159    453993.710692    209481.563095        305000.0        585000.0                82.746132                15.954650                80.00000                 95.0000                 44.306452                  4.153904                      NaN                      NaN       569402.515723       254639.460173           365000.0           730000.0  127.477987   70.380057      79.50     150.50       143      16         280000.0            365000.0       71.00         0.899371            89.937107
                                    White      Female Not Hispanic or Latino         329    480592.705167    267238.072257        285000.0        625000.0                70.463918                20.625331                53.08000                 85.0000                 44.084034                  3.956685                      NaN                      NaN       714787.234043       371344.315877           445000.0           905000.0  159.048632  110.136130      87.00     200.00       309      20         340000.0            460000.0      113.00         0.939210            93.920973
                                    White        Male     Hispanic or Latino         282    468865.248227    200176.851341        345000.0        575000.0                84.056138                15.441368                80.00000                 95.0000                 44.311628                  3.957792                      NaN                      NaN       572765.957447       244782.513340           405000.0           685000.0  162.712766  174.029896      95.25     166.50       261      21         230000.0            280000.0       71.25         0.925532            92.553191
                                    White        Male Not Hispanic or Latino         473    557262.156448    260165.688294        355000.0        715000.0                74.845981                18.915268                69.75000                 89.9840                 43.575949                  4.037592                      NaN                      NaN       796649.048626       440426.684827           515000.0           945000.0  225.697674  312.807746     114.00     260.00       433      40         360000.0            430000.0      146.00         0.915433            91.543340