                             derived_race derived_sex      derived_ethnicity  total_apps  avg_loan_amount  std_loan_amount  Q1_loan_amount  Q3_loan_amount  avg_loan_to_value_ratio  std_loan_to_value_ratio  Q1_loan_to_value_ratio  Q3_loan_to_value_ratio  avg_debt_to_income_ratio  std_debt_to_income_ratio  Q1_debt_to_income_ratio  Q3_debt_to_income_ratio  avg_property_value  std_property_value  Q1_property_value  Q3_property_value  avg_income  std_income  Q1_income  Q3_income  accepted  denied  iqr_loan_amount  iqr_property_value  iqr_income  acceptance_rate  acceptance_rate_pct
                 2 or more minority races      Female     Hispanic or Latino           1    385000.000000              NaN        385000.0        385000.0                80.000000                      NaN                80.00000                80.00000                       NaN                       NaN                      NaN                      NaN        4.850000e+05                 NaN           485000.0           485000.0  130.000000         NaN     130.00     130.00         1       0              0.0                 0.0        0.00         1.000000           100.000000
                 2 or more minority races      Female Not Hispanic or Latino           2    365000.000000    113137.084990        325000.0        405000.0                92.500000                 3.535534                91.25000                93.75000                 49.000000                  0.000000                    49.00                    49.00        3.950000e+05        1.131371e+05           355000.0           435000.0   97.000000   15.556349      91.50     102.50         2       0          80000.0             80000.0       11.00         1.000000           100.000000
                 2 or more minority races        Male Not Hispanic or Latino           5    687000.000000    267805.899860        505000.0        905000.0                69.948400                33.918552                66.67000                95.00000                 45.500000                  2.516611                      NaN                      NaN        1.481000e+06        1.355592e+06           595000.0          1355000.0  245.200000   92.182970     200.00     269.00         5       0         400000.0            760000.0       69.00         1.000000           100.000000
         American Indian or Alaska Native      Female     Hispanic or Latino           7    453571.428571    122396.700858        385000.0        490000.0                85.571429                 7.345228                80.00000                87.50000                 46.000000                  3.366502                      NaN                      NaN        5.378571e+05        1.557470e+05           415000.0           605000.0  132.428571   29.324945     111.00     142.50         7       0         105000.0            190000.0       31.50         1.000000           100.000000
         American Indian or Alaska Native      Female Not Hispanic or Latino           1    515000.000000              NaN        515000.0        515000.0               104.280000                      NaN               104.28000               104.28000                       NaN                       NaN                      NaN                      NaN        4.950000e+05                 NaN           495000.0           495000.0  143.000000         NaN     143.00     143.00         0       1              0.0                 0.0        0.00         0.000000             0.000000
         American Indian or Alaska Native        Male     Hispanic or Latino          14    440000.000000    200028.844074        327500.0        522500.0                79.947143                18.057551                80.00000                94.43175                 43.750000                  5.824824                      NaN                      NaN        5.371429e+05        2.032118e+05           410000.0           562500.0  158.428571   98.511783     106.75     171.75        11       3         195000.0            152500.0       65.00         0.785714            78.571429
         American Indian or Alaska Native        Male Not Hispanic or Latino           2    430000.000000     35355.339059        417500.0        442500.0                62.845000                38.402969                49.26750                76.42250                 48.000000                       NaN                      NaN                      NaN        1.730000e+06        1.803122e+06          1092500.0          2367500.0  373.000000  405.879292     229.50     516.50         1       1          25000.0           1275000.0      287.00         0.500000            50.000000
                                    Asian      Female     Hispanic or Latino           1    255000.000000              NaN        255000.0        255000.0                21.233000                      NaN                21.23300                21.23300                 39.000000                       NaN                    39.00                    39.00        1.175000e+06                 NaN          1175000.0          1175000.0  159.000000         NaN     159.00     159.00         1       0              0.0                 0.0        0.00         1.000000           100.000000
                                    Asian      Female Not Hispanic or Latino         229    571550.218341    215328.947383        425000.0        685000.0                73.065664                17.878347                61.40000                85.00000                 43.720497                  4.026803                      NaN                      NaN        8.434279e+05        4.554371e+05           595000.0           945000.0  193.157205  170.780257     116.00     216.00       209      20         260000.0            350000.0      100.00         0.912664            91.266376
                                    Asian        Male     Hispanic or Latino          10    464000.000000    194733.436038        315000.0        557500.0                79.020300                16.794247                76.25000                89.98950                 43.000000                  2.966479                      NaN                      NaN        6.350000e+05        3.281937e+05           340000.0           855000.0  412.500000  708.335490      87.75     329.25         9       1         242500.0            515000.0      241.50         0.900000            90.000000
                                    Asian        Male Not Hispanic or Latino         413    623474.576271    231177.541695        455000.0        755000.0                76.215751                29.773954                70.00000                89.13600                 43.600649                  4.113963                      NaN                      NaN        8.873245e+05        4.367276e+05           615000.0          1005000.0  195.128329  104.589862     131.00     233.00       387      26         300000.0            390000.0      102.00         0.937046            93.704600
                Black or African American      Female     Hispanic or Latino           2    610000.000000    134350.288425        562500.0        657500.0                87.877500                 6.882270                85.44425                90.31075                 43.500000                  0.707107                    43.25                    43.75        7.000000e+05        2.050610e+05           627500.0           772500.0  173.500000    3.535534     172.25     174.75         2       0          95000.0            145000.0        2.50         1.000000           100.000000
                Black or African American      Female Not Hispanic or Latino          47    525000.000000    242782.779992        350000.0        685000.0                81.137745                21.504290                78.88900                95.00000                 44.030303                  4.726817                      NaN                      NaN        6.981915e+05        2.904577e+05           515000.0           820000.0  202.680851  257.932086     107.50     197.00        40       7         335000.0            305000.0       89.50         0.851064            85.106383
                Black or African American        Male     Hispanic or Latino           4    437500.000000    182094.297915        300000.0        532500.0                63.290500                21.177225                51.92650                80.00000                 47.500000                  0.707107                      NaN                      NaN        7.150000e+05        2.218107e+05           685000.0           845000.0  154.750000   81.956798     103.75     183.00         4       0         232500.0            160000.0       79.25         1.000000           100.000000
                Black or African American        Male Not Hispanic or Latino          30    483666.666667    236784.979331        322500.0        667500.0                82.192400                20.356779                80.00000                95.00000                 45.318182                  3.357811                      NaN                      NaN        6.306667e+05        2.666870e+05           477500.0           777500.0  148.066667   70.813467      97.50     192.25        25       5         345000.0            300000.0       94.75         0.833333            83.333333
Native Hawaiian or Other Pacific Islander      Female Not Hispanic or Latino           1    685000.000000              NaN        685000.0        685000.0                95.000000                      NaN                95.00000                95.00000                 48.000000                       NaN                    48.00                    48.00        7.250000e+05                 NaN           725000.0           725000.0  143.000000         NaN     143.00     143.00         1       0              0.0                 0.0        0.00         1.000000           100.000000
Native Hawaiian or Other Pacific Islander        Male Not Hispanic or Latino           5    415000.000000    203224.014329        345000.0        495000.0                79.158400                22.406382                80.00000                94.99500                 44.666667                  3.785939                      NaN                      NaN        5.550000e+05        2.686075e+05           515000.0           675000.0  174.000000   65.992424     129.00     177.00         4       1         150000.0            160000.0       48.00         0.800000            80.000000
                                    White      Female     Hispanic or Latino         176    434375.000000    188103.789739        302500.0        575000.0                79.704483                18.930388                75.00000                95.00000                 44.709459                  3.631408                      NaN                      NaN        5.679545e+05        2.323478e+05           415000.0           675000.0  140.528409  275.503735      79.75     156.00       162      14         272500.0            260000.0       76.25         0.920455            92.045455
                                    White      Female Not Hispanic or Latino         341    460483.870968    243035.008137        285000.0        595000.0                68.341352                22.720590                52.21100                83.48000                 43.678571                  4.220498                      NaN                      NaN        7.052639e+05        3.425084e+05           465000.0           885000.0  162.390029  128.117560      95.00     194.00       318      23         310000.0            420000.0       99.00         0.932551            93.255132
                                    White        Male     Hispanic or Latino         276    460326.086957    213458.709247        305000.0        605000.0                82.897688                15.927970                79.52000                95.00000                 43.975845                  3.764215                      NaN                      NaN        5.891304e+05        2.807451e+05           395000.0           715000.0  150.862319  104.952609      86.75     175.25       245      31         300000.0            320000.0       88.50         0.887681            88.768116
                                    White        Male Not Hispanic or Latino         433    556293.302540    251936.370157        375000.0        715000.0                74.156062                18.397238                66.43400                89.00000                 43.900709                  3.984498                      NaN                      NaN        7.989261e+05        4.570247e+05           515000.0           975000.0  215.053118  210.228413     111.00     244.00       407      26         340000.0            460000.0      133.00         0.939954            93.995381