                             derived_race derived_sex      derived_ethnicity  total_apps  avg_loan_amount  std_loan_amount  Q1_loan_amount  Q3_loan_amount  avg_loan_to_value_ratio  std_loan_to_value_ratio  Q1_loan_to_value_ratio  Q3_loan_to_value_ratio  avg_debt_to_income_ratio  std_debt_to_income_ratio  Q1_debt_to_income_ratio  Q3_debt_to_income_ratio  avg_property_value  std_property_value  Q1_property_value  Q3_property_value  avg_income  std_income  Q1_income  Q3_income  accepted  denied  iqr_loan_amount  iqr_property_value  iqr_income  acceptance_rate  acceptance_rate_pct
                 2 or more minority races      Female Not Hispanic or Latino           3    565000.000000    174355.957742        465000.0        625000.0                91.666667                 5.773503                90.00000                95.00000                 46.000000                  4.242641                      NaN                      NaN        6.283333e+05       240069.434400           490000.0           705000.0  212.333333  156.270065     122.50     264.50         2       1         160000.0            215000.0      142.00         0.666667            66.666667
                 2 or more minority races        Male     Hispanic or Latino           2    345000.000000    410121.933088        200000.0        490000.0                83.185000                 9.637865                79.77750                86.59250                 39.000000                  2.828427                     38.0                    40.00        3.900000e+05       459619.407771           227500.0           552500.0   94.500000   77.074639      67.25     121.75         2       0         290000.0            325000.0       54.50         1.000000           100.000000
                 2 or more minority races        Male Not Hispanic or Latino           4    810000.000000    286414.617876        650000.0       1000000.0                77.777500                18.355357                72.79075                89.96025                 39.333333                  2.081666                      NaN                      NaN        1.205000e+06       696419.413859           842500.0          1442500.0  276.000000   54.313902     240.00     294.50         4       0         350000.0            600000.0       54.50         1.000000           100.000000
         American Indian or Alaska Native      Female     Hispanic or Latino           3    488333.333333     66583.281185        450000.0        510000.0                85.000000                13.228757                80.00000                92.50000                 48.000000                  1.414214                      NaN                      NaN        5.916667e+05       193476.958146           480000.0           650000.0  128.000000   42.508823     103.50     141.50         2       1          60000.0            170000.0       38.00         0.666667            66.666667
         American Indian or Alaska Native      Female Not Hispanic or Latino           1    585000.000000              NaN        585000.0        585000.0                78.000000                      NaN                78.00000                78.00000                       NaN                       NaN                      NaN                      NaN        7.450000e+05                 NaN           745000.0           745000.0  321.000000         NaN     321.00     321.00         1       0              0.0                 0.0        0.00         1.000000           100.000000
         American Indian or Alaska Native        Male     Hispanic or Latino          12    456666.666667    207357.106695        332500.0        615000.0                89.173917                 8.231771                80.00000                95.00000                 42.750000                  3.494894                      NaN                      NaN        5.158333e+05       239448.545748           350000.0           677500.0  176.333333  103.172700      98.75     215.25        10       2         282500.0            327500.0      116.50         0.833333            83.333333
         American Indian or Alaska Native        Male Not Hispanic or Latino           7    596428.571429    214509.407053        500000.0        665000.0                83.552429                13.652295                80.00000                94.00000                 45.750000                  5.251984                      NaN                      NaN        7.507143e+05       304404.179935           575000.0           965000.0  244.285714  165.684152     134.50     315.50         7       0         165000.0            390000.0      181.00         1.000000           100.000000
                                    Asian      Female     Hispanic or Latino           2    625000.000000     56568.542495        605000.0        645000.0                69.852000                14.351439                64.77800                74.92600                 45.000000                       NaN                      NaN                      NaN        9.050000e+05        98994.949366           870000.0           940000.0  200.500000   17.677670     194.25     206.75         2       0          40000.0             70000.0       12.50         1.000000           100.000000
                                    Asian      Female Not Hispanic or Latino         222    560270.270270    225026.230585        395000.0        685000.0                71.498986                20.172331                60.43500                85.00000                 44.097701                  4.026889                      NaN                      NaN        8.451802e+05       402748.435416           587500.0          1012500.0  172.225225   94.191264     115.25     205.00       203      19         290000.0            425000.0       89.75         0.914414            91.441441
                                    Asian        Male     Hispanic or Latino          12    542500.000000    114742.795377        502500.0        617500.0                84.890917                12.026699                80.00000                91.25000                 42.500000                  4.301163                      NaN                      NaN        6.550000e+05       172046.505341           582500.0           790000.0  172.333333   67.503984     141.25     184.00        11       1         115000.0            207500.0       42.75         0.916667            91.666667
                                    Asian        Male Not Hispanic or Latino         381    607834.645669    240238.579786        425000.0        765000.0                71.956764                19.182333                60.97600                85.00000                 43.799257                  3.944181                      NaN                      NaN        8.997769e+05       415455.064505           635000.0          1095000.0  196.482940  134.700888     130.00     233.00       355      26         340000.0            460000.0      103.00         0.931759            93.175853
                Black or African American      Female     Hispanic or Latino           4    572500.000000    493786.391064        195000.0        832500.0                76.014500                29.951706                70.29750                92.22250                 46.500000                  3.535534                      NaN                      NaN        7.300000e+05       491833.305094           437500.0           972500.0  332.500000  465.641135      67.00     385.00         3       1         637500.0            535000.0      318.00         0.750000            75.000000
                Black or African American      Female Not Hispanic or Latino          54    568333.333333    238683.496121        405000.0        705000.0                90.518056                11.466674                85.31025                96.50000                 44.153846                  4.088099                      NaN                      NaN        6.550000e+05       281297.532671           445000.0           792500.0  160.166667   80.554388     116.00     186.75        43      11         300000.0            347500.0       70.75         0.796296            79.629630
                Black or African American        Male     Hispanic or Latino           3    505000.000000    170880.074906        415000.0        585000.0                88.330000                 7.636537                84.99500                92.49500                 49.000000                       NaN                      NaN                      NaN        5.716667e+05       202072.594216           480000.0           680000.0  167.333333   23.586719     155.00     178.50         3       0         170000.0            200000.0       23.50         1.000000           100.000000
                Black or African American        Male Not Hispanic or Latino          37    506081.081081    257377.627705        365000.0        625000.0                87.465676                11.166199                80.00000                95.00000                 45.370370                  3.212334                      NaN                      NaN        5.917568e+05       290201.597113           425000.0           715000.0  165.108108   97.386054      97.00     200.00        33       4         260000.0            290000.0      103.00         0.891892            89.189189
Native Hawaiian or Other Pacific Islander      Female     Hispanic or Latino           1    205000.000000              NaN        205000.0        205000.0                76.340000                      NaN                76.34000                76.34000                       NaN                       NaN                      NaN                      NaN        2.650000e+05                 NaN           265000.0           265000.0   28.000000         NaN      28.00      28.00         0       1              0.0                 0.0        0.00         0.000000             0.000000
Native Hawaiian or Other Pacific Islander      Female Not Hispanic or Latino           4    327500.000000    110867.789130        240000.0        402500.0                88.687500                10.217173                80.00000                96.18750                 42.250000                  4.031129                     39.5                    44.75        4.350000e+05       150332.963784           362500.0           542500.0   89.500000   22.693611      85.25     103.25         4       0         162500.0            180000.0       18.00         1.000000           100.000000
Native Hawaiian or Other Pacific Islander        Male     Hispanic or Latino           3    608333.333333    306648.550190        440000.0        740000.0                92.424333                 4.199069                90.00000                93.63650                 48.500000                  0.707107                      NaN                      NaN        6.650000e+05       348281.495345           470000.0           805000.0  140.333333   94.996491      87.50     179.50         2       1         300000.0            335000.0       92.00         0.666667            66.666667
Native Hawaiian or Other Pacific Islander        Male Not Hispanic or Latino           3    495000.000000     81853.527719        460000.0        540000.0                58.178667                18.977033                47.26800                64.50000                       NaN                       NaN                      NaN                      NaN        8.850000e+05       216333.076528           765000.0           975000.0  234.333333   77.105988     197.00     274.00         3       0          80000.0            210000.0       77.00         1.000000           100.000000
                                    White      Female     Hispanic or Latino         154    428311.688312    175659.560800        305000.0        542500.0                82.722571                18.673374                80.00000                95.00000                 44.246032                  4.021316                      NaN                      NaN        5.488961e+05       237135.166465           405000.0           662500.0  128.649351   76.158463      82.00     151.00       138      16         237500.0            257500.0       69.00         0.896104            89.610390
                                    White      Female Not Hispanic or Latino         343    472784.256560    239326.027566        305000.0        605000.0                70.607997                21.611251                53.88850                86.33450                 43.538462                  3.948246                      NaN                      NaN        7.135423e+05       359003.946683           465000.0           845000.0  160.924198   87.423886      99.00     200.50       320      23         300000.0            380000.0      101.50         0.932945            93.294461
                                    White        Male     Hispanic or Latino         263    483555.133080    203635.385040        345000.0        605000.0                83.170686                14.505490                80.00000                95.00000                 44.239583                  3.725516                      NaN                      NaN        6.010837e+05       267700.600105           420000.0           725000.0  165.114068  129.039147      95.00     193.50       239      24         260000.0            305000.0       98.50         0.908745            90.874525
                                    White        Male Not Hispanic or Latino         482    560643.153527    257539.334026        355000.0        725000.0                73.297662                18.205659                63.35600                86.81325                 43.541796                  4.036397                      NaN                      NaN        8.109544e+05       425907.886823           507500.0          1055000.0  216.068465  197.687929     120.25     250.75       457      25         370000.0            547500.0      130.50         0.948133            94.813278