                             derived_race derived_sex      derived_ethnicity  total_apps  avg_loan_amount  std_loan_amount  Q1_loan_amount  Q3_loan_amount  avg_loan_to_value_ratio  std_loan_to_value_ratio  Q1_loan_to_value_ratio  Q3_loan_to_value_ratio  avg_debt_to_income_ratio  std_debt_to_income_ratio  Q1_debt_to_income_ratio  Q3_debt_to_income_ratio  avg_property_value  std_property_value  Q1_property_value  Q3_property_value  avg_income  std_income  Q1_income  Q3_income  accepted  denied  iqr_loan_amount  iqr_property_value  iqr_income  acceptance_rate  acceptance_rate_pct
                 2 or more minority races      Female Not Hispanic or Latino           5    501000.000000    116103.402190        505000.0        535000.0                72.722200                20.018013                67.00000                80.00000                 45.200000                  1.095445                    45.00                    45.00        7.030000e+05       109407.495173           675000.0           775000.0  125.200000   31.188139     122.00     138.00         5       0          30000.0            100000.0       16.00         1.000000           100.000000
                 2 or more minority races        Male     Hispanic or Latino           2    720000.000000    304055.915910        612500.0        827500.0                77.163000                18.154260                70.74450                83.58150                 44.000000                       NaN                      NaN                      NaN        1.015000e+06       325269.119346           900000.0          1130000.0  333.000000  321.026479     219.50     446.50         2       0         215000.0            230000.0      227.00         1.000000           100.000000
                 2 or more minority races        Male Not Hispanic or Latino           3    685000.000000    130000.000000        645000.0        760000.0                91.373333                 3.170084                89.56000                92.49500                 45.000000                  5.656854                      NaN                      NaN        7.516667e+05       170977.581376           695000.0           850000.0  279.000000  148.495791     201.50     349.50         3       0         115000.0            155000.0      148.00         1.000000           100.000000
         American Indian or Alaska Native      Female     Hispanic or Latino           9    349444.444444    135748.951295        255000.0        435000.0                70.383667                30.994410                50.49500                90.00000                 45.000000                  5.049752                      NaN                      NaN        5.438889e+05       167589.113940           445000.0           695000.0  124.555556   50.502750      74.00     161.00         8       1         180000.0            250000.0       87.00         0.888889            88.888889
         American Indian or Alaska Native      Female Not Hispanic or Latino           4    465000.000000    160623.784042        347500.0        547500.0                70.190000                19.797303                60.23000                76.78000                 41.333333                  5.131601                      NaN                      NaN        6.750000e+05       201163.283595           547500.0           732500.0  159.250000   74.204110     119.25     166.50         4       0         200000.0            185000.0       47.25         1.000000           100.000000
         American Indian or Alaska Native        Male     Hispanic or Latino          10    481000.000000    145846.189909        360000.0        600000.0                87.601300                10.674535                79.25000                95.00000                 44.666667                  4.802777                      NaN                      NaN        5.520000e+05       147727.226107           460000.0           682500.0  165.300000  105.343934     113.50     159.25         7       3         240000.0            222500.0       45.75         0.700000            70.000000
         American Indian or Alaska Native        Male Not Hispanic or Latino           5    601000.000000    188361.354848        585000.0        705000.0                77.969800                 4.455733                79.84900                80.00000                 45.800000                  3.701351                    45.00                    49.00        7.750000e+05       240831.891576           825000.0           885000.0  195.200000  139.889957     150.00     156.00         5       0         120000.0             60000.0        6.00         1.000000           100.000000
                                    Asian      Female     Hispanic or Latino           8    465000.000000    198853.858758        362500.0        540000.0                77.509125                17.728151                68.04725                90.28875                 45.200000                  3.834058                      NaN                      NaN        6.675000e+05       322523.531810           462500.0           912500.0  233.500000  367.485277      77.50     155.50         6       2         177500.0            450000.0       78.00         0.750000            75.000000
                                    Asian      Female Not Hispanic or Latino         221    556674.208145    222735.886636        405000.0        685000.0                71.506853                19.489720                62.00000                80.00000                 43.813253                  4.000917                      NaN                      NaN        8.385294e+05       379402.922419           595000.0           995000.0  189.058824  151.236423     120.00     208.00       205      16         280000.0            400000.0       88.00         0.927602            92.760181
                                    Asian        Male     Hispanic or Latino          11    623181.818182    147432.573186        535000.0        685000.0                83.490273                 7.271220                80.00000                89.99500                 42.800000                  2.863564                      NaN                      NaN        7.577273e+05       220276.685516           610000.0           850000.0  252.000000  305.206815     140.50     193.50        10       1         150000.0            240000.0       53.00         0.909091            90.909091
                                    Asian        Male Not Hispanic or Latino         396    636767.676768    245094.467069        445000.0        775000.0                72.331202                17.804468                61.91000                80.00000                 43.651316                  3.833601                      NaN                      NaN        9.234091e+05       389858.454441           635000.0          1175000.0  206.454545  140.118812     136.00     237.00       368      28         330000.0            540000.0      101.00         0.929293            92.929293
                Black or African American      Female     Hispanic or Latino           2    545000.000000         0.000000        545000.0        545000.0                62.000000                18.384776                55.50000                68.50000                 49.000000                       NaN                      NaN                      NaN        9.200000e+05       275771.644663           822500.0          1017500.0  152.000000   53.740115     133.00     171.00         2       0              0.0            195000.0       38.00         1.000000           100.000000
                Black or African American      Female Not Hispanic or Latino          45    495888.888889    176684.390192        365000.0        615000.0                84.846511                14.717052                80.00000                95.00000                 44.000000                  3.973124                      NaN                      NaN        6.041111e+05       228023.346315           485000.0           765000.0  164.222222   75.109583     117.00     187.00        40       5         250000.0            280000.0       70.00         0.888889            88.888889
                Black or African American        Male     Hispanic or Latino           4    407500.000000     18929.694486        395000.0        412500.0                80.325250                20.171880                73.20700                91.12475                 43.333333                  6.658328                      NaN                      NaN        5.750000e+05       127279.220614           522500.0           597500.0  170.750000  110.185828      91.25     214.50         4       0          17500.0             75000.0      123.25         1.000000           100.000000
                Black or African American        Male Not Hispanic or Latino          45    559222.222222    215116.130253        415000.0        645000.0                85.752289                13.757534                80.00000                95.00000                 44.787879                  3.862946                      NaN                      NaN        6.832222e+05       277327.250807           535000.0           785000.0  174.000000  106.080158     108.00     216.00        40       5         230000.0            250000.0      108.00         0.888889            88.888889
Native Hawaiian or Other Pacific Islander      Female Not Hispanic or Latino           2    395000.000000     98994.949366        360000.0        430000.0                72.944000                13.037635                68.33450                77.55350                 48.000000                       NaN                      NaN                      NaN        5.400000e+05        35355.339059           527500.0           552500.0  124.000000   50.911688     106.00     142.00         2       0          70000.0             25000.0       36.00         1.000000           100.000000
Native Hawaiian or Other Pacific Islander        Male Not Hispanic or Latino           4    525000.000000    356183.473321        352500.0        552500.0                86.243000                10.065636                80.92000                92.46400                 44.000000                  3.741657                    42.25                    45.25        6.450000e+05       521344.415909           380000.0           675000.0  124.500000   77.659513      72.75     159.25         3       1         200000.0            295000.0       86.50         0.750000            75.000000
                                    White      Female     Hispanic or Latino         156    419294.871795    194827.010711        282500.0        547500.0                76.329833                21.961686                65.00000                95.00000                 44.446281                  3.765967                      NaN                      NaN        5.828846e+05       262268.047112           395000.0           717500.0  127.692308   66.140575      81.00     164.50       132      24         265000.0            322500.0       83.50         0.846154            84.615385
                                    White      Female Not Hispanic or Latino         351    486139.601140    254440.249284        305000.0        625000.0                70.597855                21.654385                58.56550                86.85700                 43.966245                  3.965813                      NaN                      NaN        7.433191e+05       467714.529119           465000.0           885000.0  176.182336  155.295224      96.00     208.50       326      25         320000.0            420000.0      112.50         0.928775            92.877493
                                    White        Male     Hispanic or Latino         293    464317.406143    209420.788645        325000.0        585000.0                82.365300                15.623044                76.36400                95.00000                 44.449074                  3.882842                      NaN                      NaN        5.848294e+05       268609.378423           405000.0           715000.0  160.081911  149.490413      89.00     181.00       263      30         260000.0            310000.0       92.00         0.897611            89.761092
                                    White        Male Not Hispanic or Latino         424    559316.037736    254200.650680        375000.0        717500.0                75.625408                19.007009                70.00000                90.00000                 43.667870                  4.114945                      NaN                      NaN        7.884198e+05       467295.273876           525000.0           925000.0  229.393868  309.975600     116.75     244.25       401      23         342500.0            400000.0      127.50         0.945755            94.575472