                             derived_race derived_sex      derived_ethnicity  total_apps  avg_loan_amount  std_loan_amount  Q1_loan_amount  Q3_loan_amount  avg_loan_to_value_ratio  std_loan_to_value_ratio  Q1_loan_to_value_ratio  Q3_loan_to_value_ratio  avg_debt_to_income_ratio  std_debt_to_income_ratio  Q1_debt_to_income_ratio  Q3_debt_to_income_ratio  avg_property_value  std_property_value  Q1_property_value  Q3_property_value  avg_income  std_income  Q1_income  Q3_income  accepted  denied  iqr_loan_amount  iqr_property_value  iqr_income  acceptance_rate  acceptance_rate_pct
                 2 or more minority races      Female     Hispanic or Latino           3    421666.666667    287286.152352        315000.0        585000.0                78.186667                17.789450                69.78000                87.50000                 43.333333                  4.932883                    40.50                     45.0       505000.000000       314324.672910           365000.0           675000.0  111.000000   46.808119      96.50     138.00         3       0         270000.0            310000.0       41.50         1.000000           100.000000
                 2 or more minority races      Female Not Hispanic or Latino           7    590714.285714    262732.889887        435000.0        730000.0                68.352143                12.809580                58.99050                79.07200                 45.666667                  2.065591                      NaN                      NaN       876428.571429       367624.290612           710000.0          1125000.0  192.428571  143.300218     118.00     199.00         7       0         295000.0            415000.0       81.00         1.000000           100.000000
                 2 or more minority races        Male     Hispanic or Latino           2    485000.000000    268700.576851        390000.0        580000.0                93.500000                 4.949747                91.75000                95.25000                 43.000000                  4.242641                    41.50                     44.5       655000.000000       452548.339959           495000.0           815000.0  143.500000   84.145707     113.75     173.25         2       0         190000.0            320000.0       59.50         1.000000           100.000000
                 2 or more minority races        Male Not Hispanic or Latino           6    416666.666667    209419.833508        245000.0        565000.0                84.833333                11.338724                80.00000                93.75000                 44.800000                  3.834058                      NaN                      NaN       516666.666667       276652.610085           267500.0           762500.0  240.333333  366.647333      68.25     136.25         6       0         320000.0            495000.0       68.00         1.000000           100.000000
         American Indian or Alaska Native      Female     Hispanic or Latino           5    359000.000000     71274.118725        325000.0        425000.0                80.041600                27.283938                73.11000                97.00000                 41.250000                  4.787136                      NaN                      NaN       493000.000000       160841.536924           445000.0           465000.0  135.400000   71.967354     105.00     114.00         5       0         100000.0             20000.0        9.00         1.000000           100.000000
         American Indian or Alaska Native      Female Not Hispanic or Latino           3    508333.333333    222336.081942        380000.0        575000.0                75.980000                17.476438                66.47000                83.65500                 40.500000                  6.363961                      NaN                      NaN       698333.333333       339460.356056           515000.0           850000.0  142.000000   33.045423     123.00     153.00         3       0         195000.0            335000.0       30.00         1.000000           100.000000
         American Indian or Alaska Native        Male     Hispanic or Latino           8    485000.000000    168013.604891        327500.0        620000.0                83.208750                14.133649                76.66750                95.50000                 43.400000                  3.507136                      NaN                      NaN       602500.000000       242825.628207           505000.0           690000.0  141.125000   53.839543     101.25     162.75         7       1         292500.0            185000.0       61.50         0.875000            87.500000
         American Indian or Alaska Native        Male Not Hispanic or Latino           6    481666.666667    193149.337733        422500.0        570000.0                88.499833                 7.314602                82.00000                95.00000                 45.333333                  3.669696                    42.75                     48.0       556666.666667       246934.539234           467500.0           690000.0  138.833333   51.993910     143.25     159.00         6       0         147500.0            222500.0       15.75         1.000000           100.000000
                                    Asian      Female     Hispanic or Latino           8    528750.000000    271500.460405        377500.0        570000.0                73.251125                22.230168                66.93875                83.60000                 42.500000                  5.648008                      NaN                      NaN       805000.000000       475063.905476           450000.0          1167500.0  178.250000  111.009330      92.25     196.50         7       1         192500.0            717500.0      104.25         0.875000            87.500000
                                    Asian      Female Not Hispanic or Latino         233    571695.278970    219367.776576        425000.0        705000.0                71.631262                17.865636                60.00000                80.00000                 43.855491                  3.877025                      NaN                      NaN       851266.094421       377696.349382           595000.0          1025000.0  184.296137  106.856143     120.00     222.00       222      11         280000.0            430000.0      102.00         0.952790            95.278970
                                    Asian        Male     Hispanic or Latino           8    390000.000000    124670.995596        350000.0        460000.0                71.581500                19.732026                57.19000                82.51900                 45.250000                  4.112988                      NaN                      NaN       631250.000000       333806.509395           447500.0           807500.0  155.125000   64.653886     111.00     181.75         6       2         110000.0            360000.0       70.75         0.750000            75.000000
                                    Asian        Male Not Hispanic or Latino         366    648551.912568    231366.296273        477500.0        775000.0                75.997093                30.817216                68.73550                85.90750                 43.860294                  4.077067                      NaN                      NaN       929863.387978       443865.779939           635000.0          1122500.0  220.693989  383.195875     138.00     239.75       344      22         297500.0            487500.0      101.75         0.939891            93.989071
                Black or African American      Female     Hispanic or Latino           3    361666.666667    202566.861390        280000.0        475000.0                81.768667                31.915303                71.50000               100.15300                 46.666667                  1.527525                    46.00                     47.5       738333.333333       388372.673258           580000.0           955000.0  106.666667   38.279673      91.00     128.00         3       0         195000.0            375000.0       37.00         1.000000           100.000000
                Black or African American      Female Not Hispanic or Latino          45    445888.888889    191225.975582        315000.0        585000.0                86.836467                14.607138                80.00000                97.00000                 44.205128                  3.784869                      NaN                      NaN       554111.111111       270141.564085           375000.0           655000.0  141.600000   75.266919      84.00     177.00        38       7         270000.0            280000.0       93.00         0.844444            84.444444
                Black or African American        Male Not Hispanic or Latino          30    587000.000000    225119.125553        367500.0        742500.0                85.035167                14.129498                80.00000                95.00000                 44.200000                  3.719319                      NaN                      NaN       740666.666667       349775.133019           467500.0           895000.0  176.333333   89.919632     114.50     239.50        28       2         375000.0            427500.0      125.00         0.933333            93.333333
Native Hawaiian or Other Pacific Islander      Female     Hispanic or Latino           1    435000.000000              NaN        435000.0        435000.0                80.000000                      NaN                80.00000                80.00000                 45.000000                       NaN                    45.00                     45.0       545000.000000                 NaN           545000.0           545000.0  100.000000         NaN     100.00     100.00         1       0              0.0                 0.0        0.00         1.000000           100.000000
Native Hawaiian or Other Pacific Islander      Female Not Hispanic or Latino           5    447000.000000    176408.616570        385000.0        545000.0                70.861400                28.725436                58.88000                88.00000                 44.750000                  4.031129                      NaN                      NaN       677000.000000       104019.228992           655000.0           725000.0  150.200000   36.030543     120.00     180.00         5       0         160000.0             70000.0       60.00         1.000000           100.000000
Native Hawaiian or Other Pacific Islander        Male     Hispanic or Latino           2    450000.000000     91923.881554        417500.0        482500.0                86.731000                11.694132                82.59650                90.86550                 44.000000                       NaN                      NaN                      NaN       530000.000000       176776.695297           467500.0           592500.0  106.500000   20.506097      99.25     113.75         1       1          65000.0            125000.0       14.50         0.500000            50.000000
Native Hawaiian or Other Pacific Islander        Male Not Hispanic or Latino           3    388333.333333     94516.312525        335000.0        425000.0                89.998333                 8.658811                87.49750                94.99750                 38.500000                  2.121320                      NaN                      NaN       431666.666667        90737.717259           390000.0           480000.0  126.333333   47.427137     101.00     148.00         3       0          90000.0             90000.0       47.00         1.000000           100.000000
                                    White      Female     Hispanic or Latino         136    429117.647059    204020.589332        295000.0        525000.0                79.039250                20.005199                73.83750                95.00000                 44.373832                  3.965710                      NaN                      NaN       560661.764706       264134.371544           375000.0           695000.0  144.073529  150.372113      78.00     160.50       122      14         230000.0            320000.0       82.50         0.897059            89.705882
                                    White      Female Not Hispanic or Latino         361    464335.180055    232084.996662        305000.0        605000.0                69.196180                21.193805                57.10800                83.45000                 43.874525                  4.076960                      NaN                      NaN       708684.210526       353182.357682           465000.0           895000.0  163.631579  117.596131      91.00     201.00       346      15         300000.0            430000.0      110.00         0.958449            95.844875
                                    White        Male     Hispanic or Latino         283    459487.632509    220220.720248        305000.0        565000.0                81.636534                16.144576                77.94750                95.00000                 43.956731                  4.210988                      NaN                      NaN       581466.431095       295131.094991           385000.0           720000.0  178.540636  169.741170      86.50     204.00       259      24         260000.0            335000.0      117.50         0.915194            91.519435
                                    White        Male Not Hispanic or Latino         476    550105.042017    253325.231972        365000.0        735000.0                74.268525                19.211315                66.06000                89.99925                 43.572848                  4.069127                      NaN                      NaN       774516.806723       362323.463701           515000.0           967500.0  208.947479  170.591970     115.00     243.50       443      33         370000.0            452500.0      128.50         0.930672            93.067227