                             derived_race derived_sex      derived_ethnicity  total_apps  avg_loan_amount  std_loan_amount  Q1_loan_amount  Q3_loan_amount  avg_loan_to_value_ratio  std_loan_to_value_ratio  Q1_loan_to_value_ratio  Q3_loan_to_value_ratio  avg_debt_to_income_ratio  std_debt_to_income_ratio  Q1_debt_to_income_ratio  Q3_debt_to_income_ratio  avg_property_value  std_property_value  Q1_property_value  Q3_property_value  avg_income  std_income  Q1_income  Q3_income  accepted  denied  iqr_loan_amount  iqr_property_value  iqr_income  acceptance_rate  acceptance_rate_pct
                 2 or more minority races      Female Not Hispanic or Latino           5    555000.000000    199624.647777        495000.0        515000.0                75.264400                15.391288                64.89200                  87.000                 47.500000                  2.121320                      NaN                      NaN        7.530000e+05       239102.488486           705000.0           855000.0  191.800000   86.467913     168.00     275.00         3       2          20000.0            150000.0      107.00         0.600000            60.000000
                 2 or more minority races        Male     Hispanic or Latino           1    445000.000000              NaN        445000.0        445000.0                89.962000                      NaN                89.96200                  89.962                       NaN                       NaN                      NaN                      NaN        4.950000e+05                 NaN           495000.0           495000.0  157.000000         NaN     157.00     157.00         1       0              0.0                 0.0        0.00         1.000000           100.000000
                 2 or more minority races        Male Not Hispanic or Latino           3    561666.666667    128582.010147        515000.0        635000.0                84.000000                11.532563                77.50000                  88.500                 44.000000                       NaN                      NaN                      NaN        7.150000e+05       173205.080757           665000.0           815000.0  465.000000  455.290017     205.00     628.50         3       0         120000.0            150000.0      423.50         1.000000           100.000000
         American Indian or Alaska Native      Female     Hispanic or Latino           5    453000.000000    113666.177907        375000.0        475000.0                83.222000                13.825390                73.11000                  95.000                 47.000000                  1.732051                      NaN                      NaN        5.690000e+05       217209.576216           455000.0           595000.0  164.000000   63.968742     114.00     191.00         5       0         100000.0            140000.0       77.00         1.000000           100.000000
         American Indian or Alaska Native      Female Not Hispanic or Latino           1    485000.000000              NaN        485000.0        485000.0                89.900000                      NaN                89.90000                  89.900                       NaN                       NaN                      NaN                      NaN        5.350000e+05                 NaN           535000.0           535000.0  152.000000         NaN     152.00     152.00         1       0              0.0                 0.0        0.00         1.000000           100.000000
         American Indian or Alaska Native        Male     Hispanic or Latino          14    417857.142857    172601.300086        287500.0        527500.0                86.807500                 9.932447                80.00000                  95.000                 44.833333                  3.904155                      NaN                      NaN        4.785714e+05       176966.191593           335000.0           560000.0  109.642857   38.933093      75.50     152.25        13       1         240000.0            225000.0       76.75         0.928571            92.857143
         American Indian or Alaska Native        Male Not Hispanic or Latino           1    555000.000000              NaN        555000.0        555000.0                95.000000                      NaN                95.00000                  95.000                       NaN                       NaN                      NaN                      NaN        5.850000e+05                 NaN           585000.0           585000.0  190.000000         NaN     190.00     190.00         1       0              0.0                 0.0        0.00         1.000000           100.000000
                                    Asian      Female     Hispanic or Latino           4    360000.000000    146628.782986        250000.0        480000.0                63.452500                31.910825                48.27400                  83.750                 43.666667                  5.773503                      NaN                      NaN        6.700000e+05       370630.094119           482500.0           747500.0  124.250000   46.857052     103.00     146.25         4       0         230000.0            265000.0       43.25         1.000000           100.000000
                                    Asian      Female Not Hispanic or Latino         238    560168.067227    227042.471513        405000.0        672500.0                71.277101                20.033564                58.07200                  84.880                 44.034286                  3.704451                      NaN                      NaN        8.627731e+05       507689.894002           577500.0          1035000.0  177.348739  109.671355     114.00     201.75       222      16         267500.0            457500.0       87.75         0.932773            93.277311
                                    Asian        Male     Hispanic or Latino           9    512777.777778    208133.237241        405000.0        595000.0                82.179000                12.479313                70.00000                  95.000                 44.666667                  4.676181                      NaN                      NaN        6.516667e+05       349749.910650           445000.0           705000.0  159.000000   68.260530     108.00     206.00         9       0         190000.0            260000.0       98.00         1.000000           100.000000
                                    Asian        Male Not Hispanic or Latino         358    643798.882682    238800.594941        485000.0        772500.0                72.849022                17.700623                64.63775                  80.000                 43.906883                  4.018685                      NaN                      NaN        9.372346e+05       417327.808100           665000.0          1125000.0  208.156425  124.589671     136.25     247.00       323      35         287500.0            460000.0      110.75         0.902235            90.223464
                Black or African American      Female     Hispanic or Latino           2    480000.000000     63639.610307        457500.0        502500.0                94.000000                 5.656854                92.00000                  96.000                 44.000000                  4.242641                     42.5                     45.5        7.700000e+05       403050.865276           627500.0           912500.0  119.000000   26.870058     109.50     128.50         2       0          45000.0            285000.0       19.00         1.000000           100.000000
                Black or African American      Female Not Hispanic or Latino          38    512368.421053    214219.945201        412500.0        610000.0                87.007447                14.075917                80.00000                  96.750                 43.419355                  3.862419                      NaN                      NaN        6.223684e+05       244945.489915           497500.0           745000.0  156.868421   87.634120      94.00     200.75        32       6         197500.0            247500.0      106.75         0.842105            84.210526
                Black or African American        Male     Hispanic or Latino           2    455000.000000     70710.678119        430000.0        480000.0                91.000000                 8.485281                88.00000                  94.000                 39.000000                       NaN                      NaN                      NaN        5.000000e+05       120208.152802           457500.0           542500.0  138.000000   19.798990     131.00     145.00         2       0          50000.0             85000.0       14.00         1.000000           100.000000
                Black or African American        Male Not Hispanic or Latino          29    574655.172414    295761.520228        365000.0        755000.0                85.745166                17.038645                82.88100                  95.000                 43.869565                  4.267257                      NaN                      NaN        6.860345e+05       325009.283687           455000.0           855000.0  165.137931   74.350869     106.00     210.00        25       4         390000.0            400000.0      104.00         0.862069            86.206897
Native Hawaiian or Other Pacific Islander      Female     Hispanic or Latino           1    365000.000000              NaN        365000.0        365000.0                31.030000                      NaN                31.03000                  31.030                 47.000000                       NaN                     47.0                     47.0        1.165000e+06                 NaN          1165000.0          1165000.0  344.000000         NaN     344.00     344.00         0       1              0.0                 0.0        0.00         0.000000             0.000000
Native Hawaiian or Other Pacific Islander      Female Not Hispanic or Latino           1    355000.000000              NaN        355000.0        355000.0               105.000000                      NaN               105.00000                 105.000                 38.000000                       NaN                     38.0                     38.0        4.150000e+05                 NaN           415000.0           415000.0  109.000000         NaN     109.00     109.00         0       1              0.0                 0.0        0.00         0.000000             0.000000
Native Hawaiian or Other Pacific Islander        Male Not Hispanic or Latino           1    985000.000000              NaN        985000.0        985000.0                90.000000                      NaN                90.00000                  90.000                 40.000000                       NaN                     40.0                     40.0        1.095000e+06                 NaN          1095000.0          1095000.0  271.000000         NaN     271.00     271.00         1       0              0.0                 0.0        0.00         1.000000           100.000000
                                    White      Female     Hispanic or Latino         161    428043.478261    192275.984844        305000.0        545000.0                80.181255                20.414262                75.00000                  95.000                 45.221311                  3.707291                      NaN                      NaN        5.535714e+05       233620.571501           375000.0           695000.0  129.347826   89.326806      79.00     149.00       144      17         240000.0            320000.0       70.00         0.894410            89.440994
                                    White      Female Not Hispanic or Latino         349    490616.045845    258099.778833        295000.0        625000.0                70.903682                20.130135                57.83000                  85.000                 44.016129                  3.858812                      NaN                      NaN        7.306447e+05       394617.448765           465000.0           885000.0  165.467049  123.627974      94.00     206.00       318      31         330000.0            420000.0      112.00         0.911175            91.117479
                                    White        Male     Hispanic or Latino         279    478046.594982    207945.676310        335000.0        600000.0                83.795229                15.126364                80.00000                  95.000                 44.392523                  3.960502                      NaN                      NaN        5.903763e+05       255526.931128           415000.0           715000.0  168.315412  172.651792      89.50     180.00       250      29         265000.0            300000.0       90.50         0.896057            89.605735
                                    White        Male Not Hispanic or Latino         498    579257.028112    269503.512146        365000.0        765000.0                75.138893                20.737629                66.19050                  88.860                 43.552941                  4.108430                      NaN                      NaN        8.330120e+05       462152.979123           525000.0          1055000.0  218.098394  177.083596     120.00     257.75       459      39         400000.0            530000.0      137.75         0.921687            92.168675