                             derived_race derived_sex      derived_ethnicity  total_apps  avg_loan_amount  std_loan_amount  Q1_loan_amount  Q3_loan_amount  avg_loan_to_value_ratio  std_loan_to_value_ratio  Q1_loan_to_value_ratio  Q3_loan_to_value_ratio  avg_debt_to_income_ratio  std_debt_to_income_ratio  Q1_debt_to_income_ratio  Q3_debt_to_income_ratio  avg_property_value  std_property_value  Q1_property_value  Q3_property_value  avg_income  std_income  Q1_income  Q3_income  accepted  denied  iqr_loan_amount  iqr_property_value  iqr_income  acceptance_rate  acceptance_rate_pct
                 2 or more minority races      Female     Hispanic or Latino           1    285000.000000              NaN        285000.0        285000.0                99.140000                      NaN                99.14000                99.14000                 42.000000                       NaN                     42.0                     42.0       575000.000000                 NaN           575000.0           575000.0   95.000000         NaN      95.00      95.00         1       0              0.0                 0.0        0.00         1.000000           100.000000
                 2 or more minority races      Female Not Hispanic or Latino           2    395000.000000    183847.763109        330000.0        460000.0                87.000000                 2.828427                86.00000                88.00000                 46.000000                  2.828427                     45.0                     47.0       485000.000000       183847.763109           420000.0           550000.0  151.000000   89.095454     119.50     182.50         2       0         130000.0            130000.0       63.00         1.000000           100.000000
                 2 or more minority races        Male     Hispanic or Latino           4    617500.000000    288833.862281        550000.0        762500.0                84.188750                13.756497                76.66750                94.06375                 48.666667                  0.577350                      NaN                      NaN       710000.000000       281010.082856           642500.0           862500.0  157.250000  103.599791     119.75     203.50         3       1         212500.0            220000.0       83.75         0.750000            75.000000
                 2 or more minority races        Male Not Hispanic or Latino           4    547500.000000    412017.394455        305000.0        797500.0                83.746750                 5.328124                81.42175                86.25000                 44.333333                  4.509250                      NaN                      NaN       645000.000000       473497.624070           397500.0           902500.0  223.500000  260.005769      68.25     278.75         4       0         492500.0            505000.0      210.50         1.000000           100.000000
         American Indian or Alaska Native      Female     Hispanic or Latino           8    442500.000000    183361.469702        315000.0        520000.0                80.246375                14.912671                73.08850                95.00000                 46.000000                  3.286335                      NaN                      NaN       557500.000000       198907.731660           417500.0           685000.0  103.375000   52.879749      69.50     108.25         7       1         205000.0            267500.0       38.75         0.875000            87.500000
         American Indian or Alaska Native      Female Not Hispanic or Latino           5    413000.000000    273989.050876        225000.0        485000.0                88.952800                12.119613                78.00000                95.00000                 47.666667                  1.154701                      NaN                      NaN       563000.000000       501268.391184           265000.0           535000.0  120.800000   53.457460     105.00     146.00         5       0         260000.0            270000.0       41.00         1.000000           100.000000
         American Indian or Alaska Native        Male     Hispanic or Latino           7    350714.285714    166619.040814        295000.0        400000.0                57.992714                34.341544                28.03900                89.99650                 43.400000                  2.880972                      NaN                      NaN       699285.714286       303636.687663           460000.0           885000.0  125.714286   40.754199      94.00     164.00         6       1         105000.0            425000.0       70.00         0.857143            85.714286
         American Indian or Alaska Native        Male Not Hispanic or Latino           6    488333.333333    143341.085062        410000.0        562500.0                78.242500                23.919230                69.78500                91.25000                 44.750000                  5.678908                      NaN                      NaN       695000.000000       389050.125305           510000.0           665000.0  148.333333   42.790965     117.75     174.00         5       1         152500.0            155000.0       56.25         0.833333            83.333333
                                    Asian      Female     Hispanic or Latino           7    462142.857143    203036.473383        345000.0        615000.0                76.723286                18.922359                74.03150                84.50000                 44.800000                  5.019960                      NaN                      NaN       650714.285714       265823.070409           490000.0           845000.0  123.714286   53.021110      82.50     155.50         7       0         270000.0            355000.0       73.00         1.000000           100.000000
                                    Asian      Female Not Hispanic or Latino         222    562702.702703    214955.834445        405000.0        702500.0                73.786964                17.782590                65.05725                85.00000                 43.982659                  3.884187                      NaN                      NaN       805900.900901       367947.836037           565000.0           932500.0  181.301802  163.521938     111.00     216.50       208      14         297500.0            367500.0      105.50         0.936937            93.693694
                                    Asian        Male     Hispanic or Latino          10    580000.000000    191325.783823        430000.0        715000.0                78.298600                13.482056                66.72000                90.26150                 43.222222                  4.737557                      NaN                      NaN       758000.000000       267832.866625           495000.0           952500.0  162.600000   65.523872     131.25     187.00        10       0         285000.0            457500.0       55.75         1.000000           100.000000
                                    Asian        Male Not Hispanic or Latino         375    629293.333333    251451.336620        435000.0        795000.0                73.784186                21.336269                65.16500                84.75300                 43.553114                  3.993322                      NaN                      NaN       901560.000000       391544.529673           620000.0          1155000.0  199.096000  102.630021     131.00     252.00       351      24         360000.0            535000.0      121.00         0.936000            93.600000
                Black or African American      Female     Hispanic or Latino           5    585000.000000    383861.954353        495000.0        545000.0                65.912600                21.396421                62.40600                75.00000                 47.000000                  4.000000                      NaN                      NaN       821000.000000       316196.141659           715000.0           795000.0  326.200000  404.173478     106.00     320.00         5       0          50000.0             80000.0      214.00         1.000000           100.000000
                Black or African American      Female Not Hispanic or Latino          51    437745.098039    213176.719474        260000.0        590000.0               119.327725               277.812686                74.08950                95.00000                 44.972973                  3.515730                      NaN                      NaN       559117.647059       217082.256028           415000.0           700000.0  145.745098   91.772947      87.50     164.00        48       3         330000.0            285000.0       76.50         0.941176            94.117647
                Black or African American        Male     Hispanic or Latino           1    415000.000000              NaN        415000.0        415000.0               100.000000                      NaN               100.00000               100.00000                 44.000000                       NaN                     44.0                     44.0       525000.000000                 NaN           525000.0           525000.0  104.000000         NaN     104.00     104.00         0       1              0.0                 0.0        0.00         0.000000             0.000000
                Black or African American        Male Not Hispanic or Latino          41    540365.853659    254195.766693        375000.0        705000.0                80.726707                18.888953                80.00000                95.00000                 42.833333                  4.864249                      NaN                      NaN       681341.463415       286520.122309           475000.0           895000.0  179.975610  101.682223      96.00     247.00        33       8         330000.0            420000.0      151.00         0.804878            80.487805
Native Hawaiian or Other Pacific Islander      Female     Hispanic or Latino           1    435000.000000              NaN        435000.0        435000.0                80.000000                      NaN                80.00000                80.00000                 45.000000                       NaN                     45.0                     45.0       545000.000000                 NaN           545000.0           545000.0  100.000000         NaN     100.00     100.00         1       0              0.0                 0.0        0.00         1.000000           100.000000
Native Hawaiian or Other Pacific Islander      Female Not Hispanic or Latino           4    587500.000000    332101.891995        385000.0        792500.0                70.756500                28.781131                67.19425                83.56225                 43.666667                  6.110101                      NaN                      NaN       820000.000000       320468.407179           635000.0           995000.0  188.250000   67.222888     163.75     204.50         3       1         407500.0            360000.0       40.75         0.750000            75.000000
Native Hawaiian or Other Pacific Islander        Male     Hispanic or Latino           1    175000.000000              NaN        175000.0        175000.0                94.681000                      NaN                94.68100                94.68100                 46.000000                       NaN                     46.0                     46.0       185000.000000                 NaN           185000.0           185000.0   55.000000         NaN      55.00      55.00         1       0              0.0                 0.0        0.00         1.000000           100.000000
Native Hawaiian or Other Pacific Islander        Male Not Hispanic or Latino           4    525000.000000    116332.855777        497500.0        597500.0                69.006500                19.531006                56.01700                82.49750                 41.333333                  2.309401                      NaN                      NaN       772500.000000       104043.260233           732500.0           795000.0  139.250000   36.500000     121.75     155.00         4       0         100000.0             62500.0       33.25         1.000000           100.000000
                                    White      Female     Hispanic or Latino         185    422081.081081    185334.946255        295000.0        535000.0                80.722622                18.092204                75.00000                95.00000                 44.700000                  3.916494                      NaN                      NaN       555000.000000       264655.231016           375000.0           685000.0  134.151351   94.880009      75.00     163.00       162      23         240000.0            310000.0       88.00         0.875676            87.567568
                                    White      Female Not Hispanic or Latino         351    468133.903134    255226.245328        285000.0        625000.0                70.482886                20.942470                56.67950                85.00000                 43.799180                  3.922689                      NaN                      NaN       689814.814815       356867.174022           445000.0           855000.0  174.823362  180.702084      94.00     199.50       327      24         340000.0            410000.0      105.50         0.931624            93.162393
                                    White        Male     Hispanic or Latino         271    469059.040590    211848.435123        325000.0        585000.0                83.186421                15.482560                80.00000                95.00000                 44.531707                  3.785320                      NaN                      NaN       583597.785978       260108.717716           415000.0           690000.0  149.664207   97.557665      87.50     174.50       242      29         260000.0            275000.0       87.00         0.892989            89.298893
                                    White        Male Not Hispanic or Latino         434    537304.147465    246743.669541        355000.0        705000.0                74.108638                17.664458                65.00000                85.00000                 43.816901                  3.850785                      NaN                      NaN       765322.580645       387871.418775           495000.0           955000.0  214.723502  218.006668     112.00     239.75       412      22         350000.0            460000.0      127.75         0.949309            94.930876