                             derived_race derived_sex      derived_ethnicity  total_apps  avg_loan_amount  std_loan_amount  Q1_loan_amount  Q3_loan_amount  avg_loan_to_value_ratio  std_loan_to_value_ratio  Q1_loan_to_value_ratio  Q3_loan_to_value_ratio  avg_debt_to_income_ratio  std_debt_to_income_ratio  Q1_debt_to_income_ratio  Q3_debt_to_income_ratio  avg_property_value  std_property_value  Q1_property_value  Q3_property_value  avg_income  std_income  Q1_income  Q3_income  accepted  denied  iqr_loan_amount  iqr_property_value  iqr_income  acceptance_rate  acceptance_rate_pct
                 2 or more minority races      Female     Hispanic or Latino           2    570000.000000     77781.745931        542500.0        597500.0                85.185000                16.708933                79.27750                91.09250                 48.500000                  0.707107                    48.25                    48.75       690000.000000       219203.102168           612500.0           767500.0  132.500000   14.849242     127.25     137.75         2       0          55000.0            155000.0       10.50         1.000000           100.000000
                 2 or more minority races      Female Not Hispanic or Latino           3    508333.333333    234591.844132        415000.0        640000.0                85.424333                10.925025                79.13650                89.00000                 43.666667                  5.507571                    41.00                    46.50       595000.000000       251197.133742           520000.0           740000.0  131.666667   59.542702     113.00     166.00         3       0         225000.0            220000.0       53.00         1.000000           100.000000
                 2 or more minority races        Male     Hispanic or Latino           3    648333.333333     92915.732432        610000.0        700000.0                90.666667                 9.291573                87.50000                96.00000                 49.000000                       NaN                      NaN                      NaN       708333.333333        40414.518843           685000.0           720000.0  172.666667   27.592269     157.00     183.00         2       1          90000.0             35000.0       26.00         0.666667            66.666667
                 2 or more minority races        Male Not Hispanic or Latino           3    438333.333333    217791.949652        350000.0        560000.0                93.756667                 5.617618                92.13500                97.00000                 45.000000                  3.605551                    43.00                    46.50       471666.666667       254230.866209           360000.0           610000.0  116.000000   51.739733      94.00     144.50         2       1         210000.0            250000.0       50.50         0.666667            66.666667
         American Indian or Alaska Native      Female     Hispanic or Latino           3    668333.333333    415250.928155        430000.0        810000.0                91.666667                10.408330                87.50000                97.50000                 44.000000                  6.928203                    42.00                    48.00       735000.000000       427551.166529           495000.0           905000.0  193.000000  117.012820     126.00     234.00         3       0         380000.0            410000.0      108.00         1.000000           100.000000
         American Indian or Alaska Native      Female Not Hispanic or Latino           5    397000.000000    258785.625567        245000.0        555000.0                83.376000                14.969532                80.00000                95.00000                 44.200000                  4.764452                    43.00                    48.00       555000.000000       194550.764583           395000.0           695000.0  195.400000  198.393044      70.00     185.00         5       0         310000.0            300000.0      115.00         1.000000           100.000000
         American Indian or Alaska Native        Male     Hispanic or Latino           6    461666.666667    185328.537108        462500.0        582500.0                66.517000                29.441985                49.95175                90.00000                 44.333333                  2.886751                      NaN                      NaN       703333.333333       207789.958051           545000.0           787500.0  168.166667   63.631491     133.50     212.50         5       1         120000.0            242500.0       79.00         0.833333            83.333333
         American Indian or Alaska Native        Male Not Hispanic or Latino           6    483333.333333    184544.484249        432500.0        592500.0                81.509000                20.566486                65.70200                95.00000                 37.500000                  0.707107                      NaN                      NaN       603333.333333       257170.501160           480000.0           665000.0  156.833333   64.972045     125.25     209.50         5       1         160000.0            185000.0       84.25         0.833333            83.333333
                                    Asian      Female     Hispanic or Latino           2    700000.000000    332340.187158        582500.0        817500.0                78.695500                15.986977                73.04325                84.34775                 41.000000                       NaN                      NaN                      NaN       950000.000000       615182.899632           732500.0          1167500.0  212.000000  152.735065     158.00     266.00         2       0         235000.0            435000.0      108.00         1.000000           100.000000
                                    Asian      Female Not Hispanic or Latino         231    569069.264069    225318.855150        415000.0        695000.0                71.513190                19.021183                60.00000                80.00000                 44.030675                  3.913294                      NaN                      NaN       874004.329004       535746.009726           595000.0          1025000.0  198.883117  196.122476     117.00     224.50       212      19         280000.0            430000.0      107.50         0.917749            91.774892
                                    Asian        Male     Hispanic or Latino          12    490000.000000    241792.548197        357500.0        695000.0                77.945583                14.771773                73.42600                89.92500                 46.285714                  2.984085                      NaN                      NaN       656666.666667       340182.660382           490000.0           832500.0  176.583333   88.595566     110.75     246.00        11       1         337500.0            342500.0      135.25         0.916667            91.666667
                                    Asian        Male Not Hispanic or Latino         385    618662.337662    222033.312675        455000.0        765000.0                74.012077                17.692561                67.99000                85.00000                 43.648936                  4.076774                      NaN                      NaN       902064.935065       410555.338385           635000.0          1085000.0  192.729870   99.151451     130.00     231.00       357      28         310000.0            450000.0      101.00         0.927273            92.727273
                Black or African American      Female     Hispanic or Latino           1    265000.000000              NaN        265000.0        265000.0                97.000000                      NaN                97.00000                97.00000                 44.000000                       NaN                    44.00                    44.00       275000.000000                 NaN           275000.0           275000.0   73.000000         NaN      73.00      73.00         0       1              0.0                 0.0        0.00         0.000000             0.000000
                Black or African American      Female Not Hispanic or Latino          51    424215.686275    196965.409524        285000.0        545000.0                85.122725                16.314329                80.00000                95.00000                 43.588235                  4.271950                      NaN                      NaN       537941.176471       269802.106127           370000.0           665000.0  134.039216   64.354941      86.00     152.00        46       5         260000.0            295000.0       66.00         0.901961            90.196078
                Black or African American        Male     Hispanic or Latino           2    500000.000000     63639.610307        477500.0        522500.0                95.000000                 0.000000                95.00000                95.00000                 38.000000                       NaN                      NaN                      NaN       525000.000000        70710.678119           500000.0           550000.0  162.500000    0.707107     162.25     162.75         2       0          45000.0             50000.0        0.50         1.000000           100.000000
                Black or African American        Male Not Hispanic or Latino          28    493214.285714    185193.663827        372500.0        605000.0                82.490786                16.159146                78.47625                95.00000                 43.727273                  4.409749                      NaN                      NaN       607142.857143       181482.723244           472500.0           737500.0  161.714286   68.396912     111.75     201.00        26       2         232500.0            265000.0       89.25         0.928571            92.857143
Native Hawaiian or Other Pacific Islander      Female Not Hispanic or Latino           2    500000.000000    205060.966544        427500.0        572500.0                97.500000                10.606602                93.75000               101.25000                 37.000000                  1.414214                    36.50                    37.50       565000.000000       212132.034356           490000.0           640000.0  169.000000   84.852814     139.00     199.00         1       1         145000.0            150000.0       60.00         0.500000            50.000000
Native Hawaiian or Other Pacific Islander        Male     Hispanic or Latino           1    305000.000000              NaN        305000.0        305000.0                90.000000                      NaN                90.00000                90.00000                 47.000000                       NaN                    47.00                    47.00       345000.000000                 NaN           345000.0           345000.0  125.000000         NaN     125.00     125.00         1       0              0.0                 0.0        0.00         1.000000           100.000000
Native Hawaiian or Other Pacific Islander        Male Not Hispanic or Latino           1    285000.000000              NaN        285000.0        285000.0                97.000000                      NaN                97.00000                97.00000                 47.000000                       NaN                    47.00                    47.00       295000.000000                 NaN           295000.0           295000.0  102.000000         NaN     102.00     102.00         1       0              0.0                 0.0        0.00         1.000000           100.000000
                                    White      Female     Hispanic or Latino         164    437560.975610    209001.781632        282500.0        565000.0                80.438146                19.634991                74.54050                95.00000                 44.264706                  3.910547                      NaN                      NaN       560121.951220       254313.674739           382500.0           695000.0  129.676829   89.105709      78.00     157.50       144      20         282500.0            312500.0       79.50         0.878049            87.804878
                                    White      Female Not Hispanic or Latino         377    474787.798408    235404.716144        305000.0        615000.0                71.413915                21.086296                58.28400                89.00000                 43.818898                  4.236893                      NaN                      NaN       719403.183024       407862.522195           455000.0           875000.0  158.543767   95.542621      94.00     189.00       350      27         310000.0            420000.0       95.00         0.928382            92.838196
                                    White        Male     Hispanic or Latino         258    471589.147287    185314.943295        345000.0        595000.0                82.736849                15.387341                80.00000                95.00000                 44.318408                  4.050692                      NaN                      NaN       596937.984496       267622.701832           425000.0           735000.0  152.476744  172.720083      96.00     174.50       231      27         250000.0            310000.0       78.50         0.895349            89.534884
                                    White        Male Not Hispanic or Latino         454    567356.828194    261723.689434        365000.0        742500.0                74.618489                17.312421                66.82450                85.00000                 43.421053                  4.239101                      NaN                      NaN       803766.519824       424616.979077           525000.0           995000.0  219.918502  185.728171     123.50     260.00       426      28         377500.0            470000.0      136.50         0.938326            93.832599