                             derived_race derived_sex      derived_ethnicity  total_apps  avg_loan_amount  std_loan_amount  Q1_loan_amount  Q3_loan_amount  avg_loan_to_value_ratio  std_loan_to_value_ratio  Q1_loan_to_value_ratio  Q3_loan_to_value_ratio  avg_debt_to_income_ratio  std_debt_to_income_ratio  Q1_debt_to_income_ratio  Q3_debt_to_income_ratio  avg_property_value  std_property_value  Q1_property_value  Q3_property_value  avg_income  std_income  Q1_income  Q3_income  accepted  denied  iqr_loan_amount  iqr_property_value  iqr_income  acceptance_rate  acceptance_rate_pct
                 2 or more minority races      Female     Hispanic or Latino           3    555000.000000    445757.781760        340000.0        785000.0                78.853333                18.746321                69.78000                88.50000                 40.000000                  1.732051                    39.50                    41.00       665000.000000       532541.078228           385000.0           915000.0  167.000000   99.015150     126.00     222.00         3       0         445000.0            530000.0       96.00         1.000000           100.000000
                 2 or more minority races      Female Not Hispanic or Latino           3    571666.666667    402036.482590        340000.0        700000.0                88.996667                 8.543420                84.99500                93.49500                 43.666667                  4.725816                    41.00                    45.50       745000.000000       365102.725271           540000.0           890000.0  142.666667   85.007843      94.00     172.50         3       0         360000.0            350000.0       78.50         1.000000           100.000000
                 2 or more minority races        Male Not Hispanic or Latino           3    451666.666667    249866.631092        315000.0        560000.0                76.922333                28.925890                66.88350                93.50000                 40.000000                  0.000000                      NaN                      NaN       585000.000000       199749.843554           475000.0           670000.0  121.333333   43.096790      97.00     138.00         3       0         245000.0            195000.0       41.00         1.000000           100.000000
         American Indian or Alaska Native      Female     Hispanic or Latino           5    383000.000000    179916.647368        275000.0        465000.0                83.673800                21.844001                80.00000                96.31000                 49.000000                       NaN                      NaN                      NaN       447000.000000       134610.549364           345000.0           485000.0  120.000000   21.248529     110.00     111.00         5       0         190000.0            140000.0        1.00         1.000000           100.000000
         American Indian or Alaska Native      Female Not Hispanic or Latino           3    431666.666667    226789.182576        345000.0        560000.0                99.046000                 4.761189                96.42900               101.08300                 44.000000                       NaN                      NaN                      NaN       428333.333333       227449.628123           335000.0           555000.0  135.333333   35.133080     120.00     154.50         2       1         215000.0            220000.0       34.50         0.666667            66.666667
         American Indian or Alaska Native        Male     Hispanic or Latino          12    460000.000000    181834.090213        362500.0        590000.0                81.624167                16.412338                78.66750                95.00000                 46.166667                  2.714160                      NaN                      NaN       579166.666667       197044.449685           472500.0           727500.0  186.416667  136.420778     107.00     204.25         9       3         227500.0            255000.0       97.25         0.750000            75.000000
         American Indian or Alaska Native        Male Not Hispanic or Latino           2    455000.000000    240416.305603        370000.0        540000.0                77.470000                 3.577960                76.20500                78.73500                 40.500000                  0.707107                    40.25                    40.75       595000.000000       339411.254970           475000.0           715000.0  124.500000   68.589358     100.25     148.75         1       1         170000.0            240000.0       48.50         0.500000            50.000000
                                    Asian      Female     Hispanic or Latino           4    625000.000000    272151.918359        437500.0        817500.0                71.995750                23.574913                62.85075                84.25000                 44.500000                  3.535534                      NaN                      NaN       897500.000000       329987.373496           727500.0          1150000.0  196.750000  129.631208     110.50     245.25         3       1         380000.0            422500.0      134.75         0.750000            75.000000
                                    Asian      Female Not Hispanic or Latino         228    555745.614035    220509.754303        395000.0        695000.0                73.093195                17.579419                62.46950                87.00000                 43.925466                  3.986779                      NaN                      NaN       802500.000000       344230.451187           565000.0           970000.0  174.368421   99.436098     111.75     213.75       212      16         300000.0            405000.0      102.00         0.929825            92.982456
                                    Asian        Male     Hispanic or Latino          11    542272.727273    163590.397584        485000.0        610000.0                82.198273                10.929250                80.00000                90.00000                 44.000000                  4.546061                      NaN                      NaN       665000.000000       202385.770251           515000.0           775000.0  151.090909   62.242196     113.00     171.50        11       0         125000.0            260000.0       58.50         1.000000           100.000000
                                    Asian        Male Not Hispanic or Latino         370    642162.162162    239194.222487        467500.0        775000.0                73.149698                17.538381                64.08725                84.45825                 43.521898                  4.067367                      NaN                      NaN       932081.081081       414122.795660           675000.0          1115000.0  213.567568  150.435004     140.00     249.50       344      26         307500.0            440000.0      109.50         0.929730            92.972973
                Black or African American      Female     Hispanic or Latino           5    503000.000000    240145.789053        265000.0        735000.0                77.019200                22.255893                62.40600                95.00000                 41.666667                  2.081666                      NaN                      NaN       665000.000000       243104.915623           585000.0           795000.0  180.400000  102.003921      87.00     211.00         4       1         470000.0            210000.0      124.00         0.800000            80.000000
                Black or African American      Female Not Hispanic or Latino          45    463888.888889    215630.388968        295000.0        595000.0                83.279689                17.364371                80.00000                95.00000                 44.916667                  3.966827                      NaN                      NaN       580333.333333       263504.355665           375000.0           725000.0  134.555556   73.805197      88.00     152.00        40       5         300000.0            350000.0       64.00         0.888889            88.888889
                Black or African American        Male     Hispanic or Latino           3    445000.000000     60827.625303        425000.0        480000.0                88.333333                 7.637626                85.00000                92.50000                 46.000000                  2.645751                    44.50                    47.00       505000.000000        90000.000000           460000.0           550000.0  180.666667   70.670597     144.00     214.50         3       0          55000.0             90000.0       70.50         1.000000           100.000000
                Black or African American        Male Not Hispanic or Latino          37    518513.513514    227696.389180        355000.0        655000.0                81.203378                20.116880                80.00000                95.00000                 44.814815                  4.252032                      NaN                      NaN       656891.891892       280018.231925           515000.0           775000.0  171.216216  100.699259     105.00     233.00        32       5         300000.0            260000.0      128.00         0.864865            86.486486
Native Hawaiian or Other Pacific Islander      Female Not Hispanic or Latino           1    445000.000000              NaN        445000.0        445000.0                77.089000                      NaN                77.08900                77.08900                 49.000000                       NaN                    49.00                    49.00       575000.000000                 NaN           575000.0           575000.0  105.000000         NaN     105.00     105.00         1       0              0.0                 0.0        0.00         1.000000           100.000000
Native Hawaiian or Other Pacific Islander        Male Not Hispanic or Latino           5    511000.000000    138130.373199        445000.0        545000.0                84.741600                15.762053                80.00000                95.00000                 43.000000                  1.000000                      NaN                      NaN       627000.000000       220159.033428           475000.0           765000.0  141.800000   47.457349     129.00     156.00         4       1         100000.0            290000.0       27.00         0.800000            80.000000
                                    White      Female     Hispanic or Latino         165    445848.484848    204421.867896        295000.0        585000.0                80.415261                18.386636                75.00000                95.00000                 44.626866                  3.696517                      NaN                      NaN       579363.636364       263596.816363           405000.0           705000.0  131.860606   80.049824      81.00     161.00       151      14         290000.0            300000.0       80.00         0.915152            91.515152
                                    White      Female Not Hispanic or Latino         369    476653.116531    252606.475607        275000.0        635000.0                70.814778                20.595651                58.00000                85.00000                 43.840909                  4.031868                      NaN                      NaN       714945.799458       384323.229691           435000.0           885000.0  171.674797  176.388151      89.00     210.00       355      14         360000.0            450000.0      121.00         0.962060            96.205962
                                    White        Male     Hispanic or Latino         292    489760.273973    225338.868294        335000.0        647500.0                81.739195                16.294354                77.08250                95.00000                 44.368932                  3.794708                      NaN                      NaN       628732.876712       304642.380417           405000.0           775000.0  169.452055  120.273233      95.00     201.25       263      29         312500.0            370000.0      106.25         0.900685            90.068493
                                    White        Male Not Hispanic or Latino         434    563479.262673    256650.103352        365000.0        735000.0                74.871869                17.900487                68.61600                87.65950                 43.667857                  3.886430                      NaN                      NaN       798870.967742       418873.163334           525000.0           992500.0  233.205069  498.087197     120.00     249.50       410      24         370000.0            467500.0      129.50         0.944700            94.470046