                             derived_race derived_sex      derived_ethnicity  total_apps  avg_loan_amount  std_loan_amount  Q1_loan_amount  Q3_loan_amount  avg_loan_to_value_ratio  std_loan_to_value_ratio  Q1_loan_to_value_ratio  Q3_loan_to_value_ratio  avg_debt_to_income_ratio  std_debt_to_income_ratio  Q1_debt_to_income_ratio  Q3_debt_to_income_ratio  avg_property_value  std_property_value  Q1_property_value  Q3_property_value  avg_income  std_income  Q1_income  Q3_income  accepted  denied  iqr_loan_amount  iqr_property_value  iqr_income  acceptance_rate  acceptance_rate_pct
                 2 or more minority races      Female     Hispanic or Latino           2    320000.000000    205060.966544        247500.0        392500.0                97.163500                 2.168696                96.39675                97.93025                 44.000000                       NaN                      NaN                      NaN        4.100000e+05        91923.881554           377500.0           442500.0   32.000000   45.254834      16.00      48.00         1       1         145000.0             65000.0       32.00         0.500000            50.000000
                 2 or more minority races      Female Not Hispanic or Latino           4    485000.000000    437721.372565        250000.0        590000.0                77.500000                16.583124                73.75000                83.75000                 43.000000                  8.485281                      NaN                      NaN        5.675000e+05       424372.085164           332500.0           680000.0  175.500000  114.270148      94.50     271.50         4       0         340000.0            347500.0      177.00         1.000000           100.000000
                 2 or more minority races        Male     Hispanic or Latino           3    601666.666667    253245.598843        465000.0        715000.0                87.695000                11.035809                84.04250                94.04250                 42.333333                  6.027714                     39.5                     45.5        6.783333e+05       234378.611083           545000.0           765000.0  188.333333   75.407780     145.50     216.50         3       0         250000.0            220000.0       71.00         1.000000           100.000000
                 2 or more minority races        Male Not Hispanic or Latino           4    405000.000000    130384.048104        367500.0        467500.0                76.588750                24.600626                68.80925                92.75000                 41.666667                  0.577350                      NaN                      NaN        6.025000e+05       315105.802337           420000.0           762500.0  232.750000  170.206492     115.00     322.75         4       0         100000.0            342500.0      207.75         1.000000           100.000000
         American Indian or Alaska Native      Female     Hispanic or Latino           6    331666.666667    147873.820085        252500.0        320000.0                67.313333                26.254391                60.50000                80.00000                 39.000000                       NaN                      NaN                      NaN        5.816667e+05       327515.902922           377500.0           705000.0  144.333333   34.552376     116.00     171.50         6       0          67500.0            327500.0       55.50         1.000000           100.000000
         American Indian or Alaska Native      Female Not Hispanic or Latino           3    648333.333333     30550.504633        635000.0        665000.0                93.364333                 3.512299                91.54650                95.05150                 41.000000                  5.567764                     38.0                     43.5        6.983333e+05        23094.010768           685000.0           705000.0  198.333333   33.291641     187.50     217.50         3       0          30000.0             20000.0       30.00         1.000000           100.000000
         American Indian or Alaska Native        Male     Hispanic or Latino           6    288333.333333    133815.793786        215000.0        342500.0                83.139500                13.202826                80.00000                91.55925                 43.500000                  4.949747                      NaN                      NaN        3.633333e+05       192812.516883           237500.0           520000.0   90.833333   21.637159      78.50      98.00         4       2         127500.0            282500.0       19.50         0.666667            66.666667
         American Indian or Alaska Native        Male Not Hispanic or Latino           2    405000.000000    424264.068712        255000.0        555000.0                90.000000                14.142136                85.00000                95.00000                 48.000000                  1.414214                     47.5                     48.5        4.950000e+05       537401.153702           305000.0           685000.0   91.500000   82.731493      62.25     120.75         2       0         300000.0            380000.0       58.50         1.000000           100.000000
                                    Asian      Female     Hispanic or Latino           6    531666.666667    280547.084581        402500.0        710000.0                80.468333                14.703227                70.54325                92.75000                 44.000000                  4.242641                      NaN                      NaN        6.933333e+05       399270.167514           552500.0           772500.0  140.166667  109.569004      91.25     183.50         5       1         307500.0            220000.0       92.25         0.833333            83.333333
                                    Asian      Female Not Hispanic or Latino         235    559212.765957    230064.366334        405000.0        705000.0                71.177060                19.127233                60.00000                81.50000                 43.771084                  3.944541                      NaN                      NaN        8.359787e+05       425834.900863           595000.0           955000.0  187.187234  114.071311     119.50     222.50       216      19         300000.0            360000.0      103.00         0.919149            91.914894
                                    Asian        Male     Hispanic or Latino           9    567222.222222    218676.574979        405000.0        695000.0                87.814778                 6.587224                80.00000                93.33300                 43.125000                  2.850439                      NaN                      NaN        6.516667e+05       263343.881645           445000.0           735000.0  252.777778  347.742641     105.00     152.00         9       0         290000.0            290000.0       47.00         1.000000           100.000000
                                    Asian        Male Not Hispanic or Latino         370    630216.216216    243862.509036        445000.0        765000.0                74.031624                17.226578                65.00000                85.00000                 43.314176                  3.845196                      NaN                      NaN        9.128649e+05       440314.660963           625000.0          1105000.0  208.610811  153.560224     130.00     247.00       338      32         320000.0            480000.0      117.00         0.913514            91.351351
                Black or African American      Female     Hispanic or Latino           6    558333.333333    147196.014439        497500.0        655000.0                81.799333                11.976271                77.29250                88.75000                 46.250000                  3.774917                      NaN                      NaN        6.883333e+05       171542.025949           577500.0           810000.0  218.666667   62.895681     177.00     246.75         6       0         157500.0            232500.0       69.75         1.000000           100.000000
                Black or African American      Female Not Hispanic or Latino          43    536860.465116    215961.370156        400000.0        640000.0                87.229651                11.639824                80.00000                95.00000                 43.542857                  3.704868                      NaN                      NaN        6.384884e+05       220258.330159           495000.0           750000.0  171.209302   91.506585     110.00     201.50        39       4         240000.0            255000.0       91.50         0.906977            90.697674
                Black or African American        Male     Hispanic or Latino           6    610000.000000    127397.017234        542500.0        720000.0                82.696667                12.750530                78.07500                91.25000                 45.600000                  3.130495                      NaN                      NaN        7.766667e+05       175204.642252           652500.0           912500.0  154.333333   35.319494     130.00     176.25         4       2         177500.0            260000.0       46.25         0.666667            66.666667
                Black or African American        Male Not Hispanic or Latino          28    501428.571429    259589.623226        292500.0        645000.0                78.241536                22.659777                73.24200                95.00000                 44.916667                  4.127497                      NaN                      NaN        6.610714e+05       288397.093602           495000.0           767500.0  150.035714   79.476287      96.25     189.25        25       3         352500.0            272500.0       93.00         0.892857            89.285714
Native Hawaiian or Other Pacific Islander      Female     Hispanic or Latino           1    445000.000000              NaN        445000.0        445000.0                80.000000                      NaN                80.00000                80.00000                 40.000000                       NaN                     40.0                     40.0        5.550000e+05                 NaN           555000.0           555000.0   98.000000         NaN      98.00      98.00         1       0              0.0                 0.0        0.00         1.000000           100.000000
Native Hawaiian or Other Pacific Islander      Female Not Hispanic or Latino           5    367000.000000    151228.304229        255000.0        475000.0                76.950000                21.613364                60.00000                95.00000                 42.000000                  5.291503                      NaN                      NaN        5.410000e+05       351894.870665           385000.0           505000.0  159.200000  121.302102      88.00     171.00         5       0         220000.0            120000.0       83.00         1.000000           100.000000
Native Hawaiian or Other Pacific Islander        Male     Hispanic or Latino           1    855000.000000              NaN        855000.0        855000.0                79.480000                      NaN                79.48000                79.48000                       NaN                       NaN                      NaN                      NaN        1.075000e+06                 NaN          1075000.0          1075000.0  367.000000         NaN     367.00     367.00         1       0              0.0                 0.0        0.00         1.000000           100.000000
Native Hawaiian or Other Pacific Islander        Male Not Hispanic or Latino           2    570000.000000    205060.966544        497500.0        642500.0                95.875000                 8.308505                92.93750                98.81250                 49.000000                       NaN                      NaN                      NaN        5.800000e+05       162634.559673           522500.0           637500.0  110.500000   55.861436      90.75     130.25         1       1         145000.0            115000.0       39.50         0.500000            50.000000
                                    White      Female     Hispanic or Latino         167    419790.419162    205481.621502        285000.0        520000.0                79.333263                19.991256                75.00000                95.00000                 44.616000                  4.065560                      NaN                      NaN        5.496108e+05       276226.178721           370000.0           655000.0  133.844311  106.220048      78.00     148.00       148      19         235000.0            285000.0       70.00         0.886228            88.622754
                                    White      Female Not Hispanic or Latino         365    472945.205479    231726.433206        315000.0        605000.0                71.747030                20.754297                58.68200                88.75000                 43.288462                  4.180006                      NaN                      NaN        6.944247e+05       327277.225540           455000.0           875000.0  164.695890  116.205380      97.00     198.00       339      26         290000.0            420000.0      101.00         0.928767            92.876712
                                    White        Male     Hispanic or Latino         259    460791.505792    202522.012789        315000.0        590000.0                82.031699                14.711141                79.00050                95.00000                 44.000000                  3.905869                      NaN                      NaN        5.866216e+05       282418.396795           395000.0           715000.0  161.181467  147.160890      95.00     184.50       230      29         275000.0            320000.0       89.50         0.888031            88.803089
                                    White        Male Not Hispanic or Latino         467    563715.203426    256916.467120        365000.0        755000.0                74.613240                17.690839                68.43100                85.00000                 43.425466                  3.994822                      NaN                      NaN        8.131799e+05       510343.553583           505000.0           985000.0  217.910064  285.430487     119.00     242.00       447      20         390000.0            480000.0      123.00         0.957173            95.717345